1976,3396,4634,5203,2712,2286,4674,2342,2734,3683,3025,3236,3089,2489,2218,4218,2721,2924,2689,3436,2319,2999,2679,5463,8690,5128,2633,2208,2991,3136,2287,2240,2630,4454,4811,3483,2595,2669,4392,3366,2575,3215,3570,5770,6546,7659,9576,3433,6452,7653,2941,3250,6521,4008,4026,2223,2634,6365,4901,3823,5678,4164,2035
3396,1420,4078,4647,2156,1730,4118,1786,2178,3127,2469,2680,2533,1933,1662,3662,2165,2368,2133,2880,1763,2443,2123,4907,8134,4572,2077,1652,2435,2580,1731,1684,2074,3898,4255,2927,2039,2113,3836,2810,2019,2659,3014,5214,5990,7103,9020,2877,5896,7097,2385,2694,5965,3452,3470,1667,2078,5809,4345,3267,5122,3608,1479
4634,4078,2658,5885,3394,2968,5356,3024,3416,4365,3707,3918,3771,3171,2900,4900,3403,3606,3371,4118,3001,3681,3361,6145,9372,5810,3315,2890,3673,3818,2969,2922,3312,5136,5493,4165,3277,3351,5074,4048,3257,3897,4252,6452,7228,8341,10258,4115,7134,8335,3623,3932,7203,4690,4708,2905,3316,7047,5583,4505,6360,4846,2717
5203,4647,5885,3227,3963,3537,5925,3593,3985,4934,4276,4487,4340,3740,3469,5469,3972,4175,3940,4687,3570,4250,3930,6714,9941,6379,3884,3459,4242,4387,3538,3491,3881,5705,6062,4734,3846,3920,5643,4617,3826,4466,4821,7021,7797,8910,10827,4684,7703,8904,4192,4501,7772,5259,5277,3474,3885,7616,6152,5074,6929,5415,3286
2712,2156,3394,3963,736,1046,3434,1102,1494,2443,1785,1996,1849,1249,978,2978,1481,1684,1449,2196,1079,1759,1439,4223,7450,3888,1393,968,1751,1896,1047,1000,1390,3214,3571,2243,1355,1429,3152,2126,1335,1975,2330,4530,5306,6419,8336,2193,5212,6413,1701,2010,5281,2768,2786,983,1394,5125,3661,2583,4438,2924,795
2286,1730,2968,3537,1046,310,3008,676,1068,2017,1359,1570,1423,823,552,2552,1055,1258,1023,1770,653,1333,1013,3797,7024,3462,967,542,1325,1470,621,574,964,2788,3145,1817,929,1003,2726,1700,909,1549,1904,4104,4880,5993,7910,1767,4786,5987,1275,1584,4855,2342,2360,557,968,4699,3235,2157,4012,2498,369
4674,4118,5356,5925,3434,3008,2698,3064,3456,4405,3747,3958,3811,3211,2940,4940,3443,3646,3411,4158,3041,3721,3401,6185,9412,5850,3355,2930,3713,3858,3009,2962,3352,5176,5533,4205,3317,3391,5114,4088,3297,3937,4292,6492,7268,8381,10298,4155,7174,8375,3663,3972,7243,4730,4748,2945,3356,7087,5623,4545,6400,4886,2757
2342,1786,3024,3593,1102,676,3064,366,1124,2073,1415,1626,1479,879,608,2608,1111,1314,1079,1826,709,1389,1069,3853,7080,3518,1023,598,1381,1526,677,630,1020,2844,3201,1873,985,1059,2782,1756,965,1605,1960,4160,4936,6049,7966,1823,4842,6043,1331,1640,4911,2398,2416,613,1024,4755,3291,2213,4068,2554,425
2734,2178,3416,3985,1494,1068,3456,1124,758,2465,1807,2018,1871,1271,1000,3000,1503,1706,1471,2218,1101,1781,1461,4245,7472,3910,1415,990,1773,1918,1069,1022,1412,3236,3593,2265,1377,1451,3174,2148,1357,1997,2352,4552,5328,6441,8358,2215,5234,6435,1723,2032,5303,2790,2808,1005,1416,5147,3683,2605,4460,2946,817
3683,3127,4365,4934,2443,2017,4405,2073,2465,1707,2756,2967,2820,2220,1949,3949,2452,2655,2420,3167,2050,2730,2410,5194,8421,4859,2364,1939,2722,2867,2018,1971,2361,4185,4542,3214,2326,2400,4123,3097,2306,2946,3301,5501,6277,7390,9307,3164,6183,7384,2672,2981,6252,3739,3757,1954,2365,6096,4632,3554,5409,3895,1766
3025,2469,3707,4276,1785,1359,3747,1415,1807,2756,1049,2309,2162,1562,1291,3291,1794,1997,1762,2509,1392,2072,1752,4536,7763,4201,1706,1281,2064,2209,1360,1313,1703,3527,3884,2556,1668,1742,3465,2439,1648,2288,2643,4843,5619,6732,8649,2506,5525,6726,2014,2323,5594,3081,3099,1296,1707,5438,3974,2896,4751,3237,1108
3236,2680,3918,4487,1996,1570,3958,1626,2018,2967,2309,1260,2373,1773,1502,3502,2005,2208,1973,2720,1603,2283,1963,4747,7974,4412,1917,1492,2275,2420,1571,1524,1914,3738,4095,2767,1879,1953,3676,2650,1859,2499,2854,5054,5830,6943,8860,2717,5736,6937,2225,2534,5805,3292,3310,1507,1918,5649,4185,3107,4962,3448,1319
3089,2533,3771,4340,1849,1423,3811,1479,1871,2820,2162,2373,1113,1626,1355,3355,1858,2061,1826,2573,1456,2136,1816,4600,7827,4265,1770,1345,2128,2273,1424,1377,1767,3591,3948,2620,1732,1806,3529,2503,1712,2352,2707,4907,5683,6796,8713,2570,5589,6790,2078,2387,5658,3145,3163,1360,1771,5502,4038,2960,4815,3301,1172
2489,1933,3171,3740,1249,823,3211,879,1271,2220,1562,1773,1626,513,755,2755,1258,1461,1226,1973,856,1536,1216,4000,7227,3665,1170,745,1528,1673,824,777,1167,2991,3348,2020,1132,1206,2929,1903,1112,1752,2107,4307,5083,6196,8113,1970,4989,6190,1478,1787,5058,2545,2563,760,1171,4902,3438,2360,4215,2701,572
2218,1662,2900,3469,978,552,2940,608,1000,1949,1291,1502,1355,755,242,2484,987,1190,955,1702,585,1265,945,3729,6956,3394,899,474,1257,1402,553,506,896,2720,3077,1749,861,935,2658,1632,841,1481,1836,4036,4812,5925,7842,1699,4718,5919,1207,1516,4787,2274,2292,489,900,4631,3167,2089,3944,2430,301
4218,3662,4900,5469,2978,2552,4940,2608,3000,3949,3291,3502,3355,2755,2484,2242,2987,3190,2955,3702,2585,3265,2945,5729,8956,5394,2899,2474,3257,3402,2553,2506,2896,4720,5077,3749,2861,2935,4658,3632,2841,3481,3836,6036,6812,7925,9842,3699,6718,7919,3207,3516,6787,4274,4292,2489,2900,6631,5167,4089,5944,4430,2301
2721,2165,3403,3972,1481,1055,3443,1111,1503,2452,1794,2005,1858,1258,987,2987,745,1693,1458,2205,1088,1768,1448,4232,7459,3897,1402,977,1760,1905,1056,1009,1399,3223,3580,2252,1364,1438,3161,2135,1344,1984,2339,4539,5315,6428,8345,2202,5221,6422,1710,2019,5290,2777,2795,992,1403,5134,3670,2592,4447,2933,804
2924,2368,3606,4175,1684,1258,3646,1314,1706,2655,1997,2208,2061,1461,1190,3190,1693,948,1661,2408,1291,1971,1651,4435,7662,4100,1605,1180,1963,2108,1259,1212,1602,3426,3783,2455,1567,1641,3364,2338,1547,2187,2542,4742,5518,6631,8548,2405,5424,6625,1913,2222,5493,2980,2998,1195,1606,5337,3873,2795,4650,3136,1007
2689,2133,3371,3940,1449,1023,3411,1079,1471,2420,1762,1973,1826,1226,955,2955,1458,1661,713,2173,1056,1736,1416,4200,7427,3865,1370,945,1728,1873,1024,977,1367,3191,3548,2220,1332,1406,3129,2103,1312,1952,2307,4507,5283,6396,8313,2170,5189,6390,1678,1987,5258,2745,2763,960,1371,5102,3638,2560,4415,2901,772
3436,2880,4118,4687,2196,1770,4158,1826,2218,3167,2509,2720,2573,1973,1702,3702,2205,2408,2173,1460,1803,2483,2163,4947,8174,4612,2117,1692,2475,2620,1771,1724,2114,3938,4295,2967,2079,2153,3876,2850,2059,2699,3054,5254,6030,7143,9060,2917,5936,7137,2425,2734,6005,3492,3510,1707,2118,5849,4385,3307,5162,3648,1519
2319,1763,3001,3570,1079,653,3041,709,1101,2050,1392,1603,1456,856,585,2585,1088,1291,1056,1803,343,1366,1046,3830,7057,3495,1000,575,1358,1503,654,607,997,2821,3178,1850,962,1036,2759,1733,942,1582,1937,4137,4913,6026,7943,1800,4819,6020,1308,1617,4888,2375,2393,590,1001,4732,3268,2190,4045,2531,402
2999,2443,3681,4250,1759,1333,3721,1389,1781,2730,2072,2283,2136,1536,1265,3265,1768,1971,1736,2483,1366,1023,1726,4510,7737,4175,1680,1255,2038,2183,1334,1287,1677,3501,3858,2530,1642,1716,3439,2413,1622,2262,2617,4817,5593,6706,8623,2480,5499,6700,1988,2297,5568,3055,3073,1270,1681,5412,3948,2870,4725,3211,1082
2679,2123,3361,3930,1439,1013,3401,1069,1461,2410,1752,1963,1816,1216,945,2945,1448,1651,1416,2163,1046,1726,703,4190,7417,3855,1360,935,1718,1863,1014,967,1357,3181,3538,2210,1322,1396,3119,2093,1302,1942,2297,4497,5273,6386,8303,2160,5179,6380,1668,1977,5248,2735,2753,950,1361,5092,3628,2550,4405,2891,762
5463,4907,6145,6714,4223,3797,6185,3853,4245,5194,4536,4747,4600,4000,3729,5729,4232,4435,4200,4947,3830,4510,4190,3487,10201,6639,4144,3719,4502,4647,3798,3751,4141,5965,6322,4994,4106,4180,5903,4877,4086,4726,5081,7281,8057,9170,11087,4944,7963,9164,4452,4761,8032,5519,5537,3734,4145,7876,6412,5334,7189,5675,3546
8690,8134,9372,9941,7450,7024,9412,7080,7472,8421,7763,7974,7827,7227,6956,8956,7459,7662,7427,8174,7057,7737,7417,10201,6714,9866,7371,6946,7729,7874,7025,6978,7368,9192,9549,8221,7333,7407,9130,8104,7313,7953,8308,10508,11284,12397,14314,8171,11190,12391,7679,7988,11259,8746,8764,6961,7372,11103,9639,8561,10416,8902,6773
5128,4572,5810,6379,3888,3462,5850,3518,3910,4859,4201,4412,4265,3665,3394,5394,3897,4100,3865,4612,3495,4175,3855,6639,9866,3152,3809,3384,4167,4312,3463,3416,3806,5630,5987,4659,3771,3845,5568,4542,3751,4391,4746,6946,7722,8835,10752,4609,7628,8829,4117,4426,7697,5184,5202,3399,3810,7541,6077,4999,6854,5340,3211
2633,2077,3315,3884,1393,967,3355,1023,1415,2364,1706,1917,1770,1170,899,2899,1402,1605,1370,2117,1000,1680,1360,4144,7371,3809,657,889,1672,1817,968,921,1311,3135,3492,2164,1276,1350,3073,2047,1256,1896,2251,4451,5227,6340,8257,2114,5133,6334,1622,1931,5202,2689,2707,904,1315,5046,3582,2504,4359,2845,716
2208,1652,2890,3459,968,542,2930,598,990,1939,1281,1492,1345,745,474,2474,977,1180,945,1692,575,1255,935,3719,6946,3384,889,232,1247,1392,543,496,886,2710,3067,1739,851,925,2648,1622,831,1471,1826,4026,4802,5915,7832,1689,4708,5909,1197,1506,4777,2264,2282,479,890,4621,3157,2079,3934,2420,291
2991,2435,3673,4242,1751,1325,3713,1381,1773,2722,2064,2275,2128,1528,1257,3257,1760,1963,1728,2475,1358,2038,1718,4502,7729,4167,1672,1247,1015,2175,1326,1279,1669,3493,3850,2522,1634,1708,3431,2405,1614,2254,2609,4809,5585,6698,8615,2472,5491,6692,1980,2289,5560,3047,3065,1262,1673,5404,3940,2862,4717,3203,1074
3136,2580,3818,4387,1896,1470,3858,1526,1918,2867,2209,2420,2273,1673,1402,3402,1905,2108,1873,2620,1503,2183,1863,4647,7874,4312,1817,1392,2175,1160,1471,1424,1814,3638,3995,2667,1779,1853,3576,2550,1759,2399,2754,4954,5730,6843,8760,2617,5636,6837,2125,2434,5705,3192,3210,1407,1818,5549,4085,3007,4862,3348,1219
2287,1731,2969,3538,1047,621,3009,677,1069,2018,1360,1571,1424,824,553,2553,1056,1259,1024,1771,654,1334,1014,3798,7025,3463,968,543,1326,1471,311,575,965,2789,3146,1818,930,1004,2727,1701,910,1550,1905,4105,4881,5994,7911,1768,4787,5988,1276,1585,4856,2343,2361,558,969,4700,3236,2158,4013,2499,370
2240,1684,2922,3491,1000,574,2962,630,1022,1971,1313,1524,1377,777,506,2506,1009,1212,977,1724,607,1287,967,3751,6978,3416,921,496,1279,1424,575,264,918,2742,3099,1771,883,957,2680,1654,863,1503,1858,4058,4834,5947,7864,1721,4740,5941,1229,1538,4809,2296,2314,511,922,4653,3189,2111,3966,2452,323
2630,2074,3312,3881,1390,964,3352,1020,1412,2361,1703,1914,1767,1167,896,2896,1399,1602,1367,2114,997,1677,1357,4141,7368,3806,1311,886,1669,1814,965,918,654,3132,3489,2161,1273,1347,3070,2044,1253,1893,2248,4448,5224,6337,8254,2111,5130,6331,1619,1928,5199,2686,2704,901,1312,5043,3579,2501,4356,2842,713
4454,3898,5136,5705,3214,2788,5176,2844,3236,4185,3527,3738,3591,2991,2720,4720,3223,3426,3191,3938,2821,3501,3181,5965,9192,5630,3135,2710,3493,3638,2789,2742,3132,2478,5313,3985,3097,3171,4894,3868,3077,3717,4072,6272,7048,8161,10078,3935,6954,8155,3443,3752,7023,4510,4528,2725,3136,6867,5403,4325,6180,4666,2537
4811,4255,5493,6062,3571,3145,5533,3201,3593,4542,3884,4095,3948,3348,3077,5077,3580,3783,3548,4295,3178,3858,3538,6322,9549,5987,3492,3067,3850,3995,3146,3099,3489,5313,2835,4342,3454,3528,5251,4225,3434,4074,4429,6629,7405,8518,10435,4292,7311,8512,3800,4109,7380,4867,4885,3082,3493,7224,5760,4682,6537,5023,2894
3483,2927,4165,4734,2243,1817,4205,1873,2265,3214,2556,2767,2620,2020,1749,3749,2252,2455,2220,2967,1850,2530,2210,4994,8221,4659,2164,1739,2522,2667,1818,1771,2161,3985,4342,1507,2126,2200,3923,2897,2106,2746,3101,5301,6077,7190,9107,2964,5983,7184,2472,2781,6052,3539,3557,1754,2165,5896,4432,3354,5209,3695,1566
2595,2039,3277,3846,1355,929,3317,985,1377,2326,1668,1879,1732,1132,861,2861,1364,1567,1332,2079,962,1642,1322,4106,7333,3771,1276,851,1634,1779,930,883,1273,3097,3454,2126,619,1312,3035,2009,1218,1858,2213,4413,5189,6302,8219,2076,5095,6296,1584,1893,5164,2651,2669,866,1277,5008,3544,2466,4321,2807,678
2669,2113,3351,3920,1429,1003,3391,1059,1451,2400,1742,1953,1806,1206,935,2935,1438,1641,1406,2153,1036,1716,1396,4180,7407,3845,1350,925,1708,1853,1004,957,1347,3171,3528,2200,1312,693,3109,2083,1292,1932,2287,4487,5263,6376,8293,2150,5169,6370,1658,1967,5238,2725,2743,940,1351,5082,3618,2540,4395,2881,752
4392,3836,5074,5643,3152,2726,5114,2782,3174,4123,3465,3676,3529,2929,2658,4658,3161,3364,3129,3876,2759,3439,3119,5903,9130,5568,3073,2648,3431,3576,2727,2680,3070,4894,5251,3923,3035,3109,2416,3806,3015,3655,4010,6210,6986,8099,10016,3873,6892,8093,3381,3690,6961,4448,4466,2663,3074,6805,5341,4263,6118,4604,2475
3366,2810,4048,4617,2126,1700,4088,1756,2148,3097,2439,2650,2503,1903,1632,3632,2135,2338,2103,2850,1733,2413,2093,4877,8104,4542,2047,1622,2405,2550,1701,1654,2044,3868,4225,2897,2009,2083,3806,1390,1989,2629,2984,5184,5960,7073,8990,2847,5866,7067,2355,2664,5935,3422,3440,1637,2048,5779,4315,3237,5092,3578,1449
2575,2019,3257,3826,1335,909,3297,965,1357,2306,1648,1859,1712,1112,841,2841,1344,1547,1312,2059,942,1622,1302,4086,7313,3751,1256,831,1614,1759,910,863,1253,3077,3434,2106,1218,1292,3015,1989,599,1838,2193,4393,5169,6282,8199,2056,5075,6276,1564,1873,5144,2631,2649,846,1257,4988,3524,2446,4301,2787,658
3215,2659,3897,4466,1975,1549,3937,1605,1997,2946,2288,2499,2352,1752,1481,3481,1984,2187,1952,2699,1582,2262,1942,4726,7953,4391,1896,1471,2254,2399,1550,1503,1893,3717,4074,2746,1858,1932,3655,2629,1838,1239,2833,5033,5809,6922,8839,2696,5715,6916,2204,2513,5784,3271,3289,1486,1897,5628,4164,3086,4941,3427,1298
3570,3014,4252,4821,2330,1904,4292,1960,2352,3301,2643,2854,2707,2107,1836,3836,2339,2542,2307,3054,1937,2617,2297,5081,8308,4746,2251,1826,2609,2754,1905,1858,2248,4072,4429,3101,2213,2287,4010,2984,2193,2833,1594,5388,6164,7277,9194,3051,6070,7271,2559,2868,6139,3626,3644,1841,2252,5983,4519,3441,5296,3782,1653
5770,5214,6452,7021,4530,4104,6492,4160,4552,5501,4843,5054,4907,4307,4036,6036,4539,4742,4507,5254,4137,4817,4497,7281,10508,6946,4451,4026,4809,4954,4105,4058,4448,6272,6629,5301,4413,4487,6210,5184,4393,5033,5388,3794,8364,9477,11394,5251,8270,9471,4759,5068,8339,5826,5844,4041,4452,8183,6719,5641,7496,5982,3853
6546,5990,7228,7797,5306,4880,7268,4936,5328,6277,5619,5830,5683,5083,4812,6812,5315,5518,5283,6030,4913,5593,5273,8057,11284,7722,5227,4802,5585,5730,4881,4834,5224,7048,7405,6077,5189,5263,6986,5960,5169,5809,6164,8364,4570,10253,12170,6027,9046,10247,5535,5844,9115,6602,6620,4817,5228,8959,7495,6417,8272,6758,4629
7659,7103,8341,8910,6419,5993,8381,6049,6441,7390,6732,6943,6796,6196,5925,7925,6428,6631,6396,7143,6026,6706,6386,9170,12397,8835,6340,5915,6698,6843,5994,5947,6337,8161,8518,7190,6302,6376,8099,7073,6282,6922,7277,9477,10253,5683,13283,7140,10159,11360,6648,6957,10228,7715,7733,5930,6341,10072,8608,7530,9385,7871,5742
9576,9020,10258,10827,8336,7910,10298,7966,8358,9307,8649,8860,8713,8113,7842,9842,8345,8548,8313,9060,7943,8623,8303,11087,14314,10752,8257,7832,8615,8760,7911,7864,8254,10078,10435,9107,8219,8293,10016,8990,8199,8839,9194,11394,12170,13283,7600,9057,12076,13277,8565,8874,12145,9632,9650,7847,8258,11989,10525,9447,11302,9788,7659
3433,2877,4115,4684,2193,1767,4155,1823,2215,3164,2506,2717,2570,1970,1699,3699,2202,2405,2170,2917,1800,2480,2160,4944,8171,4609,2114,1689,2472,2617,1768,1721,2111,3935,4292,2964,2076,2150,3873,2847,2056,2696,3051,5251,6027,7140,9057,1457,5933,7134,2422,2731,6002,3489,3507,1704,2115,5846,4382,3304,5159,3645,1516
6452,5896,7134,7703,5212,4786,7174,4842,5234,6183,5525,5736,5589,4989,4718,6718,5221,5424,5189,5936,4819,5499,5179,7963,11190,7628,5133,4708,5491,5636,4787,4740,5130,6954,7311,5983,5095,5169,6892,5866,5075,5715,6070,8270,9046,10159,12076,5933,4476,10153,5441,5750,9021,6508,6526,4723,5134,8865,7401,6323,8178,6664,4535
7653,7097,8335,8904,6413,5987,8375,6043,6435,7384,6726,6937,6790,6190,5919,7919,6422,6625,6390,7137,6020,6700,6380,9164,12391,8829,6334,5909,6692,6837,5988,5941,6331,8155,8512,7184,6296,6370,8093,7067,6276,6916,7271,9471,10247,11360,13277,7134,10153,5677,6642,6951,10222,7709,7727,5924,6335,10066,8602,7524,9379,7865,5736
2941,2385,3623,4192,1701,1275,3663,1331,1723,2672,2014,2225,2078,1478,1207,3207,1710,1913,1678,2425,1308,1988,1668,4452,7679,4117,1622,1197,1980,2125,1276,1229,1619,3443,3800,2472,1584,1658,3381,2355,1564,2204,2559,4759,5535,6648,8565,2422,5441,6642,965,2239,5510,2997,3015,1212,1623,5354,3890,2812,4667,3153,1024
3250,2694,3932,4501,2010,1584,3972,1640,2032,2981,2323,2534,2387,1787,1516,3516,2019,2222,1987,2734,1617,2297,1977,4761,7988,4426,1931,1506,2289,2434,1585,1538,1928,3752,4109,2781,1893,1967,3690,2664,1873,2513,2868,5068,5844,6957,8874,2731,5750,6951,2239,1274,5819,3306,3324,1521,1932,5663,4199,3121,4976,3462,1333
6521,5965,7203,7772,5281,4855,7243,4911,5303,6252,5594,5805,5658,5058,4787,6787,5290,5493,5258,6005,4888,5568,5248,8032,11259,7697,5202,4777,5560,5705,4856,4809,5199,7023,7380,6052,5164,5238,6961,5935,5144,5784,6139,8339,9115,10228,12145,6002,9021,10222,5510,5819,4545,6577,6595,4792,5203,8934,7470,6392,8247,6733,4604
4008,3452,4690,5259,2768,2342,4730,2398,2790,3739,3081,3292,3145,2545,2274,4274,2777,2980,2745,3492,2375,3055,2735,5519,8746,5184,2689,2264,3047,3192,2343,2296,2686,4510,4867,3539,2651,2725,4448,3422,2631,3271,3626,5826,6602,7715,9632,3489,6508,7709,2997,3306,6577,2032,4082,2279,2690,6421,4957,3879,5734,4220,2091
4026,3470,4708,5277,2786,2360,4748,2416,2808,3757,3099,3310,3163,2563,2292,4292,2795,2998,2763,3510,2393,3073,2753,5537,8764,5202,2707,2282,3065,3210,2361,2314,2704,4528,4885,3557,2669,2743,4466,3440,2649,3289,3644,5844,6620,7733,9650,3507,6526,7727,3015,3324,6595,4082,2050,2297,2708,6439,4975,3897,5752,4238,2109
2223,1667,2905,3474,983,557,2945,613,1005,1954,1296,1507,1360,760,489,2489,992,1195,960,1707,590,1270,950,3734,6961,3399,904,479,1262,1407,558,511,901,2725,3082,1754,866,940,2663,1637,846,1486,1841,4041,4817,5930,7847,1704,4723,5924,1212,1521,4792,2279,2297,247,905,4636,3172,2094,3949,2435,306
2634,2078,3316,3885,1394,968,3356,1024,1416,2365,1707,1918,1771,1171,900,2900,1403,1606,1371,2118,1001,1681,1361,4145,7372,3810,1315,890,1673,1818,969,922,1312,3136,3493,2165,1277,1351,3074,2048,1257,1897,2252,4452,5228,6341,8258,2115,5134,6335,1623,1932,5203,2690,2708,905,658,5047,3583,2505,4360,2846,717
6365,5809,7047,7616,5125,4699,7087,4755,5147,6096,5438,5649,5502,4902,4631,6631,5134,5337,5102,5849,4732,5412,5092,7876,11103,7541,5046,4621,5404,5549,4700,4653,5043,6867,7224,5896,5008,5082,6805,5779,4988,5628,5983,8183,8959,10072,11989,5846,8865,10066,5354,5663,8934,6421,6439,4636,5047,4389,7314,6236,8091,6577,4448
4901,4345,5583,6152,3661,3235,5623,3291,3683,4632,3974,4185,4038,3438,3167,5167,3670,3873,3638,4385,3268,3948,3628,6412,9639,6077,3582,3157,3940,4085,3236,3189,3579,5403,5760,4432,3544,3618,5341,4315,3524,4164,4519,6719,7495,8608,10525,4382,7401,8602,3890,4199,7470,4957,4975,3172,3583,7314,2925,4772,6627,5113,2984
3823,3267,4505,5074,2583,2157,4545,2213,2605,3554,2896,3107,2960,2360,2089,4089,2592,2795,2560,3307,2190,2870,2550,5334,8561,4999,2504,2079,2862,3007,2158,2111,2501,4325,4682,3354,2466,2540,4263,3237,2446,3086,3441,5641,6417,7530,9447,3304,6323,7524,2812,3121,6392,3879,3897,2094,2505,6236,4772,1847,5549,4035,1906
5678,5122,6360,6929,4438,4012,6400,4068,4460,5409,4751,4962,4815,4215,3944,5944,4447,4650,4415,5162,4045,4725,4405,7189,10416,6854,4359,3934,4717,4862,4013,3966,4356,6180,6537,5209,4321,4395,6118,5092,4301,4941,5296,7496,8272,9385,11302,5159,8178,9379,4667,4976,8247,5734,5752,3949,4360,8091,6627,5549,3702,5890,3761
4164,3608,4846,5415,2924,2498,4886,2554,2946,3895,3237,3448,3301,2701,2430,4430,2933,3136,2901,3648,2531,3211,2891,5675,8902,5340,2845,2420,3203,3348,2499,2452,2842,4666,5023,3695,2807,2881,4604,3578,2787,3427,3782,5982,6758,7871,9788,3645,6664,7865,3153,3462,6733,4220,4238,2435,2846,6577,5113,4035,5890,2188,2247
2035,1479,2717,3286,795,369,2757,425,817,1766,1108,1319,1172,572,301,2301,804,1007,772,1519,402,1082,762,3546,6773,3211,716,291,1074,1219,370,323,713,2537,2894,1566,678,752,2475,1449,658,1298,1653,3853,4629,5742,7659,1516,4535,5736,1024,1333,4604,2091,2109,306,717,4448,2984,1906,3761,2247,59
