51541,89377,131871,162008,77714,63083,144177,65582,76748,105970,92973,95399,82173,71028,56214,133916,80468,86507,79186,110037,65754,85657,77286,178800,271146,128766,71400,61421,94815,90402,65131,63231,80780,146417,153491,111547,76659,73804,136591,108006,75570,92370,100385,196057,208015,256046,305169,99669,187812,220357,75840,81544,148004,102895,92427,60878,66924,199726,144970,117260,170250,122086,54118
89377,37836,118166,148303,64009,49378,130472,51877,63043,92265,79268,81694,68468,57323,42509,120211,66763,72802,65481,96332,52049,71952,63581,165095,257441,115061,57695,47716,81110,76697,51426,49526,67075,132712,139786,97842,62954,60099,122886,94301,61865,78665,86680,182352,194310,242341,291464,85964,174107,206652,62135,67839,134299,89190,78722,47173,53219,186021,131265,103555,156545,108381,40413
131871,118166,80330,190797,106503,91872,172966,94371,105537,134759,121762,124188,110962,99817,85003,162705,109257,115296,107975,138826,94543,114446,106075,207589,299935,157555,100189,90210,123604,119191,93920,92020,109569,175206,182280,140336,105448,102593,165380,136795,104359,121159,129174,224846,236804,284835,333958,128458,216601,249146,104629,110333,176793,131684,121216,89667,95713,228515,173759,146049,199039,150875,82907
162008,148303,190797,110467,136640,122009,203103,124508,135674,164896,151899,154325,141099,129954,115140,192842,139394,145433,138112,168963,124680,144583,136212,237726,330072,187692,130326,120347,153741,149328,124057,122157,139706,205343,212417,170473,135585,132730,195517,166932,134496,151296,159311,254983,266941,314972,364095,158595,246738,279283,134766,140470,206930,161821,151353,119804,125850,258652,203896,176186,229176,181012,113044
77714,64009,106503,136640,26173,37715,118809,40214,51380,80602,67605,70031,56805,45660,30846,108548,55100,61139,53818,84669,40386,60289,51918,153432,245778,103398,46032,36053,69447,65034,39763,37863,55412,121049,128123,86179,51291,48436,111223,82638,50202,67002,75017,170689,182647,230678,279801,74301,162444,194989,50472,56176,122636,77527,67059,35510,41556,174358,119602,91892,144882,96718,28750
63083,49378,91872,122009,37715,11542,104178,25583,36749,65971,52974,55400,42174,31029,16215,93917,40469,46508,39187,70038,25755,45658,37287,138801,231147,88767,31401,21422,54816,50403,25132,23232,40781,106418,113492,71548,36660,33805,96592,68007,35571,52371,60386,156058,168016,216047,265170,59670,147813,180358,35841,41545,108005,62896,52428,20879,26925,159727,104971,77261,130251,82087,14119
144177,130472,172966,203103,118809,104178,92636,106677,117843,147065,134068,136494,123268,112123,97309,175011,121563,127602,120281,151132,106849,126752,118381,219895,312241,169861,112495,102516,135910,131497,106226,104326,121875,187512,194586,152642,117754,114899,177686,149101,116665,133465,141480,237152,249110,297141,346264,140764,228907,261452,116935,122639,189099,143990,133522,101973,108019,240821,186065,158355,211345,163181,95213
65582,51877,94371,124508,40214,25583,106677,14041,39248,68470,55473,57899,44673,33528,18714,96416,42968,49007,41686,72537,28254,48157,39786,141300,233646,91266,33900,23921,57315,52902,27631,25731,43280,108917,115991,74047,39159,36304,99091,70506,38070,54870,62885,158557,170515,218546,267669,62169,150312,182857,38340,44044,110504,65395,54927,23378,29424,162226,107470,79760,132750,84586,16618
76748,63043,105537,135674,51380,36749,117843,39248,25207,79636,66639,69065,55839,44694,29880,107582,54134,60173,52852,83703,39420,59323,50952,152466,244812,102432,45066,35087,68481,64068,38797,36897,54446,120083,127157,85213,50325,47470,110257,81672,49236,66036,74051,169723,181681,229712,278835,73335,161478,194023,49506,55210,121670,76561,66093,34544,40590,173392,118636,90926,143916,95752,27784
105970,92265,134759,164896,80602,65971,147065,68470,79636,54429,95861,98287,85061,73916,59102,136804,83356,89395,82074,112925,68642,88545,80174,181688,274034,131654,74288,64309,97703,93290,68019,66119,83668,149305,156379,114435,79547,76692,139479,110894,78458,95258,103273,198945,210903,258934,308057,102557,190700,223245,78728,84432,150892,105783,95315,63766,69812,202614,147858,120148,173138,124974,57006
92973,79268,121762,151899,67605,52974,134068,55473,66639,95861,41432,85290,72064,60919,46105,123807,70359,76398,69077,99928,55645,75548,67177,168691,261037,118657,61291,51312,84706,80293,55022,53122,70671,136308,143382,101438,66550,63695,126482,97897,65461,82261,90276,185948,197906,245937,295060,89560,177703,210248,65731,71435,137895,92786,82318,50769,56815,189617,134861,107151,160141,111977,44009
95399,81694,124188,154325,70031,55400,136494,57899,69065,98287,85290,43858,74490,63345,48531,126233,72785,78824,71503,102354,58071,77974,69603,171117,263463,121083,63717,53738,87132,82719,57448,55548,73097,138734,145808,103864,68976,66121,128908,100323,67887,84687,92702,188374,200332,248363,297486,91986,180129,212674,68157,73861,140321,95212,84744,53195,59241,192043,137287,109577,162567,114403,46435
82173,68468,110962,141099,56805,42174,123268,44673,55839,85061,72064,74490,30632,50119,35305,113007,59559,65598,58277,89128,44845,64748,56377,157891,250237,107857,50491,40512,73906,69493,44222,42322,59871,125508,132582,90638,55750,52895,115682,87097,54661,71461,79476,175148,187106,235137,284260,78760,166903,199448,54931,60635,127095,81986,71518,39969,46015,178817,124061,96351,149341,101177,33209
71028,57323,99817,129954,45660,31029,112123,33528,44694,73916,60919,63345,50119,19487,24160,101862,48414,54453,47132,77983,33700,53603,45232,146746,239092,96712,39346,29367,62761,58348,33077,31177,48726,114363,121437,79493,44605,41750,104537,75952,43516,60316,68331,164003,175961,223992,273115,67615,155758,188303,43786,49490,115950,70841,60373,28824,34870,167672,112916,85206,138196,90032,22064
56214,42509,85003,115140,30846,16215,97309,18714,29880,59102,46105,48531,35305,24160,4673,87048,33600,39639,32318,63169,18886,38789,30418,131932,224278,81898,24532,14553,47947,43534,18263,16363,33912,99549,106623,64679,29791,26936,89723,61138,28702,45502,53517,149189,161147,209178,258301,52801,140944,173489,28972,34676,101136,56027,45559,14010,20056,152858,98102,70392,123382,75218,7250
133916,120211,162705,192842,108548,93917,175011,96416,107582,136804,123807,126233,113007,101862,87048,82375,111302,117341,110020,140871,96588,116491,108120,209634,301980,159600,102234,92255,125649,121236,95965,94065,111614,177251,184325,142381,107493,104638,167425,138840,106404,123204,131219,226891,238849,286880,336003,130503,218646,251191,106674,112378,178838,133729,123261,91712,97758,230560,175804,148094,201084,152920,84952
80468,66763,109257,139394,55100,40469,121563,42968,54134,83356,70359,72785,59559,48414,33600,111302,28927,63893,56572,87423,43140,63043,54672,156186,248532,106152,48786,38807,72201,67788,42517,40617,58166,123803,130877,88933,54045,51190,113977,85392,52956,69756,77771,173443,185401,233432,282555,77055,165198,197743,53226,58930,125390,80281,69813,38264,44310,177112,122356,94646,147636,99472,31504
86507,72802,115296,145433,61139,46508,127602,49007,60173,89395,76398,78824,65598,54453,39639,117341,63893,34966,62611,93462,49179,69082,60711,162225,254571,112191,54825,44846,78240,73827,48556,46656,64205,129842,136916,94972,60084,57229,120016,91431,58995,75795,83810,179482,191440,239471,288594,83094,171237,203782,59265,64969,131429,86320,75852,44303,50349,183151,128395,100685,153675,105511,37543
79186,65481,107975,138112,53818,39187,120281,41686,52852,82074,69077,71503,58277,47132,32318,110020,56572,62611,27645,86141,41858,61761,53390,154904,247250,104870,47504,37525,70919,66506,41235,39335,56884,122521,129595,87651,52763,49908,112695,84110,51674,68474,76489,172161,184119,232150,281273,75773,163916,196461,51944,57648,124108,78999,68531,36982,43028,175830,121074,93364,146354,98190,30222
110037,96332,138826,168963,84669,70038,151132,72537,83703,112925,99928,102354,89128,77983,63169,140871,87423,93462,86141,58496,72709,92612,84241,185755,278101,135721,78355,68376,101770,97357,72086,70186,87735,153372,160446,118502,83614,80759,143546,114961,82525,99325,107340,203012,214970,263001,312124,106624,194767,227312,82795,88499,154959,109850,99382,67833,73879,206681,151925,124215,177205,129041,61073
65754,52049,94543,124680,40386,25755,106849,28254,39420,68642,55645,58071,44845,33700,18886,96588,43140,49179,41858,72709,14213,48329,39958,141472,233818,91438,34072,24093,57487,53074,27803,25903,43452,109089,116163,74219,39331,36476,99263,70678,38242,55042,63057,158729,170687,218718,267841,62341,150484,183029,38512,44216,110676,65567,55099,23550,29596,162398,107642,79932,132922,84758,16790
85657,71952,114446,144583,60289,45658,126752,48157,59323,88545,75548,77974,64748,53603,38789,116491,63043,69082,61761,92612,48329,34116,59861,161375,253721,111341,53975,43996,77390,72977,47706,45806,63355,128992,136066,94122,59234,56379,119166,90581,58145,74945,82960,178632,190590,238621,287744,82244,170387,202932,58415,64119,130579,85470,75002,43453,49499,182301,127545,99835,152825,104661,36693
77286,63581,106075,136212,51918,37287,118381,39786,50952,80174,67177,69603,56377,45232,30418,108120,54672,60711,53390,84241,39958,59861,25745,153004,245350,102970,45604,35625,69019,64606,39335,37435,54984,120621,127695,85751,50863,48008,110795,82210,49774,66574,74589,170261,182219,230250,279373,73873,162016,194561,50044,55748,122208,77099,66631,35082,41128,173930,119174,91464,144454,96290,28322
178800,165095,207589,237726,153432,138801,219895,141300,152466,181688,168691,171117,157891,146746,131932,209634,156186,162225,154904,185755,141472,161375,153004,127259,346864,204484,147118,137139,170533,166120,140849,138949,156498,222135,229209,187265,152377,149522,212309,183724,151288,168088,176103,271775,283733,331764,380887,175387,263530,296075,151558,157262,223722,178613,168145,136596,142642,275444,220688,192978,245968,197804,129836
271146,257441,299935,330072,245778,231147,312241,233646,244812,274034,261037,263463,250237,239092,224278,301980,248532,254571,247250,278101,233818,253721,245350,346864,219605,296830,239464,229485,262879,258466,233195,231295,248844,314481,321555,279611,244723,241868,304655,276070,243634,260434,268449,364121,376079,424110,473233,267733,355876,388421,243904,249608,316068,270959,260491,228942,234988,367790,313034,285324,338314,290150,222182
128766,115061,157555,187692,103398,88767,169861,91266,102432,131654,118657,121083,107857,96712,81898,159600,106152,112191,104870,135721,91438,111341,102970,204484,296830,77225,97084,87105,120499,116086,90815,88915,106464,172101,179175,137231,102343,99488,162275,133690,101254,118054,126069,221741,233699,281730,330853,125353,213496,246041,101524,107228,173688,128579,118111,86562,92608,225410,170654,142944,195934,147770,79802
71400,57695,100189,130326,46032,31401,112495,33900,45066,74288,61291,63717,50491,39346,24532,102234,48786,54825,47504,78355,34072,53975,45604,147118,239464,97084,19859,29739,63133,58720,33449,31549,49098,114735,121809,79865,44977,42122,104909,76324,43888,60688,68703,164375,176333,224364,273487,67987,156130,188675,44158,49862,116322,71213,60745,29196,35242,168044,113288,85578,138568,90404,22436
61421,47716,90210,120347,36053,21422,102516,23921,35087,64309,51312,53738,40512,29367,14553,92255,38807,44846,37525,68376,24093,43996,35625,137139,229485,87105,29739,9880,53154,48741,23470,21570,39119,104756,111830,69886,34998,32143,94930,66345,33909,50709,58724,154396,166354,214385,263508,58008,146151,178696,34179,39883,106343,61234,50766,19217,25263,158065,103309,75599,128589,80425,12457
94815,81110,123604,153741,69447,54816,135910,57315,68481,97703,84706,87132,73906,62761,47947,125649,72201,78240,70919,101770,57487,77390,69019,170533,262879,120499,63133,53154,43274,82135,56864,54964,72513,138150,145224,103280,68392,65537,128324,99739,67303,84103,92118,187790,199748,247779,296902,91402,179545,212090,67573,73277,139737,94628,84160,52611,58657,191459,136703,108993,161983,113819,45851
90402,76697,119191,149328,65034,50403,131497,52902,64068,93290,80293,82719,69493,58348,43534,121236,67788,73827,66506,97357,53074,72977,64606,166120,258466,116086,58720,48741,82135,38861,52451,50551,68100,133737,140811,98867,63979,61124,123911,95326,62890,79690,87705,183377,195335,243366,292489,86989,175132,207677,63160,68864,135324,90215,79747,48198,54244,187046,132290,104580,157570,109406,41438
65131,51426,93920,124057,39763,25132,106226,27631,38797,68019,55022,57448,44222,33077,18263,95965,42517,48556,41235,72086,27803,47706,39335,140849,233195,90815,33449,23470,56864,52451,13590,25280,42829,108466,115540,73596,38708,35853,98640,70055,37619,54419,62434,158106,170064,218095,267218,61718,149861,182406,37889,43593,110053,64944,54476,22927,28973,161775,107019,79309,132299,84135,16167
63231,49526,92020,122157,37863,23232,104326,25731,36897,66119,53122,55548,42322,31177,16363,94065,40617,46656,39335,70186,25903,45806,37435,138949,231295,88915,31549,21570,54964,50551,25280,11690,40929,106566,113640,71696,36808,33953,96740,68155,35719,52519,60534,156206,168164,216195,265318,59818,147961,180506,35989,41693,108153,63044,52576,21027,27073,159875,105119,77409,130399,82235,14267
80780,67075,109569,139706,55412,40781,121875,43280,54446,83668,70671,73097,59871,48726,33912,111614,58166,64205,56884,87735,43452,63355,54984,156498,248844,106464,49098,39119,72513,68100,42829,40929,29239,124115,131189,89245,54357,51502,114289,85704,53268,70068,78083,173755,185713,233744,282867,77367,165510,198055,53538,59242,125702,80593,70125,38576,44622,177424,122668,94958,147948,99784,31816
146417,132712,175206,205343,121049,106418,187512,108917,120083,149305,136308,138734,125508,114363,99549,177251,123803,129842,122521,153372,109089,128992,120621,222135,314481,172101,114735,104756,138150,133737,108466,106566,124115,94876,196826,154882,119994,117139,179926,151341,118905,135705,143720,239392,251350,299381,348504,143004,231147,263692,119175,124879,191339,146230,135762,104213,110259,243061,188305,160595,213585,165421,97453
153491,139786,182280,212417,128123,113492,194586,115991,127157,156379,143382,145808,132582,121437,106623,184325,130877,136916,129595,160446,116163,136066,127695,229209,321555,179175,121809,111830,145224,140811,115540,113640,131189,196826,101950,161956,127068,124213,187000,158415,125979,142779,150794,246466,258424,306455,355578,150078,238221,270766,126249,131953,198413,153304,142836,111287,117333,250135,195379,167669,220659,172495,104527
111547,97842,140336,170473,86179,71548,152642,74047,85213,114435,101438,103864,90638,79493,64679,142381,88933,94972,87651,118502,74219,94122,85751,187265,279611,137231,79865,69886,103280,98867,73596,71696,89245,154882,161956,60006,85124,82269,145056,116471,84035,100835,108850,204522,216480,264511,313634,108134,196277,228822,84305,90009,156469,111360,100892,69343,75389,208191,153435,125725,178715,130551,62583
76659,62954,105448,135585,51291,36660,117754,39159,50325,79547,66550,68976,55750,44605,29791,107493,54045,60084,52763,83614,39331,59234,50863,152377,244723,102343,44977,34998,68392,63979,38708,36808,54357,119994,127068,85124,25118,47381,110168,81583,49147,65947,73962,169634,181592,229623,278746,73246,161389,193934,49417,55121,121581,76472,66004,34455,40501,173303,118547,90837,143827,95663,27695
73804,60099,102593,132730,48436,33805,114899,36304,47470,76692,63695,66121,52895,41750,26936,104638,51190,57229,49908,80759,36476,56379,48008,149522,241868,99488,42122,32143,65537,61124,35853,33953,51502,117139,124213,82269,47381,22263,107313,78728,46292,63092,71107,166779,178737,226768,275891,70391,158534,191079,46562,52266,118726,73617,63149,31600,37646,170448,115692,87982,140972,92808,24840
136591,122886,165380,195517,111223,96592,177686,99091,110257,139479,126482,128908,115682,104537,89723,167425,113977,120016,112695,143546,99263,119166,110795,212309,304655,162275,104909,94930,128324,123911,98640,96740,114289,179926,187000,145056,110168,107313,85050,141515,109079,125879,133894,229566,241524,289555,338678,133178,221321,253866,109349,115053,181513,136404,125936,94387,100433,233235,178479,150769,203759,155595,87627
108006,94301,136795,166932,82638,68007,149101,70506,81672,110894,97897,100323,87097,75952,61138,138840,85392,91431,84110,114961,70678,90581,82210,183724,276070,133690,76324,66345,99739,95326,70055,68155,85704,151341,158415,116471,81583,78728,141515,56465,80494,97294,105309,200981,212939,260970,310093,104593,192736,225281,80764,86468,152928,107819,97351,65802,71848,204650,149894,122184,175174,127010,59042
75570,61865,104359,134496,50202,35571,116665,38070,49236,78458,65461,67887,54661,43516,28702,106404,52956,58995,51674,82525,38242,58145,49774,151288,243634,101254,43888,33909,67303,62890,37619,35719,53268,118905,125979,84035,49147,46292,109079,80494,24029,64858,72873,168545,180503,228534,277657,72157,160300,192845,48328,54032,120492,75383,64915,33366,39412,172214,117458,89748,142738,94574,26606
92370,78665,121159,151296,67002,52371,133465,54870,66036,95258,82261,84687,71461,60316,45502,123204,69756,75795,68474,99325,55042,74945,66574,168088,260434,118054,60688,50709,84103,79690,54419,52519,70068,135705,142779,100835,65947,63092,125879,97294,64858,40829,89673,185345,197303,245334,294457,88957,177100,209645,65128,70832,137292,92183,81715,50166,56212,189014,134258,106548,159538,111374,43406
100385,86680,129174,159311,75017,60386,141480,62885,74051,103273,90276,92702,79476,68331,53517,131219,77771,83810,76489,107340,63057,82960,74589,176103,268449,126069,68703,58724,92118,87705,62434,60534,78083,143720,150794,108850,73962,71107,133894,105309,72873,89673,48844,193360,205318,253349,302472,96972,185115,217660,73143,78847,145307,100198,89730,58181,64227,197029,142273,114563,167553,119389,51421
196057,182352,224846,254983,170689,156058,237152,158557,169723,198945,185948,188374,175148,164003,149189,226891,173443,179482,172161,203012,158729,178632,170261,271775,364121,221741,164375,154396,187790,183377,158106,156206,173755,239392,246466,204522,169634,166779,229566,200981,168545,185345,193360,144516,300990,349021,398144,192644,280787,313332,168815,174519,240979,195870,185402,153853,159899,292701,237945,210235,263225,215061,147093
208015,194310,236804,266941,182647,168016,249110,170515,181681,210903,197906,200332,187106,175961,161147,238849,185401,191440,184119,214970,170687,190590,182219,283733,376079,233699,176333,166354,199748,195335,170064,168164,185713,251350,258424,216480,181592,178737,241524,212939,180503,197303,205318,300990,156474,360979,410102,204602,292745,325290,180773,186477,252937,207828,197360,165811,171857,304659,249903,222193,275183,227019,159051
256046,242341,284835,314972,230678,216047,297141,218546,229712,258934,245937,248363,235137,223992,209178,286880,233432,239471,232150,263001,218718,238621,230250,331764,424110,281730,224364,214385,247779,243366,218095,216195,233744,299381,306455,264511,229623,226768,289555,260970,228534,245334,253349,349021,360979,204505,458133,252633,340776,373321,228804,234508,300968,255859,245391,213842,219888,352690,297934,270224,323214,275050,207082
305169,291464,333958,364095,279801,265170,346264,267669,278835,308057,295060,297486,284260,273115,258301,336003,282555,288594,281273,312124,267841,287744,279373,380887,473233,330853,273487,263508,296902,292489,267218,265318,282867,348504,355578,313634,278746,275891,338678,310093,277657,294457,302472,398144,410102,458133,253628,301756,389899,422444,277927,283631,350091,304982,294514,262965,269011,401813,347057,319347,372337,324173,256205
99669,85964,128458,158595,74301,59670,140764,62169,73335,102557,89560,91986,78760,67615,52801,130503,77055,83094,75773,106624,62341,82244,73873,175387,267733,125353,67987,58008,91402,86989,61718,59818,77367,143004,150078,108134,73246,70391,133178,104593,72157,88957,96972,192644,204602,252633,301756,48128,184399,216944,72427,78131,144591,99482,89014,57465,63511,196313,141557,113847,166837,118673,50705
187812,174107,216601,246738,162444,147813,228907,150312,161478,190700,177703,180129,166903,155758,140944,218646,165198,171237,163916,194767,150484,170387,162016,263530,355876,213496,156130,146151,179545,175132,149861,147961,165510,231147,238221,196277,161389,158534,221321,192736,160300,177100,185115,280787,292745,340776,389899,184399,136271,305087,160570,166274,232734,187625,177157,145608,151654,284456,229700,201990,254980,206816,138848
220357,206652,249146,279283,194989,180358,261452,182857,194023,223245,210248,212674,199448,188303,173489,251191,197743,203782,196461,227312,183029,202932,194561,296075,388421,246041,188675,178696,212090,207677,182406,180506,198055,263692,270766,228822,193934,191079,253866,225281,192845,209645,217660,313332,325290,373321,422444,216944,305087,168816,193115,198819,265279,220170,209702,178153,184199,317001,262245,234535,287525,239361,171393
75840,62135,104629,134766,50472,35841,116935,38340,49506,78728,65731,68157,54931,43786,28972,106674,53226,59265,51944,82795,38512,58415,50044,151558,243904,101524,44158,34179,67573,63160,37889,35989,53538,119175,126249,84305,49417,46562,109349,80764,48328,65128,73143,168815,180773,228804,277927,72427,160570,193115,24299,54302,120762,75653,65185,33636,39682,172484,117728,90018,143008,94844,26876
81544,67839,110333,140470,56176,41545,122639,44044,55210,84432,71435,73861,60635,49490,34676,112378,58930,64969,57648,88499,44216,64119,55748,157262,249608,107228,49862,39883,73277,68864,43593,41693,59242,124879,131953,90009,55121,52266,115053,86468,54032,70832,78847,174519,186477,234508,283631,78131,166274,198819,54302,30003,126466,81357,70889,39340,45386,178188,123432,95722,148712,100548,32580
148004,134299,176793,206930,122636,108005,189099,110504,121670,150892,137895,140321,127095,115950,101136,178838,125390,131429,124108,154959,110676,130579,122208,223722,316068,173688,116322,106343,139737,135324,110053,108153,125702,191339,198413,156469,121581,118726,181513,152928,120492,137292,145307,240979,252937,300968,350091,144591,232734,265279,120762,126466,96463,147817,137349,105800,111846,244648,189892,162182,215172,167008,99040
102895,89190,131684,161821,77527,62896,143990,65395,76561,105783,92786,95212,81986,70841,56027,133729,80281,86320,78999,109850,65567,85470,77099,178613,270959,128579,71213,61234,94628,90215,64944,63044,80593,146230,153304,111360,76472,73617,136404,107819,75383,92183,100198,195870,207828,255859,304982,99482,187625,220170,75653,81357,147817,51354,92240,60691,66737,199539,144783,117073,170063,121899,53931
92427,78722,121216,151353,67059,52428,133522,54927,66093,95315,82318,84744,71518,60373,45559,123261,69813,75852,68531,99382,55099,75002,66631,168145,260491,118111,60745,50766,84160,79747,54476,52576,70125,135762,142836,100892,66004,63149,125936,97351,64915,81715,89730,185402,197360,245391,294514,89014,177157,209702,65185,70889,137349,92240,40886,50223,56269,189071,134315,106605,159595,111431,43463
60878,47173,89667,119804,35510,20879,101973,23378,34544,63766,50769,53195,39969,28824,14010,91712,38264,44303,36982,67833,23550,43453,35082,136596,228942,86562,29196,19217,52611,48198,22927,21027,38576,104213,111287,69343,34455,31600,94387,65802,33366,50166,58181,153853,165811,213842,262965,57465,145608,178153,33636,39340,105800,60691,50223,9337,24720,157522,102766,75056,128046,79882,11914
66924,53219,95713,125850,41556,26925,108019,29424,40590,69812,56815,59241,46015,34870,20056,97758,44310,50349,43028,73879,29596,49499,41128,142642,234988,92608,35242,25263,58657,54244,28973,27073,44622,110259,117333,75389,40501,37646,100433,71848,39412,56212,64227,159899,171857,219888,269011,63511,151654,184199,39682,45386,111846,66737,56269,24720,15383,163568,108812,81102,134092,85928,17960
199726,186021,228515,258652,174358,159727,240821,162226,173392,202614,189617,192043,178817,167672,152858,230560,177112,183151,175830,206681,162398,182301,173930,275444,367790,225410,168044,158065,191459,187046,161775,159875,177424,243061,250135,208191,173303,170448,233235,204650,172214,189014,197029,292701,304659,352690,401813,196313,284456,317001,172484,178188,244648,199539,189071,157522,163568,148185,241614,213904,266894,218730,150762
144970,131265,173759,203896,119602,104971,186065,107470,118636,147858,134861,137287,124061,112916,98102,175804,122356,128395,121074,151925,107642,127545,119174,220688,313034,170654,113288,103309,136703,132290,107019,105119,122668,188305,195379,153435,118547,115692,178479,149894,117458,134258,142273,237945,249903,297934,347057,141557,229700,262245,117728,123432,189892,144783,134315,102766,108812,241614,93429,159148,212138,163974,96006
117260,103555,146049,176186,91892,77261,158355,79760,90926,120148,107151,109577,96351,85206,70392,148094,94646,100685,93364,124215,79932,99835,91464,192978,285324,142944,85578,75599,108993,104580,79309,77409,94958,160595,167669,125725,90837,87982,150769,122184,89748,106548,114563,210235,222193,270224,319347,113847,201990,234535,90018,95722,162182,117073,106605,75056,81102,213904,159148,65719,184428,136264,68296
170250,156545,199039,229176,144882,130251,211345,132750,143916,173138,160141,162567,149341,138196,123382,201084,147636,153675,146354,177205,132922,152825,144454,245968,338314,195934,138568,128589,161983,157570,132299,130399,147948,213585,220659,178715,143827,140972,203759,175174,142738,159538,167553,263225,275183,323214,372337,166837,254980,287525,143008,148712,215172,170063,159595,128046,134092,266894,212138,184428,118709,189254,121286
122086,108381,150875,181012,96718,82087,163181,84586,95752,124974,111977,114403,101177,90032,75218,152920,99472,105511,98190,129041,84758,104661,96290,197804,290150,147770,90404,80425,113819,109406,84135,82235,99784,165421,172495,130551,95663,92808,155595,127010,94574,111374,119389,215061,227019,275050,324173,118673,206816,239361,94844,100548,167008,121899,111431,79882,85928,218730,163974,136264,189254,70545,73122
54118,40413,82907,113044,28750,14119,95213,16618,27784,57006,44009,46435,33209,22064,7250,84952,31504,37543,30222,61073,16790,36693,28322,129836,222182,79802,22436,12457,45851,41438,16167,14267,31816,97453,104527,62583,27695,24840,87627,59042,26606,43406,51421,147093,159051,207082,256205,50705,138848,171393,26876,32580,99040,53931,43463,11914,17960,150762,96006,68296,121286,73122,2577
