301,543,896,881,488,404,934,366,454,481,576,619,398,482,307,1076,479,482,494,723,419,447,488,1232,1131,443,410,398,539,541,420,410,546,986,901,600,525,391,812,843,517,528,434,1391,1183,1302,1024,726,1248,1329,322,372,439,367,354,314,310,1086,676,422,853,734,301
543,242,837,822,429,345,875,307,395,422,517,560,339,423,248,1017,420,423,435,664,360,388,429,1173,1072,384,351,339,480,482,361,351,487,927,842,541,466,332,753,784,458,469,375,1332,1124,1243,965,667,1189,1270,263,313,380,308,295,255,251,1027,617,363,794,675,242
896,837,595,1175,782,698,1228,660,748,775,870,913,692,776,601,1370,773,776,788,1017,713,741,782,1526,1425,737,704,692,833,835,714,704,840,1280,1195,894,819,685,1106,1137,811,822,728,1685,1477,1596,1318,1020,1542,1623,616,666,733,661,648,608,604,1380,970,716,1147,1028,595
881,822,1175,580,767,683,1213,645,733,760,855,898,677,761,586,1355,758,761,773,1002,698,726,767,1511,1410,722,689,677,818,820,699,689,825,1265,1180,879,804,670,1091,1122,796,807,713,1670,1462,1581,1303,1005,1527,1608,601,651,718,646,633,593,589,1365,955,701,1132,1013,580
488,429,782,767,187,290,820,252,340,367,462,505,284,368,193,962,365,368,380,609,305,333,374,1118,1017,329,296,284,425,427,306,296,432,872,787,486,411,277,698,729,403,414,320,1277,1069,1188,910,612,1134,1215,208,258,325,253,240,200,196,972,562,308,739,620,187
404,345,698,683,290,103,736,168,256,283,378,421,200,284,109,878,281,284,296,525,221,249,290,1034,933,245,212,200,341,343,222,212,348,788,703,402,327,193,614,645,319,330,236,1193,985,1104,826,528,1050,1131,124,174,241,169,156,116,112,888,478,224,655,536,103
934,875,1228,1213,820,736,633,698,786,813,908,951,730,814,639,1408,811,814,826,1055,751,779,820,1564,1463,775,742,730,871,873,752,742,878,1318,1233,932,857,723,1144,1175,849,860,766,1723,1515,1634,1356,1058,1580,1661,654,704,771,699,686,646,642,1418,1008,754,1185,1066,633
366,307,660,645,252,168,698,65,218,245,340,383,162,246,71,840,243,246,258,487,183,211,252,996,895,207,174,162,303,305,184,174,310,750,665,364,289,155,576,607,281,292,198,1155,947,1066,788,490,1012,1093,86,136,203,131,118,78,74,850,440,186,617,498,65
454,395,748,733,340,256,786,218,153,333,428,471,250,334,159,928,331,334,346,575,271,299,340,1084,983,295,262,250,391,393,272,262,398,838,753,452,377,243,664,695,369,380,286,1243,1035,1154,876,578,1100,1181,174,224,291,219,206,166,162,938,528,274,705,586,153
481,422,775,760,367,283,813,245,333,180,455,498,277,361,186,955,358,361,373,602,298,326,367,1111,1010,322,289,277,418,420,299,289,425,865,780,479,404,270,691,722,396,407,313,1270,1062,1181,903,605,1127,1208,201,251,318,246,233,193,189,965,555,301,732,613,180
576,517,870,855,462,378,908,340,428,455,275,593,372,456,281,1050,453,456,468,697,393,421,462,1206,1105,417,384,372,513,515,394,384,520,960,875,574,499,365,786,817,491,502,408,1365,1157,1276,998,700,1222,1303,296,346,413,341,328,288,284,1060,650,396,827,708,275
619,560,913,898,505,421,951,383,471,498,593,318,415,499,324,1093,496,499,511,740,436,464,505,1249,1148,460,427,415,556,558,437,427,563,1003,918,617,542,408,829,860,534,545,451,1408,1200,1319,1041,743,1265,1346,339,389,456,384,371,331,327,1103,693,439,870,751,318
398,339,692,677,284,200,730,162,250,277,372,415,97,278,103,872,275,278,290,519,215,243,284,1028,927,239,206,194,335,337,216,206,342,782,697,396,321,187,608,639,313,324,230,1187,979,1098,820,522,1044,1125,118,168,235,163,150,110,106,882,472,218,649,530,97
482,423,776,761,368,284,814,246,334,361,456,499,278,181,187,956,359,362,374,603,299,327,368,1112,1011,323,290,278,419,421,300,290,426,866,781,480,405,271,692,723,397,408,314,1271,1063,1182,904,606,1128,1209,202,252,319,247,234,194,190,966,556,302,733,614,181
307,248,601,586,193,109,639,71,159,186,281,324,103,187,6,781,184,187,199,428,124,152,193,937,836,148,115,103,244,246,125,115,251,691,606,305,230,96,517,548,222,233,139,1096,888,1007,729,431,953,1034,27,77,144,72,59,19,15,791,381,127,558,439,6
1076,1017,1370,1355,962,878,1408,840,928,955,1050,1093,872,956,781,775,953,956,968,1197,893,921,962,1706,1605,917,884,872,1013,1015,894,884,1020,1460,1375,1074,999,865,1286,1317,991,1002,908,1865,1657,1776,1498,1200,1722,1803,796,846,913,841,828,788,784,1560,1150,896,1327,1208,775
479,420,773,758,365,281,811,243,331,358,453,496,275,359,184,953,178,359,371,600,296,324,365,1109,1008,320,287,275,416,418,297,287,423,863,778,477,402,268,689,720,394,405,311,1268,1060,1179,901,603,1125,1206,199,249,316,244,231,191,187,963,553,299,730,611,178
482,423,776,761,368,284,814,246,334,361,456,499,278,362,187,956,359,181,374,603,299,327,368,1112,1011,323,290,278,419,421,300,290,426,866,781,480,405,271,692,723,397,408,314,1271,1063,1182,904,606,1128,1209,202,252,319,247,234,194,190,966,556,302,733,614,181
494,435,788,773,380,296,826,258,346,373,468,511,290,374,199,968,371,374,193,615,311,339,380,1124,1023,335,302,290,431,433,312,302,438,878,793,492,417,283,704,735,409,420,326,1283,1075,1194,916,618,1140,1221,214,264,331,259,246,206,202,978,568,314,745,626,193
723,664,1017,1002,609,525,1055,487,575,602,697,740,519,603,428,1197,600,603,615,422,540,568,609,1353,1252,564,531,519,660,662,541,531,667,1107,1022,721,646,512,933,964,638,649,555,1512,1304,1423,1145,847,1369,1450,443,493,560,488,475,435,431,1207,797,543,974,855,422
419,360,713,698,305,221,751,183,271,298,393,436,215,299,124,893,296,299,311,540,118,264,305,1049,948,260,227,215,356,358,237,227,363,803,718,417,342,208,629,660,334,345,251,1208,1000,1119,841,543,1065,1146,139,189,256,184,171,131,127,903,493,239,670,551,118
447,388,741,726,333,249,779,211,299,326,421,464,243,327,152,921,324,327,339,568,264,146,333,1077,976,288,255,243,384,386,265,255,391,831,746,445,370,236,657,688,362,373,279,1236,1028,1147,869,571,1093,1174,167,217,284,212,199,159,155,931,521,267,698,579,146
488,429,782,767,374,290,820,252,340,367,462,505,284,368,193,962,365,368,380,609,305,333,187,1118,1017,329,296,284,425,427,306,296,432,872,787,486,411,277,698,729,403,414,320,1277,1069,1188,910,612,1134,1215,208,258,325,253,240,200,196,972,562,308,739,620,187
1232,1173,1526,1511,1118,1034,1564,996,1084,1111,1206,1249,1028,1112,937,1706,1109,1112,1124,1353,1049,1077,1118,931,1761,1073,1040,1028,1169,1171,1050,1040,1176,1616,1531,1230,1155,1021,1442,1473,1147,1158,1064,2021,1813,1932,1654,1356,1878,1959,952,1002,1069,997,984,944,940,1716,1306,1052,1483,1364,931
1131,1072,1425,1410,1017,933,1463,895,983,1010,1105,1148,927,1011,836,1605,1008,1011,1023,1252,948,976,1017,1761,830,972,939,927,1068,1070,949,939,1075,1515,1430,1129,1054,920,1341,1372,1046,1057,963,1920,1712,1831,1553,1255,1777,1858,851,901,968,896,883,843,839,1615,1205,951,1382,1263,830
443,384,737,722,329,245,775,207,295,322,417,460,239,323,148,917,320,323,335,564,260,288,329,1073,972,142,251,239,380,382,261,251,387,827,742,441,366,232,653,684,358,369,275,1232,1024,1143,865,567,1089,1170,163,213,280,208,195,155,151,927,517,263,694,575,142
410,351,704,689,296,212,742,174,262,289,384,427,206,290,115,884,287,290,302,531,227,255,296,1040,939,251,109,206,347,349,228,218,354,794,709,408,333,199,620,651,325,336,242,1199,991,1110,832,534,1056,1137,130,180,247,175,162,122,118,894,484,230,661,542,109
398,339,692,677,284,200,730,162,250,277,372,415,194,278,103,872,275,278,290,519,215,243,284,1028,927,239,206,97,335,337,216,206,342,782,697,396,321,187,608,639,313,324,230,1187,979,1098,820,522,1044,1125,118,168,235,163,150,110,106,882,472,218,649,530,97
539,480,833,818,425,341,871,303,391,418,513,556,335,419,244,1013,416,419,431,660,356,384,425,1169,1068,380,347,335,238,478,357,347,483,923,838,537,462,328,749,780,454,465,371,1328,1120,1239,961,663,1185,1266,259,309,376,304,291,251,247,1023,613,359,790,671,238
541,482,835,820,427,343,873,305,393,420,515,558,337,421,246,1015,418,421,433,662,358,386,427,1171,1070,382,349,337,478,240,359,349,485,925,840,539,464,330,751,782,456,467,373,1330,1122,1241,963,665,1187,1268,261,311,378,306,293,253,249,1025,615,361,792,673,240
420,361,714,699,306,222,752,184,272,299,394,437,216,300,125,894,297,300,312,541,237,265,306,1050,949,261,228,216,357,359,119,228,364,804,719,418,343,209,630,661,335,346,252,1209,1001,1120,842,544,1066,1147,140,190,257,185,172,132,128,904,494,240,671,552,119
410,351,704,689,296,212,742,174,262,289,384,427,206,290,115,884,287,290,302,531,227,255,296,1040,939,251,218,206,347,349,228,109,354,794,709,408,333,199,620,651,325,336,242,1199,991,1110,832,534,1056,1137,130,180,247,175,162,122,118,894,484,230,661,542,109
546,487,840,825,432,348,878,310,398,425,520,563,342,426,251,1020,423,426,438,667,363,391,432,1176,1075,387,354,342,483,485,364,354,245,930,845,544,469,335,756,787,461,472,378,1335,1127,1246,968,670,1192,1273,266,316,383,311,298,258,254,1030,620,366,797,678,245
986,927,1280,1265,872,788,1318,750,838,865,960,1003,782,866,691,1460,863,866,878,1107,803,831,872,1616,1515,827,794,782,923,925,804,794,930,685,1285,984,909,775,1196,1227,901,912,818,1775,1567,1686,1408,1110,1632,1713,706,756,823,751,738,698,694,1470,1060,806,1237,1118,685
901,842,1195,1180,787,703,1233,665,753,780,875,918,697,781,606,1375,778,781,793,1022,718,746,787,1531,1430,742,709,697,838,840,719,709,845,1285,600,899,824,690,1111,1142,816,827,733,1690,1482,1601,1323,1025,1547,1628,621,671,738,666,653,613,609,1385,975,721,1152,1033,600
600,541,894,879,486,402,932,364,452,479,574,617,396,480,305,1074,477,480,492,721,417,445,486,1230,1129,441,408,396,537,539,418,408,544,984,899,299,523,389,810,841,515,526,432,1389,1181,1300,1022,724,1246,1327,320,370,437,365,352,312,308,1084,674,420,851,732,299
525,466,819,804,411,327,857,289,377,404,499,542,321,405,230,999,402,405,417,646,342,370,411,1155,1054,366,333,321,462,464,343,333,469,909,824,523,224,314,735,766,440,451,357,1314,1106,1225,947,649,1171,1252,245,295,362,290,277,237,233,1009,599,345,776,657,224
391,332,685,670,277,193,723,155,243,270,365,408,187,271,96,865,268,271,283,512,208,236,277,1021,920,232,199,187,328,330,209,199,335,775,690,389,314,90,601,632,306,317,223,1180,972,1091,813,515,1037,1118,111,161,228,156,143,103,99,875,465,211,642,523,90
812,753,1106,1091,698,614,1144,576,664,691,786,829,608,692,517,1286,689,692,704,933,629,657,698,1442,1341,653,620,608,749,751,630,620,756,1196,1111,810,735,601,511,1053,727,738,644,1601,1393,1512,1234,936,1458,1539,532,582,649,577,564,524,520,1296,886,632,1063,944,511
843,784,1137,1122,729,645,1175,607,695,722,817,860,639,723,548,1317,720,723,735,964,660,688,729,1473,1372,684,651,639,780,782,661,651,787,1227,1142,841,766,632,1053,542,758,769,675,1632,1424,1543,1265,967,1489,1570,563,613,680,608,595,555,551,1327,917,663,1094,975,542
517,458,811,796,403,319,849,281,369,396,491,534,313,397,222,991,394,397,409,638,334,362,403,1147,1046,358,325,313,454,456,335,325,461,901,816,515,440,306,727,758,216,443,349,1306,1098,1217,939,641,1163,1244,237,287,354,282,269,229,225,1001,591,337,768,649,216
528,469,822,807,414,330,860,292,380,407,502,545,324,408,233,1002,405,408,420,649,345,373,414,1158,1057,369,336,324,465,467,346,336,472,912,827,526,451,317,738,769,443,227,360,1317,1109,1228,950,652,1174,1255,248,298,365,293,280,240,236,1012,602,348,779,660,227
434,375,728,713,320,236,766,198,286,313,408,451,230,314,139,908,311,314,326,555,251,279,320,1064,963,275,242,230,371,373,252,242,378,818,733,432,357,223,644,675,349,360,133,1223,1015,1134,856,558,1080,1161,154,204,271,199,186,146,142,918,508,254,685,566,133
1391,1332,1685,1670,1277,1193,1723,1155,1243,1270,1365,1408,1187,1271,1096,1865,1268,1271,1283,1512,1208,1236,1277,2021,1920,1232,1199,1187,1328,1330,1209,1199,1335,1775,1690,1389,1314,1180,1601,1632,1306,1317,1223,1090,1972,2091,1813,1515,2037,2118,1111,1161,1228,1156,1143,1103,1099,1875,1465,1211,1642,1523,1090
1183,1124,1477,1462,1069,985,1515,947,1035,1062,1157,1200,979,1063,888,1657,1060,1063,1075,1304,1000,1028,1069,1813,1712,1024,991,979,1120,1122,1001,991,1127,1567,1482,1181,1106,972,1393,1424,1098,1109,1015,1972,882,1883,1605,1307,1829,1910,903,953,1020,948,935,895,891,1667,1257,1003,1434,1315,882
1302,1243,1596,1581,1188,1104,1634,1066,1154,1181,1276,1319,1098,1182,1007,1776,1179,1182,1194,1423,1119,1147,1188,1932,1831,1143,1110,1098,1239,1241,1120,1110,1246,1686,1601,1300,1225,1091,1512,1543,1217,1228,1134,2091,1883,1001,1724,1426,1948,2029,1022,1072,1139,1067,1054,1014,1010,1786,1376,1122,1553,1434,1001
1024,965,1318,1303,910,826,1356,788,876,903,998,1041,820,904,729,1498,901,904,916,1145,841,869,910,1654,1553,865,832,820,961,963,842,832,968,1408,1323,1022,947,813,1234,1265,939,950,856,1813,1605,1724,723,1148,1670,1751,744,794,861,789,776,736,732,1508,1098,844,1275,1156,723
726,667,1020,1005,612,528,1058,490,578,605,700,743,522,606,431,1200,603,606,618,847,543,571,612,1356,1255,567,534,522,663,665,544,534,670,1110,1025,724,649,515,936,967,641,652,558,1515,1307,1426,1148,425,1372,1453,446,496,563,491,478,438,434,1210,800,546,977,858,425
1248,1189,1542,1527,1134,1050,1580,1012,1100,1127,1222,1265,1044,1128,953,1722,1125,1128,1140,1369,1065,1093,1134,1878,1777,1089,1056,1044,1185,1187,1066,1056,1192,1632,1547,1246,1171,1037,1458,1489,1163,1174,1080,2037,1829,1948,1670,1372,947,1975,968,1018,1085,1013,1000,960,956,1732,1322,1068,1499,1380,947
1329,1270,1623,1608,1215,1131,1661,1093,1181,1208,1303,1346,1125,1209,1034,1803,1206,1209,1221,1450,1146,1174,1215,1959,1858,1170,1137,1125,1266,1268,1147,1137,1273,1713,1628,1327,1252,1118,1539,1570,1244,1255,1161,2118,1910,2029,1751,1453,1975,1028,1049,1099,1166,1094,1081,1041,1037,1813,1403,1149,1580,1461,1028
322,263,616,601,208,124,654,86,174,201,296,339,118,202,27,796,199,202,214,443,139,167,208,952,851,163,130,118,259,261,140,130,266,706,621,320,245,111,532,563,237,248,154,1111,903,1022,744,446,968,1049,21,92,159,87,74,34,30,806,396,142,573,454,21
372,313,666,651,258,174,704,136,224,251,346,389,168,252,77,846,249,252,264,493,189,217,258,1002,901,213,180,168,309,311,190,180,316,756,671,370,295,161,582,613,287,298,204,1161,953,1072,794,496,1018,1099,92,71,209,137,124,84,80,856,446,192,623,504,71
439,380,733,718,325,241,771,203,291,318,413,456,235,319,144,913,316,319,331,560,256,284,325,1069,968,280,247,235,376,378,257,247,383,823,738,437,362,228,649,680,354,365,271,1228,1020,1139,861,563,1085,1166,159,209,138,204,191,151,147,923,513,259,690,571,138
367,308,661,646,253,169,699,131,219,246,341,384,163,247,72,841,244,247,259,488,184,212,253,997,896,208,175,163,304,306,185,175,311,751,666,365,290,156,577,608,282,293,199,1156,948,1067,789,491,1013,1094,87,137,204,66,119,79,75,851,441,187,618,499,66
354,295,648,633,240,156,686,118,206,233,328,371,150,234,59,828,231,234,246,475,171,199,240,984,883,195,162,150,291,293,172,162,298,738,653,352,277,143,564,595,269,280,186,1143,935,1054,776,478,1000,1081,74,124,191,119,53,66,62,838,428,174,605,486,53
314,255,608,593,200,116,646,78,166,193,288,331,110,194,19,788,191,194,206,435,131,159,200,944,843,155,122,110,251,253,132,122,258,698,613,312,237,103,524,555,229,240,146,1103,895,1014,736,438,960,1041,34,84,151,79,66,13,22,798,388,134,565,446,13
310,251,604,589,196,112,642,74,162,189,284,327,106,190,15,784,187,190,202,431,127,155,196,940,839,151,118,106,247,249,128,118,254,694,609,308,233,99,520,551,225,236,142,1099,891,1010,732,434,956,1037,30,80,147,75,62,22,9,794,384,130,561,442,9
1086,1027,1380,1365,972,888,1418,850,938,965,1060,1103,882,966,791,1560,963,966,978,1207,903,931,972,1716,1615,927,894,882,1023,1025,904,894,1030,1470,1385,1084,1009,875,1296,1327,1001,1012,918,1875,1667,1786,1508,1210,1732,1813,806,856,923,851,838,798,794,785,1160,906,1337,1218,785
676,617,970,955,562,478,1008,440,528,555,650,693,472,556,381,1150,553,556,568,797,493,521,562,1306,1205,517,484,472,613,615,494,484,620,1060,975,674,599,465,886,917,591,602,508,1465,1257,1376,1098,800,1322,1403,396,446,513,441,428,388,384,1160,375,496,927,808,375
422,363,716,701,308,224,754,186,274,301,396,439,218,302,127,896,299,302,314,543,239,267,308,1052,951,263,230,218,359,361,240,230,366,806,721,420,345,211,632,663,337,348,254,1211,1003,1122,844,546,1068,1149,142,192,259,187,174,134,130,906,496,121,673,554,121
853,794,1147,1132,739,655,1185,617,705,732,827,870,649,733,558,1327,730,733,745,974,670,698,739,1483,1382,694,661,649,790,792,671,661,797,1237,1152,851,776,642,1063,1094,768,779,685,1642,1434,1553,1275,977,1499,1580,573,623,690,618,605,565,561,1337,927,673,552,985,552
734,675,1028,1013,620,536,1066,498,586,613,708,751,530,614,439,1208,611,614,626,855,551,579,620,1364,1263,575,542,530,671,673,552,542,678,1118,1033,732,657,523,944,975,649,660,566,1523,1315,1434,1156,858,1380,1461,454,504,571,499,486,446,442,1218,808,554,985,433,433
301,242,595,580,187,103,633,65,153,180,275,318,97,181,6,775,178,181,193,422,118,146,187,931,830,142,109,97,238,240,119,109,245,685,600,299,224,90,511,542,216,227,133,1090,882,1001,723,425,947,1028,21,71,138,66,53,13,9,785,375,121,552,433,0
