2024,3355,4558,5417,2806,2329,4965,2426,2804,3854,3163,3331,3026,2556,2296,4336,2800,3106,2766,3640,2459,3034,2856,5802,9441,5315,2790,2217,3020,3289,2367,2329,2617,4610,5092,3803,2675,2707,4641,3324,2679,3232,3624,5853,6720,8046,20303,3631,6787,7936,3149,3359,7211,4591,4157,2340,2789,6709,5829,4904,5788,4757,2196
3355,1331,3865,4724,2113,1636,4272,1733,2111,3161,2470,2638,2333,1863,1603,3643,2107,2413,2073,2947,1766,2341,2163,5109,8748,4622,2097,1524,2327,2596,1674,1636,1924,3917,4399,3110,1982,2014,3948,2631,1986,2539,2931,5160,6027,7353,19610,2938,6094,7243,2456,2666,6518,3898,3464,1647,2096,6016,5136,4211,5095,4064,1503
4558,3865,2534,5927,3316,2839,5475,2936,3314,4364,3673,3841,3536,3066,2806,4846,3310,3616,3276,4150,2969,3544,3366,6312,9951,5825,3300,2727,3530,3799,2877,2839,3127,5120,5602,4313,3185,3217,5151,3834,3189,3742,4134,6363,7230,8556,20813,4141,7297,8446,3659,3869,7721,5101,4667,2850,3299,7219,6339,5414,6298,5267,2706
5417,4724,5927,3393,4175,3698,6334,3795,4173,5223,4532,4700,4395,3925,3665,5705,4169,4475,4135,5009,3828,4403,4225,7171,10810,6684,4159,3586,4389,4658,3736,3698,3986,5979,6461,5172,4044,4076,6010,4693,4048,4601,4993,7222,8089,9415,21672,5000,8156,9305,4518,4728,8580,5960,5526,3709,4158,8078,7198,6273,7157,6126,3565
2806,2113,3316,4175,782,1087,3723,1184,1562,2612,1921,2089,1784,1314,1054,3094,1558,1864,1524,2398,1217,1792,1614,4560,8199,4073,1548,975,1778,2047,1125,1087,1375,3368,3850,2561,1433,1465,3399,2082,1437,1990,2382,4611,5478,6804,19061,2389,5545,6694,1907,2117,5969,3349,2915,1098,1547,5467,4587,3662,4546,3515,954
2329,1636,2839,3698,1087,305,3246,707,1085,2135,1444,1612,1307,837,577,2617,1081,1387,1047,1921,740,1315,1137,4083,7722,3596,1071,498,1301,1570,648,610,898,2891,3373,2084,956,988,2922,1605,960,1513,1905,4134,5001,6327,18584,1912,5068,6217,1430,1640,5492,2872,2438,621,1070,4990,4110,3185,4069,3038,477
4965,4272,5475,6334,3723,3246,2941,3343,3721,4771,4080,4248,3943,3473,3213,5253,3717,4023,3683,4557,3376,3951,3773,6719,10358,6232,3707,3134,3937,4206,3284,3246,3534,5527,6009,4720,3592,3624,5558,4241,3596,4149,4541,6770,7637,8963,21220,4548,7704,8853,4066,4276,8128,5508,5074,3257,3706,7626,6746,5821,6705,5674,3113
2426,1733,2936,3795,1184,707,3343,402,1182,2232,1541,1709,1404,934,674,2714,1178,1484,1144,2018,837,1412,1234,4180,7819,3693,1168,595,1398,1667,745,707,995,2988,3470,2181,1053,1085,3019,1702,1057,1610,2002,4231,5098,6424,18681,2009,5165,6314,1527,1737,5589,2969,2535,718,1167,5087,4207,3282,4166,3135,574
2804,2111,3314,4173,1562,1085,3721,1182,780,2610,1919,2087,1782,1312,1052,3092,1556,1862,1522,2396,1215,1790,1612,4558,8197,4071,1546,973,1776,2045,1123,1085,1373,3366,3848,2559,1431,1463,3397,2080,1435,1988,2380,4609,5476,6802,19059,2387,5543,6692,1905,2115,5967,3347,2913,1096,1545,5465,4585,3660,4544,3513,952
3854,3161,4364,5223,2612,2135,4771,2232,2610,1830,2969,3137,2832,2362,2102,4142,2606,2912,2572,3446,2265,2840,2662,5608,9247,5121,2596,2023,2826,3095,2173,2135,2423,4416,4898,3609,2481,2513,4447,3130,2485,3038,3430,5659,6526,7852,20109,3437,6593,7742,2955,3165,7017,4397,3963,2146,2595,6515,5635,4710,5594,4563,2002
3163,2470,3673,4532,1921,1444,4080,1541,1919,2969,1139,2446,2141,1671,1411,3451,1915,2221,1881,2755,1574,2149,1971,4917,8556,4430,1905,1332,2135,2404,1482,1444,1732,3725,4207,2918,1790,1822,3756,2439,1794,2347,2739,4968,5835,7161,19418,2746,5902,7051,2264,2474,6326,3706,3272,1455,1904,5824,4944,4019,4903,3872,1311
3331,2638,3841,4700,2089,1612,4248,1709,2087,3137,2446,1307,2309,1839,1579,3619,2083,2389,2049,2923,1742,2317,2139,5085,8724,4598,2073,1500,2303,2572,1650,1612,1900,3893,4375,3086,1958,1990,3924,2607,1962,2515,2907,5136,6003,7329,19586,2914,6070,7219,2432,2642,6494,3874,3440,1623,2072,5992,5112,4187,5071,4040,1479
3026,2333,3536,4395,1784,1307,3943,1404,1782,2832,2141,2309,1002,1534,1274,3314,1778,2084,1744,2618,1437,2012,1834,4780,8419,4293,1768,1195,1998,2267,1345,1307,1595,3588,4070,2781,1653,1685,3619,2302,1657,2210,2602,4831,5698,7024,19281,2609,5765,6914,2127,2337,6189,3569,3135,1318,1767,5687,4807,3882,4766,3735,1174
2556,1863,3066,3925,1314,837,3473,934,1312,2362,1671,1839,1534,532,804,2844,1308,1614,1274,2148,967,1542,1364,4310,7949,3823,1298,725,1528,1797,875,837,1125,3118,3600,2311,1183,1215,3149,1832,1187,1740,2132,4361,5228,6554,18811,2139,5295,6444,1657,1867,5719,3099,2665,848,1297,5217,4337,3412,4296,3265,704
2296,1603,2806,3665,1054,577,3213,674,1052,2102,1411,1579,1274,804,272,2584,1048,1354,1014,1888,707,1282,1104,4050,7689,3563,1038,465,1268,1537,615,577,865,2858,3340,2051,923,955,2889,1572,927,1480,1872,4101,4968,6294,18551,1879,5035,6184,1397,1607,5459,2839,2405,588,1037,4957,4077,3152,4036,3005,444
4336,3643,4846,5705,3094,2617,5253,2714,3092,4142,3451,3619,3314,2844,2584,2312,3088,3394,3054,3928,2747,3322,3144,6090,9729,5603,3078,2505,3308,3577,2655,2617,2905,4898,5380,4091,2963,2995,4929,3612,2967,3520,3912,6141,7008,8334,20591,3919,7075,8224,3437,3647,7499,4879,4445,2628,3077,6997,6117,5192,6076,5045,2484
2800,2107,3310,4169,1558,1081,3717,1178,1556,2606,1915,2083,1778,1308,1048,3088,776,1858,1518,2392,1211,1786,1608,4554,8193,4067,1542,969,1772,2041,1119,1081,1369,3362,3844,2555,1427,1459,3393,2076,1431,1984,2376,4605,5472,6798,19055,2383,5539,6688,1901,2111,5963,3343,2909,1092,1541,5461,4581,3656,4540,3509,948
3106,2413,3616,4475,1864,1387,4023,1484,1862,2912,2221,2389,2084,1614,1354,3394,1858,1082,1824,2698,1517,2092,1914,4860,8499,4373,1848,1275,2078,2347,1425,1387,1675,3668,4150,2861,1733,1765,3699,2382,1737,2290,2682,4911,5778,7104,19361,2689,5845,6994,2207,2417,6269,3649,3215,1398,1847,5767,4887,3962,4846,3815,1254
2766,2073,3276,4135,1524,1047,3683,1144,1522,2572,1881,2049,1744,1274,1014,3054,1518,1824,742,2358,1177,1752,1574,4520,8159,4033,1508,935,1738,2007,1085,1047,1335,3328,3810,2521,1393,1425,3359,2042,1397,1950,2342,4571,5438,6764,19021,2349,5505,6654,1867,2077,5929,3309,2875,1058,1507,5427,4547,3622,4506,3475,914
3640,2947,4150,5009,2398,1921,4557,2018,2396,3446,2755,2923,2618,2148,1888,3928,2392,2698,2358,1616,2051,2626,2448,5394,9033,4907,2382,1809,2612,2881,1959,1921,2209,4202,4684,3395,2267,2299,4233,2916,2271,2824,3216,5445,6312,7638,19895,3223,6379,7528,2741,2951,6803,4183,3749,1932,2381,6301,5421,4496,5380,4349,1788
2459,1766,2969,3828,1217,740,3376,837,1215,2265,1574,1742,1437,967,707,2747,1211,1517,1177,2051,435,1445,1267,4213,7852,3726,1201,628,1431,1700,778,740,1028,3021,3503,2214,1086,1118,3052,1735,1090,1643,2035,4264,5131,6457,18714,2042,5198,6347,1560,1770,5622,3002,2568,751,1200,5120,4240,3315,4199,3168,607
3034,2341,3544,4403,1792,1315,3951,1412,1790,2840,2149,2317,2012,1542,1282,3322,1786,2092,1752,2626,1445,1010,1842,4788,8427,4301,1776,1203,2006,2275,1353,1315,1603,3596,4078,2789,1661,1693,3627,2310,1665,2218,2610,4839,5706,7032,19289,2617,5773,6922,2135,2345,6197,3577,3143,1326,1775,5695,4815,3890,4774,3743,1182
2856,2163,3366,4225,1614,1137,3773,1234,1612,2662,1971,2139,1834,1364,1104,3144,1608,1914,1574,2448,1267,1842,832,4610,8249,4123,1598,1025,1828,2097,1175,1137,1425,3418,3900,2611,1483,1515,3449,2132,1487,2040,2432,4661,5528,6854,19111,2439,5595,6744,1957,2167,6019,3399,2965,1148,1597,5517,4637,3712,4596,3565,1004
5802,5109,6312,7171,4560,4083,6719,4180,4558,5608,4917,5085,4780,4310,4050,6090,4554,4860,4520,5394,4213,4788,4610,3778,11195,7069,4544,3971,4774,5043,4121,4083,4371,6364,6846,5557,4429,4461,6395,5078,4433,4986,5378,7607,8474,9800,22057,5385,8541,9690,4903,5113,8965,6345,5911,4094,4543,8463,7583,6658,7542,6511,3950
9441,8748,9951,10810,8199,7722,10358,7819,8197,9247,8556,8724,8419,7949,7689,9729,8193,8499,8159,9033,7852,8427,8249,11195,7417,10708,8183,7610,8413,8682,7760,7722,8010,10003,10485,9196,8068,8100,10034,8717,8072,8625,9017,11246,12113,13439,25696,9024,12180,13329,8542,8752,12604,9984,9550,7733,8182,12102,11222,10297,11181,10150,7589
5315,4622,5825,6684,4073,3596,6232,3693,4071,5121,4430,4598,4293,3823,3563,5603,4067,4373,4033,4907,3726,4301,4123,7069,10708,3291,4057,3484,4287,4556,3634,3596,3884,5877,6359,5070,3942,3974,5908,4591,3946,4499,4891,7120,7987,9313,21570,4898,8054,9203,4416,4626,8478,5858,5424,3607,4056,7976,7096,6171,7055,6024,3463
2790,2097,3300,4159,1548,1071,3707,1168,1546,2596,1905,2073,1768,1298,1038,3078,1542,1848,1508,2382,1201,1776,1598,4544,8183,4057,766,959,1762,2031,1109,1071,1359,3352,3834,2545,1417,1449,3383,2066,1421,1974,2366,4595,5462,6788,19045,2373,5529,6678,1891,2101,5953,3333,2899,1082,1531,5451,4571,3646,4530,3499,938
2217,1524,2727,3586,975,498,3134,595,973,2023,1332,1500,1195,725,465,2505,969,1275,935,1809,628,1203,1025,3971,7610,3484,959,193,1189,1458,536,498,786,2779,3261,1972,844,876,2810,1493,848,1401,1793,4022,4889,6215,18472,1800,4956,6105,1318,1528,5380,2760,2326,509,958,4878,3998,3073,3957,2926,365
3020,2327,3530,4389,1778,1301,3937,1398,1776,2826,2135,2303,1998,1528,1268,3308,1772,2078,1738,2612,1431,2006,1828,4774,8413,4287,1762,1189,996,2261,1339,1301,1589,3582,4064,2775,1647,1679,3613,2296,1651,2204,2596,4825,5692,7018,19275,2603,5759,6908,2121,2331,6183,3563,3129,1312,1761,5681,4801,3876,4760,3729,1168
3289,2596,3799,4658,2047,1570,4206,1667,2045,3095,2404,2572,2267,1797,1537,3577,2041,2347,2007,2881,1700,2275,2097,5043,8682,4556,2031,1458,2261,1265,1608,1570,1858,3851,4333,3044,1916,1948,3882,2565,1920,2473,2865,5094,5961,7287,19544,2872,6028,7177,2390,2600,6452,3832,3398,1581,2030,5950,5070,4145,5029,3998,1437
2367,1674,2877,3736,1125,648,3284,745,1123,2173,1482,1650,1345,875,615,2655,1119,1425,1085,1959,778,1353,1175,4121,7760,3634,1109,536,1339,1608,343,648,936,2929,3411,2122,994,1026,2960,1643,998,1551,1943,4172,5039,6365,18622,1950,5106,6255,1468,1678,5530,2910,2476,659,1108,5028,4148,3223,4107,3076,515
2329,1636,2839,3698,1087,610,3246,707,1085,2135,1444,1612,1307,837,577,2617,1081,1387,1047,1921,740,1315,1137,4083,7722,3596,1071,498,1301,1570,648,305,898,2891,3373,2084,956,988,2922,1605,960,1513,1905,4134,5001,6327,18584,1912,5068,6217,1430,1640,5492,2872,2438,621,1070,4990,4110,3185,4069,3038,477
2617,1924,3127,3986,1375,898,3534,995,1373,2423,1732,1900,1595,1125,865,2905,1369,1675,1335,2209,1028,1603,1425,4371,8010,3884,1359,786,1589,1858,936,898,593,3179,3661,2372,1244,1276,3210,1893,1248,1801,2193,4422,5289,6615,18872,2200,5356,6505,1718,1928,5780,3160,2726,909,1358,5278,4398,3473,4357,3326,765
4610,3917,5120,5979,3368,2891,5527,2988,3366,4416,3725,3893,3588,3118,2858,4898,3362,3668,3328,4202,3021,3596,3418,6364,10003,5877,3352,2779,3582,3851,2929,2891,3179,2586,5654,4365,3237,3269,5203,3886,3241,3794,4186,6415,7282,8608,20865,4193,7349,8498,3711,3921,7773,5153,4719,2902,3351,7271,6391,5466,6350,5319,2758
5092,4399,5602,6461,3850,3373,6009,3470,3848,4898,4207,4375,4070,3600,3340,5380,3844,4150,3810,4684,3503,4078,3900,6846,10485,6359,3834,3261,4064,4333,3411,3373,3661,5654,3068,4847,3719,3751,5685,4368,3723,4276,4668,6897,7764,9090,21347,4675,7831,8980,4193,4403,8255,5635,5201,3384,3833,7753,6873,5948,6832,5801,3240
3803,3110,4313,5172,2561,2084,4720,2181,2559,3609,2918,3086,2781,2311,2051,4091,2555,2861,2521,3395,2214,2789,2611,5557,9196,5070,2545,1972,2775,3044,2122,2084,2372,4365,4847,1779,2430,2462,4396,3079,2434,2987,3379,5608,6475,7801,20058,3386,6542,7691,2904,3114,6966,4346,3912,2095,2544,6464,5584,4659,5543,4512,1951
2675,1982,3185,4044,1433,956,3592,1053,1431,2481,1790,1958,1653,1183,923,2963,1427,1733,1393,2267,1086,1661,1483,4429,8068,3942,1417,844,1647,1916,994,956,1244,3237,3719,2430,651,1334,3268,1951,1306,1859,2251,4480,5347,6673,18930,2258,5414,6563,1776,1986,5838,3218,2784,967,1416,5336,4456,3531,4415,3384,823
2707,2014,3217,4076,1465,988,3624,1085,1463,2513,1822,1990,1685,1215,955,2995,1459,1765,1425,2299,1118,1693,1515,4461,8100,3974,1449,876,1679,1948,1026,988,1276,3269,3751,2462,1334,683,3300,1983,1338,1891,2283,4512,5379,6705,18962,2290,5446,6595,1808,2018,5870,3250,2816,999,1448,5368,4488,3563,4447,3416,855
4641,3948,5151,6010,3399,2922,5558,3019,3397,4447,3756,3924,3619,3149,2889,4929,3393,3699,3359,4233,3052,3627,3449,6395,10034,5908,3383,2810,3613,3882,2960,2922,3210,5203,5685,4396,3268,3300,2617,3917,3272,3825,4217,6446,7313,8639,20896,4224,7380,8529,3742,3952,7804,5184,4750,2933,3382,7302,6422,5497,6381,5350,2789
3324,2631,3834,4693,2082,1605,4241,1702,2080,3130,2439,2607,2302,1832,1572,3612,2076,2382,2042,2916,1735,2310,2132,5078,8717,4591,2066,1493,2296,2565,1643,1605,1893,3886,4368,3079,1951,1983,3917,1300,1955,2508,2900,5129,5996,7322,19579,2907,6063,7212,2425,2635,6487,3867,3433,1616,2065,5985,5105,4180,5064,4033,1472
2679,1986,3189,4048,1437,960,3596,1057,1435,2485,1794,1962,1657,1187,927,2967,1431,1737,1397,2271,1090,1665,1487,4433,8072,3946,1421,848,1651,1920,998,960,1248,3241,3723,2434,1306,1338,3272,1955,655,1863,2255,4484,5351,6677,18934,2262,5418,6567,1780,1990,5842,3222,2788,971,1420,5340,4460,3535,4419,3388,827
3232,2539,3742,4601,1990,1513,4149,1610,1988,3038,2347,2515,2210,1740,1480,3520,1984,2290,1950,2824,1643,2218,2040,4986,8625,4499,1974,1401,2204,2473,1551,1513,1801,3794,4276,2987,1859,1891,3825,2508,1863,1208,2808,5037,5904,7230,19487,2815,5971,7120,2333,2543,6395,3775,3341,1524,1973,5893,5013,4088,4972,3941,1380
3624,2931,4134,4993,2382,1905,4541,2002,2380,3430,2739,2907,2602,2132,1872,3912,2376,2682,2342,3216,2035,2610,2432,5378,9017,4891,2366,1793,2596,2865,1943,1905,2193,4186,4668,3379,2251,2283,4217,2900,2255,2808,1600,5429,6296,7622,19879,3207,6363,7512,2725,2935,6787,4167,3733,1916,2365,6285,5405,4480,5364,4333,1772
5853,5160,6363,7222,4611,4134,6770,4231,4609,5659,4968,5136,4831,4361,4101,6141,4605,4911,4571,5445,4264,4839,4661,7607,11246,7120,4595,4022,4825,5094,4172,4134,4422,6415,6897,5608,4480,4512,6446,5129,4484,5037,5429,3829,8525,9851,22108,5436,8592,9741,4954,5164,9016,6396,5962,4145,4594,8514,7634,6709,7593,6562,4001
6720,6027,7230,8089,5478,5001,7637,5098,5476,6526,5835,6003,5698,5228,4968,7008,5472,5778,5438,6312,5131,5706,5528,8474,12113,7987,5462,4889,5692,5961,5039,5001,5289,7282,7764,6475,5347,5379,7313,5996,5351,5904,6296,8525,4696,10718,22975,6303,9459,10608,5821,6031,9883,7263,6829,5012,5461,9381,8501,7576,8460,7429,4868
8046,7353,8556,9415,6804,6327,8963,6424,6802,7852,7161,7329,7024,6554,6294,8334,6798,7104,6764,7638,6457,7032,6854,9800,13439,9313,6788,6215,7018,7287,6365,6327,6615,8608,9090,7801,6673,6705,8639,7322,6677,7230,7622,9851,10718,6022,24301,7629,10785,11934,7147,7357,11209,8589,8155,6338,6787,10707,9827,8902,9786,8755,6194
20303,19610,20813,21672,19061,18584,21220,18681,19059,20109,19418,19586,19281,18811,18551,20591,19055,19361,19021,19895,18714,19289,19111,22057,25696,21570,19045,18472,19275,19544,18622,18584,18872,20865,21347,20058,18930,18962,20896,19579,18934,19487,19879,22108,22975,24301,18279,19886,23042,24191,19404,19614,23466,20846,20412,18595,19044,22964,22084,21159,22043,21012,18451
3631,2938,4141,5000,2389,1912,4548,2009,2387,3437,2746,2914,2609,2139,1879,3919,2383,2689,2349,3223,2042,2617,2439,5385,9024,4898,2373,1800,2603,2872,1950,1912,2200,4193,4675,3386,2258,2290,4224,2907,2262,2815,3207,5436,6303,7629,19886,1607,6370,7519,2732,2942,6794,4174,3740,1923,2372,6292,5412,4487,5371,4340,1779
6787,6094,7297,8156,5545,5068,7704,5165,5543,6593,5902,6070,5765,5295,5035,7075,5539,5845,5505,6379,5198,5773,5595,8541,12180,8054,5529,4956,5759,6028,5106,5068,5356,7349,7831,6542,5414,5446,7380,6063,5418,5971,6363,8592,9459,10785,23042,6370,4763,10675,5888,6098,9950,7330,6896,5079,5528,9448,8568,7643,8527,7496,4935
7936,7243,8446,9305,6694,6217,8853,6314,6692,7742,7051,7219,6914,6444,6184,8224,6688,6994,6654,7528,6347,6922,6744,9690,13329,9203,6678,6105,6908,7177,6255,6217,6505,8498,8980,7691,6563,6595,8529,7212,6567,7120,7512,9741,10608,11934,24191,7519,10675,5912,7037,7247,11099,8479,8045,6228,6677,10597,9717,8792,9676,8645,6084
3149,2456,3659,4518,1907,1430,4066,1527,1905,2955,2264,2432,2127,1657,1397,3437,1901,2207,1867,2741,1560,2135,1957,4903,8542,4416,1891,1318,2121,2390,1468,1430,1718,3711,4193,2904,1776,1808,3742,2425,1780,2333,2725,4954,5821,7147,19404,2732,5888,7037,1125,2460,6312,3692,3258,1441,1890,5810,4930,4005,4889,3858,1297
3359,2666,3869,4728,2117,1640,4276,1737,2115,3165,2474,2642,2337,1867,1607,3647,2111,2417,2077,2951,1770,2345,2167,5113,8752,4626,2101,1528,2331,2600,1678,1640,1928,3921,4403,3114,1986,2018,3952,2635,1990,2543,2935,5164,6031,7357,19614,2942,6098,7247,2460,1335,6522,3902,3468,1651,2100,6020,5140,4215,5099,4068,1507
7211,6518,7721,8580,5969,5492,8128,5589,5967,7017,6326,6494,6189,5719,5459,7499,5963,6269,5929,6803,5622,6197,6019,8965,12604,8478,5953,5380,6183,6452,5530,5492,5780,7773,8255,6966,5838,5870,7804,6487,5842,6395,6787,9016,9883,11209,23466,6794,9950,11099,6312,6522,5187,7754,7320,5503,5952,9872,8992,8067,8951,7920,5359
4591,3898,5101,5960,3349,2872,5508,2969,3347,4397,3706,3874,3569,3099,2839,4879,3343,3649,3309,4183,3002,3577,3399,6345,9984,5858,3333,2760,3563,3832,2910,2872,3160,5153,5635,4346,3218,3250,5184,3867,3222,3775,4167,6396,7263,8589,20846,4174,7330,8479,3692,3902,7754,2567,4700,2883,3332,7252,6372,5447,6331,5300,2739
4157,3464,4667,5526,2915,2438,5074,2535,2913,3963,3272,3440,3135,2665,2405,4445,2909,3215,2875,3749,2568,3143,2965,5911,9550,5424,2899,2326,3129,3398,2476,2438,2726,4719,5201,3912,2784,2816,4750,3433,2788,3341,3733,5962,6829,8155,20412,3740,6896,8045,3258,3468,7320,4700,2133,2449,2898,6818,5938,5013,5897,4866,2305
2340,1647,2850,3709,1098,621,3257,718,1096,2146,1455,1623,1318,848,588,2628,1092,1398,1058,1932,751,1326,1148,4094,7733,3607,1082,509,1312,1581,659,621,909,2902,3384,2095,967,999,2933,1616,971,1524,1916,4145,5012,6338,18595,1923,5079,6228,1441,1651,5503,2883,2449,316,1081,5001,4121,3196,4080,3049,488
2789,2096,3299,4158,1547,1070,3706,1167,1545,2595,1904,2072,1767,1297,1037,3077,1541,1847,1507,2381,1200,1775,1597,4543,8182,4056,1531,958,1761,2030,1108,1070,1358,3351,3833,2544,1416,1448,3382,2065,1420,1973,2365,4594,5461,6787,19044,2372,5528,6677,1890,2100,5952,3332,2898,1081,765,5450,4570,3645,4529,3498,937
6709,6016,7219,8078,5467,4990,7626,5087,5465,6515,5824,5992,5687,5217,4957,6997,5461,5767,5427,6301,5120,5695,5517,8463,12102,7976,5451,4878,5681,5950,5028,4990,5278,7271,7753,6464,5336,5368,7302,5985,5340,5893,6285,8514,9381,10707,22964,6292,9448,10597,5810,6020,9872,7252,6818,5001,5450,4685,8490,7565,8449,7418,4857
5829,5136,6339,7198,4587,4110,6746,4207,4585,5635,4944,5112,4807,4337,4077,6117,4581,4887,4547,5421,4240,4815,4637,7583,11222,7096,4571,3998,4801,5070,4148,4110,4398,6391,6873,5584,4456,4488,6422,5105,4460,5013,5405,7634,8501,9827,22084,5412,8568,9717,4930,5140,8992,6372,5938,4121,4570,8490,3805,6685,7569,6538,3977
4904,4211,5414,6273,3662,3185,5821,3282,3660,4710,4019,4187,3882,3412,3152,5192,3656,3962,3622,4496,3315,3890,3712,6658,10297,6171,3646,3073,3876,4145,3223,3185,3473,5466,5948,4659,3531,3563,5497,4180,3535,4088,4480,6709,7576,8902,21159,4487,7643,8792,4005,4215,8067,5447,5013,3196,3645,7565,6685,2880,6644,5613,3052
5788,5095,6298,7157,4546,4069,6705,4166,4544,5594,4903,5071,4766,4296,4036,6076,4540,4846,4506,5380,4199,4774,4596,7542,11181,7055,4530,3957,4760,5029,4107,4069,4357,6350,6832,5543,4415,4447,6381,5064,4419,4972,5364,7593,8460,9786,22043,5371,8527,9676,4889,5099,8951,6331,5897,4080,4529,8449,7569,6644,3764,6497,3936
4757,4064,5267,6126,3515,3038,5674,3135,3513,4563,3872,4040,3735,3265,3005,5045,3509,3815,3475,4349,3168,3743,3565,6511,10150,6024,3499,2926,3729,3998,3076,3038,3326,5319,5801,4512,3384,3416,5350,4033,3388,3941,4333,6562,7429,8755,21012,4340,7496,8645,3858,4068,7920,5300,4866,3049,3498,7418,6538,5613,6497,2733,2905
2196,1503,2706,3565,954,477,3113,574,952,2002,1311,1479,1174,704,444,2484,948,1254,914,1788,607,1182,1004,3950,7589,3463,938,365,1168,1437,515,477,765,2758,3240,1951,823,855,2789,1472,827,1380,1772,4001,4868,6194,18451,1779,4935,6084,1297,1507,5359,2739,2305,488,937,4857,3977,3052,3936,2905,172
