1.00000000,0.02727273,0.04363636,0.01169591,0.00000000,0.00000000,0.01973684,0.00000000,0.03333333,0.00000000,0.00000000,0.01342282,0.01562500,0.00000000,0.00000000,0.02127660,0.00000000,0.01652893,0.00000000,0.03243243,0.00000000,0.00000000,0.00000000,0.01398601,0.00884956,0.00000000,0.00000000,0.00000000,0.02919708,0.02649007,0.00000000,0.00000000,0.01369863,0.01041667,0.00000000,0.01212121,0.00000000,0.00000000,0.00000000,0.00000000,0.00000000,0.01470588,0.01785714,0.00459770,0.03076923,0.02790698,0.07667732,0.03636364,0.01796407,0.02448980,0.00000000,0.01834862,0.05172414,0.03389831,0.01785714,0.00000000,0.00000000,0.00724638,0.01075269,0.03389831,0.01498127,0.01709402,0.02000000
0.02727273,1.00000000,0.05387205,0.00000000,0.00000000,0.00000000,0.03680982,0.01428571,0.00000000,0.00000000,0.00000000,0.00000000,0.00000000,0.00000000,0.00000000,0.01315789,0.01162791,0.01398601,0.00000000,0.00000000,0.00000000,0.00000000,0.00000000,0.00649351,0.00806452,0.00000000,0.00000000,0.00000000,0.00000000,0.00000000,0.00000000,0.00000000,0.00000000,0.00934579,0.00000000,0.00000000,0.10526316,0.01515152,0.00000000,0.00000000,0.00000000,0.00000000,0.00000000,0.00437637,0.00000000,0.00442478,0.00000000,0.10695187,0.00561798,0.00000000,0.01612903,0.00000000,0.01449275,0.00000000,0.00000000,0.10852713,0.00000000,0.00000000,0.00000000,0.00000000,0.00000000,0.00000000,0.00000000
0.04363636,0.05387205,1.00000000,0.04838710,0.00966184,0.02139037,0.00524934,0.00000000,0.00000000,0.00000000,0.00000000,0.00000000,0.00000000,0.00000000,0.00000000,0.00557103,0.00000000,0.03030303,0.00000000,0.00000000,0.00000000,0.00000000,0.00000000,0.00000000,0.00000000,0.00000000,0.00000000,0.00000000,0.00000000,0.00000000,0.00000000,0.00000000,0.00000000,0.00000000,0.00000000,0.00000000,0.00000000,0.00000000,0.00000000,0.00000000,0.00000000,0.00938967,0.00000000,0.00000000,0.00000000,0.00000000,0.02051282,0.00000000,0.00486618,0.00000000,0.00000000,0.00000000,0.01036269,0.00000000,0.00000000,0.00000000,0.00000000,0.00000000,0.00000000,0.00000000,0.00000000,0.01929260,0.00000000
0.01169591,0.00000000,0.04838710,1.00000000,0.01941748,0.00000000,0.04332130,0.02197802,0.00000000,0.00000000,0.09302326,0.00000000,0.00000000,0.00000000,0.00000000,0.01568627,0.00000000,0.02127660,0.00000000,0.00000000,0.00000000,0.00000000,0.00000000,0.00000000,0.00000000,0.00000000,0.00000000,0.00000000,0.00000000,0.00000000,0.00000000,0.00000000,0.00000000,0.00000000,0.00000000,0.00000000,0.00000000,0.00000000,0.00000000,0.00000000,0.00000000,0.00000000,0.00000000,0.00000000,0.03433476,0.00000000,0.00699301,0.00000000,0.00000000,0.00000000,0.00000000,0.00000000,0.00000000,0.00000000,0.00000000,0.00000000,0.00000000,0.04819277,0.02515723,0.00000000,0.00000000,0.02898551,0.00000000
0.00000000,0.00000000,0.00966184,0.01941748,1.00000000,0.00000000,0.00000000,0.00000000,0.00000000,0.00000000,0.00000000,0.02469136,0.00000000,0.00000000,0.00000000,0.02803738,0.00000000,0.00000000,0.00000000,0.00000000,0.00000000,0.00000000,0.00000000,0.00000000,0.00000000,0.00000000,0.00000000,0.00000000,0.00000000,0.00000000,0.00000000,0.00000000,0.00000000,0.00000000,0.00000000,0.00000000,0.00000000,0.00000000,0.00000000,0.00829876,0.00000000,0.00000000,0.00000000,0.00000000,0.00000000,0.00000000,0.00000000,0.00000000,0.00000000,0.00000000,0.00000000,0.00000000,0.00000000,0.00000000,0.00000000,0.00000000,0.00000000,0.00000000,0.00000000,0.00000000,0.00000000,0.02409639,0.00000000
0.00000000,0.00000000,0.02139037,0.00000000,0.00000000,1.00000000,0.00000000,0.00000000,0.00000000,0.00000000,0.00000000,0.00000000,0.00000000,0.06060606,0.00000000,0.01030928,0.00000000,0.00000000,0.00000000,0.00000000,0.00000000,0.00000000,0.00000000,0.00000000,0.00000000,0.00000000,0.00000000,0.00000000,0.00000000,0.00000000,0.00000000,0.00000000,0.00000000,0.00000000,0.00000000,0.00000000,0.00000000,0.00000000,0.00000000,0.00000000,0.00000000,0.00000000,0.00000000,0.00000000,0.00000000,0.00000000,0.00000000,0.00000000,0.00000000,0.00000000,0.00000000,0.00000000,0.00000000,0.00000000,0.00000000,0.00000000,0.00000000,0.00000000,0.00000000,0.00000000,0.00000000,0.00000000,0.00000000
0.01973684,0.03680982,0.00524934,0.04332130,0.00000000,0.00000000,1.00000000,0.06250000,0.01769912,0.09128631,0.00000000,0.00784314,0.00000000,0.00000000,0.00000000,0.03092784,0.02343750,0.00000000,0.00000000,0.01374570,0.00000000,0.00000000,0.00000000,0.00000000,0.00000000,0.00892857,0.00000000,0.00892857,0.00000000,0.00778210,0.00921659,0.00000000,0.00000000,0.00000000,0.00000000,0.00000000,0.00000000,0.00925926,0.00000000,0.00000000,0.00000000,0.00000000,0.00000000,0.00000000,0.00546448,0.00373134,0.00477327,0.00000000,0.00000000,0.00000000,0.00000000,0.00000000,0.00000000,0.00000000,0.00000000,0.00000000,0.00000000,0.00523560,0.00684932,0.00000000,0.00000000,0.00588235,0.00000000
0.00000000,0.01428571,0.00000000,0.02197802,0.00000000,0.00000000,0.06250000,1.00000000,0.15000000,0.03636364,0.02631579,0.02898551,0.00000000,0.00000000,0.00000000,0.01980198,0.00000000,0.00000000,0.00000000,0.01904762,0.00000000,0.00000000,0.00000000,0.00000000,0.00000000,0.00000000,0.00000000,0.00000000,0.00000000,0.00000000,0.00000000,0.00000000,0.00000000,0.00000000,0.00000000,0.00000000,0.08000000,0.00000000,0.00000000,0.00000000,0.00000000,0.00000000,0.00000000,0.00000000,0.01111111,0.00000000,0.00000000,0.00000000,0.00000000,0.00000000,0.00000000,0.00000000,0.00000000,0.00000000,0.00000000,0.00000000,0.00000000,0.00000000,0.00000000,0.00000000,0.00000000,0.01298701,0.00000000
0.03333333,0.00000000,0.00000000,0.00000000,0.00000000,0.00000000,0.01769912,0.15000000,1.00000000,0.07017544,0.05128205,0.11267606,0.04000000,0.13953488,0.07692308,0.01960784,0.00000000,0.00000000,0.00000000,0.01869159,0.00000000,0.06451613,0.00000000,0.00000000,0.00000000,0.00000000,0.00000000,0.00000000,0.00000000,0.00000000,0.00000000,0.00000000,0.00000000,0.00000000,0.00000000,0.00000000,0.00000000,0.00000000,0.00000000,0.00865801,0.00000000,0.00000000,0.00000000,0.00000000,0.00000000,0.00000000,0.00851064,0.00000000,0.00000000,0.00000000,0.00000000,0.00000000,0.00000000,0.00000000,0.00000000,0.00000000,0.00000000,0.00000000,0.00000000,0.00000000,0.00000000,0.00000000,0.00000000
0.00000000,0.00000000,0.00000000,0.00000000,0.00000000,0.00000000,0.09128631,0.03636364,0.07017544,1.00000000,0.00000000,0.00000000,0.03076923,0.00000000,0.00000000,0.03652968,0.06896552,0.00000000,0.00000000,0.00000000,0.00000000,0.04347826,0.00000000,0.00000000,0.00000000,0.00000000,0.00000000,0.00000000,0.00000000,0.00000000,0.00000000,0.00000000,0.00000000,0.00000000,0.00000000,0.00000000,0.02985075,0.00000000,0.00000000,0.00000000,0.00000000,0.02739726,0.00000000,0.00000000,0.00000000,0.00000000,0.00000000,0.00000000,0.00000000,0.00000000,0.00000000,0.00000000,0.00000000,0.00000000,0.00000000,0.00000000,0.00000000,0.00000000,0.00000000,0.00000000,0.00000000,0.00000000,0.00000000
0.00000000,0.00000000,0.00000000,0.09302326,0.00000000,0.00000000,0.00000000,0.02631579,0.05128205,0.00000000,1.00000000,0.01869159,0.00000000,0.02531646,0.00000000,0.01666667,0.00000000,0.00000000,0.00000000,0.00000000,0.00000000,0.00000000,0.00000000,0.00819672,0.00000000,0.00000000,0.00000000,0.00000000,0.00000000,0.00000000,0.00000000,0.00000000,0.01923077,0.01333333,0.01526718,0.00000000,0.00000000,0.00000000,0.00000000,0.00000000,0.00000000,0.00000000,0.00000000,0.02035623,0.00000000,0.06701031,0.00000000,0.00000000,0.00000000,0.00000000,0.00000000,0.00000000,0.00000000,0.00000000,0.00000000,0.00000000,0.00000000,0.04273504,0.00000000,0.00000000,0.00000000,0.01041667,0.00000000
0.01342282,0.00000000,0.00000000,0.00000000,0.02469136,0.00000000,0.00784314,0.02898551,0.11267606,0.00000000,0.01869159,1.00000000,0.05063291,0.05555556,0.07272727,0.04291845,0.00000000,0.00000000,0.00000000,0.00000000,0.00000000,0.00000000,0.00000000,0.00000000,0.00000000,0.00000000,0.00000000,0.00000000,0.00000000,0.00000000,0.00000000,0.00000000,0.00000000,0.00000000,0.00000000,0.00000000,0.00000000,0.00000000,0.00000000,0.00000000,0.00000000,0.00000000,0.00000000,0.00000000,0.00000000,0.00000000,0.00757576,0.00000000,0.00000000,0.00000000,0.00000000,0.00000000,0.00000000,0.00000000,0.00000000,0.00000000,0.00000000,0.00000000,0.00000000,0.00000000,0.00000000,0.00000000,0.00000000
0.01562500,0.00000000,0.00000000,0.00000000,0.00000000,0.00000000,0.00000000,0.00000000,0.04000000,0.03076923,0.00000000,0.05063291,1.00000000,0.00000000,0.00000000,0.03773585,0.07500000,0.00000000,0.00000000,0.00000000,0.00000000,0.00000000,0.00000000,0.00000000,0.00000000,0.00000000,0.00000000,0.00000000,0.00000000,0.00000000,0.00000000,0.00000000,0.00000000,0.00000000,0.00000000,0.00000000,0.00000000,0.00000000,0.00000000,0.00000000,0.00000000,0.00000000,0.00000000,0.00000000,0.00000000,0.00000000,0.00000000,0.00000000,0.00000000,0.00000000,0.00000000,0.00000000,0.00000000,0.00000000,0.00000000,0.00000000,0.00000000,0.00000000,0.00000000,0.00000000,0.00000000,0.00000000,0.00000000
0.00000000,0.00000000,0.00000000,0.00000000,0.00000000,0.06060606,0.00000000,0.00000000,0.13953488,0.00000000,0.02531646,0.05555556,0.00000000,1.00000000,0.14814815,0.03902439,0.00000000,0.00000000,0.00000000,0.00000000,0.00000000,0.00000000,0.00000000,0.00000000,0.00000000,0.00000000,0.00000000,0.00000000,0.00000000,0.00000000,0.00000000,0.00000000,0.00000000,0.00000000,0.02083333,0.00000000,0.00000000,0.00000000,0.00000000,0.00862069,0.03846154,0.00000000,0.00000000,0.00558659,0.00000000,0.00000000,0.00000000,0.00000000,0.00000000,0.00000000,0.00000000,0.00000000,0.00000000,0.00000000,0.00000000,0.00000000,0.00000000,0.00000000,0.00000000,0.04878049,0.00000000,0.00000000,0.00000000
0.00000000,0.00000000,0.00000000,0.00000000,0.00000000,0.00000000,0.00000000,0.00000000,0.07692308,0.00000000,0.00000000,0.07272727,0.00000000,0.14814815,1.00000000,0.00000000,0.00000000,0.00000000,0.00000000,0.00000000,0.00000000,0.00000000,0.00000000,0.00000000,0.00000000,0.00000000,0.00000000,0.00000000,0.00000000,0.00000000,0.00000000,0.00000000,0.00000000,0.00000000,0.00000000,0.00000000,0.00000000,0.00000000,0.00000000,0.00000000,0.17142857,0.00000000,0.00000000,0.00000000,0.00000000,0.00000000,0.00000000,0.00000000,0.00000000,0.00000000,0.00000000,0.00000000,0.00000000,0.00000000,0.00000000,0.00000000,0.00000000,0.00000000,0.00000000,0.00000000,0.00000000,0.00000000,0.00000000
0.02127660,0.01315789,0.00557103,0.01568627,0.02803738,0.01030928,0.03092784,0.01980198,0.01960784,0.03652968,0.01666667,0.04291845,0.03773585,0.03902439,0.00000000,1.00000000,0.04273504,0.00000000,0.00000000,0.00000000,0.00000000,0.00000000,0.00000000,0.00000000,0.00000000,0.00000000,0.00000000,0.00000000,0.00000000,0.00000000,0.00000000,0.00000000,0.00000000,0.00000000,0.00000000,0.00000000,0.00000000,0.00000000,0.00843882,0.00000000,0.00000000,0.00000000,0.00000000,0.00000000,0.00000000,0.00000000,0.01511335,0.00000000,0.00000000,0.00000000,0.00000000,0.00000000,0.00000000,0.00000000,0.00000000,0.00000000,0.00000000,0.00000000,0.00000000,0.00000000,0.00000000,0.00000000,0.00000000
0.00000000,0.01162791,0.00000000,0.00000000,0.00000000,0.00000000,0.02343750,0.00000000,0.00000000,0.06896552,0.00000000,0.00000000,0.07500000,0.00000000,0.00000000,0.04273504,1.00000000,0.00000000,0.02469136,0.00000000,0.00000000,0.00000000,0.00000000,0.00000000,0.00000000,0.00000000,0.00000000,0.00000000,0.00000000,0.01941748,0.09523810,0.00000000,0.00000000,0.01388889,0.00000000,0.00000000,0.00000000,0.00000000,0.00000000,0.03065134,0.00000000,0.04545455,0.00000000,0.00000000,0.00000000,0.00000000,0.00000000,0.00000000,0.00699301,0.00000000,0.00000000,0.00000000,0.08823529,0.00000000,0.00000000,0.00000000,0.00000000,0.00000000,0.00000000,0.00000000,0.00000000,0.00000000,0.00000000
0.01652893,0.01398601,0.03030303,0.02127660,0.00000000,0.00000000,0.00000000,0.00000000,0.00000000,0.00000000,0.00000000,0.00000000,0.00000000,0.00000000,0.00000000,0.00000000,0.00000000,1.00000000,0.00000000,0.00000000,0.00000000,0.00000000,0.00000000,0.00000000,0.00000000,0.00000000,0.00000000,0.04878049,0.00000000,0.00000000,0.00000000,0.03921569,0.02898551,0.05217391,0.00000000,0.04545455,0.00000000,0.00000000,0.00000000,0.00000000,0.00000000,0.00000000,0.00000000,0.00000000,0.00000000,0.00000000,0.00000000,0.00000000,0.00778210,0.00000000,0.00000000,0.00000000,0.00000000,0.00000000,0.00000000,0.00000000,0.00000000,0.00000000,0.00000000,0.00000000,0.00000000,0.00000000,0.00000000
0.00000000,0.00000000,0.00000000,0.00000000,0.00000000,0.00000000,0.00000000,0.00000000,0.00000000,0.00000000,0.00000000,0.00000000,0.00000000,0.00000000,0.00000000,0.00000000,0.02469136,0.00000000,1.00000000,0.03448276,0.00000000,0.00000000,0.00000000,0.00000000,0.00000000,0.00000000,0.00000000,0.00000000,0.00000000,0.00000000,0.14285714,0.00000000,0.00000000,0.04878049,0.01923077,0.00000000,0.00000000,0.00000000,0.00000000,0.00833333,0.00000000,0.00000000,0.00000000,0.05464481,0.00000000,0.00000000,0.00000000,0.00000000,0.00000000,0.00000000,0.00000000,0.00000000,0.00000000,0.00000000,0.00000000,0.00000000,0.00000000,0.00000000,0.00000000,0.00000000,0.00000000,0.00000000,0.00000000
0.03243243,0.00000000,0.00000000,0.00000000,0.00000000,0.00000000,0.01374570,0.01904762,0.01869159,0.00000000,0.00000000,0.00000000,0.00000000,0.00000000,0.00000000,0.00000000,0.00000000,0.00000000,0.03448276,1.00000000,0.04040404,0.00000000,0.00000000,0.00000000,0.01877934,0.00000000,0.00000000,0.00000000,0.01612903,0.00000000,0.00000000,0.00000000,0.07518797,0.05586592,0.02500000,0.00000000,0.00000000,0.00000000,0.00000000,0.00000000,0.00000000,0.00000000,0.00000000,0.00947867,0.00809717,0.00000000,0.00000000,0.00000000,0.00000000,0.00000000,0.00000000,0.00000000,0.00000000,0.00000000,0.00000000,0.00000000,0.00000000,0.00000000,0.00000000,0.00000000,0.00000000,0.00000000,0.00000000
0.00000000,0.00000000,0.00000000,0.00000000,0.00000000,0.00000000,0.00000000,0.00000000,0.00000000,0.00000000,0.00000000,0.00000000,0.00000000,0.00000000,0.00000000,0.00000000,0.00000000,0.00000000,0.00000000,0.04040404,1.00000000,0.00000000,0.00000000,0.00000000,0.02857143,0.00000000,0.00000000,0.00000000,0.00000000,0.00000000,0.00000000,0.00000000,0.00000000,0.00000000,0.00000000,0.00000000,0.00000000,0.00000000,0.00000000,0.00000000,0.00000000,0.00000000,0.07692308,0.01146132,0.00000000,0.00581395,0.00000000,0.00000000,0.00806452,0.00000000,0.00000000,0.00000000,0.00000000,0.00000000,0.00000000,0.00000000,0.00000000,0.00000000,0.00000000,0.00000000,0.00000000,0.00000000,0.00000000
0.00000000,0.00000000,0.00000000,0.00000000,0.00000000,0.00000000,0.00000000,0.00000000,0.06451613,0.04347826,0.00000000,0.00000000,0.00000000,0.00000000,0.00000000,0.00000000,0.00000000,0.00000000,0.00000000,0.00000000,0.00000000,1.00000000,0.00000000,0.00000000,0.00000000,0.00000000,0.00000000,0.00000000,0.00000000,0.00000000,0.00000000,0.00000000,0.00000000,0.00000000,0.00000000,0.00000000,0.00000000,0.00000000,0.00000000,0.00000000,0.00000000,0.00000000,0.08695652,0.00000000,0.00000000,0.00000000,0.00000000,0.00000000,0.00000000,0.00000000,0.00000000,0.00000000,0.00000000,0.00000000,0.00000000,0.00000000,0.00000000,0.00000000,0.00000000,0.00000000,0.00000000,0.00000000,0.00000000
0.00000000,0.00000000,0.00000000,0.00000000,0.00000000,0.00000000,0.00000000,0.00000000,0.00000000,0.00000000,0.00000000,0.00000000,0.00000000,0.00000000,0.00000000,0.00000000,0.00000000,0.00000000,0.00000000,0.00000000,0.00000000,0.00000000,1.00000000,0.00851064,0.01142857,0.00000000,0.02857143,0.00000000,0.00000000,0.00000000,0.00000000,0.07792208,0.00000000,0.01418440,0.00000000,0.00000000,0.00000000,0.00000000,0.00000000,0.00000000,0.00000000,0.00000000,0.00000000,0.00520833,0.00000000,0.01583113,0.00000000,0.00000000,0.00000000,0.00000000,0.00000000,0.00000000,0.00000000,0.00000000,0.00000000,0.00000000,0.00000000,0.00000000,0.00000000,0.00000000,0.00000000,0.00000000,0.00000000
0.01398601,0.00649351,0.00000000,0.00000000,0.00000000,0.00000000,0.00000000,0.00000000,0.00000000,0.00000000,0.00819672,0.00000000,0.00000000,0.00000000,0.00000000,0.00000000,0.00000000,0.00000000,0.00000000,0.00000000,0.00000000,0.00000000,0.00851064,1.00000000,0.02547771,0.02912621,0.01913876,0.00000000,0.00000000,0.01673640,0.00000000,0.00925926,0.01709402,0.00000000,0.03065134,0.03162055,0.00000000,0.00000000,0.00000000,0.00503778,0.00000000,0.00000000,0.00000000,0.00764818,0.00574713,0.01930502,0.00000000,0.04743083,0.00473934,0.00000000,0.00000000,0.00000000,0.01960784,0.00000000,0.00000000,0.00000000,0.00000000,0.00000000,0.00000000,0.00000000,0.01690141,0.00000000,0.00000000
0.00884956,0.00806452,0.00000000,0.00000000,0.00000000,0.00000000,0.00000000,0.00000000,0.00000000,0.00000000,0.00000000,0.00000000,0.00000000,0.00000000,0.00000000,0.00000000,0.00000000,0.00000000,0.00000000,0.01877934,0.02857143,0.00000000,0.01142857,0.02547771,1.00000000,0.00000000,0.01342282,0.00000000,0.00000000,0.01117318,0.00000000,0.02564103,0.01149425,0.00000000,0.05970149,0.03108808,0.00000000,0.00000000,0.02209945,0.00000000,0.00000000,0.00000000,0.01428571,0.00863931,0.00000000,0.13973799,0.00000000,0.01036269,0.01104972,0.03663004,0.00000000,0.07299270,0.01388889,0.01369863,0.01428571,0.00000000,0.00000000,0.00000000,0.00000000,0.00000000,0.00000000,0.00000000,0.00000000
0.00000000,0.00000000,0.00000000,0.00000000,0.00000000,0.00000000,0.00892857,0.00000000,0.00000000,0.00000000,0.00000000,0.00000000,0.00000000,0.00000000,0.00000000,0.00000000,0.00000000,0.00000000,0.00000000,0.00000000,0.00000000,0.00000000,0.00000000,0.02912621,0.00000000,1.00000000,0.00000000,0.00000000,0.00000000,0.00000000,0.00000000,0.00000000,0.00000000,0.00000000,0.00000000,0.00000000,0.00000000,0.00000000,0.00000000,0.03493450,0.00000000,0.00000000,0.12500000,0.00000000,0.00000000,0.00571429,0.00000000,0.00000000,0.00000000,0.00000000,0.00000000,0.00000000,0.00000000,0.00000000,0.00000000,0.00000000,0.00000000,0.00000000,0.00000000,0.00000000,0.02139037,0.00000000,0.00000000
0.00000000,0.00000000,0.00000000,0.00000000,0.00000000,0.00000000,0.00000000,0.00000000,0.00000000,0.00000000,0.00000000,0.00000000,0.00000000,0.00000000,0.00000000,0.00000000,0.00000000,0.00000000,0.00000000,0.00000000,0.00000000,0.00000000,0.02857143,0.01913876,0.01342282,0.00000000,1.00000000,0.00000000,0.00000000,0.02702703,0.00000000,0.00000000,0.02898551,0.00000000,0.00000000,0.00000000,0.00000000,0.00000000,0.00000000,0.00000000,0.00000000,0.00000000,0.00000000,0.01117318,0.00000000,0.00566572,0.00000000,0.00000000,0.00000000,0.01190476,0.00000000,0.00000000,0.00000000,0.00000000,0.00000000,0.00000000,0.00000000,0.00000000,0.01834862,0.00000000,0.00000000,0.00000000,0.00000000
0.00000000,0.00000000,0.00000000,0.00000000,0.00000000,0.00000000,0.00892857,0.00000000,0.00000000,0.00000000,0.00000000,0.00000000,0.00000000,0.00000000,0.00000000,0.00000000,0.00000000,0.04878049,0.00000000,0.00000000,0.00000000,0.00000000,0.00000000,0.00000000,0.00000000,0.00000000,0.00000000,1.00000000,0.00000000,0.14084507,0.00000000,0.08333333,0.00000000,0.05357143,0.00000000,0.00000000,0.00000000,0.00000000,0.00000000,0.00000000,0.00000000,0.00000000,0.00000000,0.00000000,0.00000000,0.00000000,0.00000000,0.00000000,0.00000000,0.00000000,0.00000000,0.00000000,0.00000000,0.00000000,0.00000000,0.00000000,0.00000000,0.00000000,0.00000000,0.00000000,0.00000000,0.00000000,0.00000000
0.02919708,0.00000000,0.00000000,0.00000000,0.00000000,0.00000000,0.00000000,0.00000000,0.00000000,0.00000000,0.00000000,0.00000000,0.00000000,0.00000000,0.00000000,0.00000000,0.00000000,0.00000000,0.00000000,0.01612903,0.00000000,0.00000000,0.00000000,0.00000000,0.00000000,0.00000000,0.00000000,0.00000000,1.00000000,0.13333333,0.00000000,0.00000000,0.00000000,0.06106870,0.01785714,0.00000000,0.00000000,0.00000000,0.00000000,0.00000000,0.00000000,0.00000000,0.00000000,0.00534759,0.01005025,0.05962060,0.00793651,0.00000000,0.00000000,0.00000000,0.00000000,0.00000000,0.00000000,0.00000000,0.00000000,0.00000000,0.00000000,0.00000000,0.00000000,0.00000000,0.00000000,0.01156069,0.00000000
0.02649007,0.00000000,0.00000000,0.00000000,0.00000000,0.00000000,0.00778210,0.00000000,0.00000000,0.00000000,0.00000000,0.00000000,0.00000000,0.00000000,0.00000000,0.00000000,0.01941748,0.00000000,0.00000000,0.00000000,0.00000000,0.00000000,0.00000000,0.01673640,0.01117318,0.00000000,0.02702703,0.14084507,0.13333333,1.00000000,0.03125000,0.09876543,0.02020202,0.06896552,0.03174603,0.00000000,0.00000000,0.00000000,0.00000000,0.00000000,0.00000000,0.00000000,0.00000000,0.02061856,0.00000000,0.00522193,0.00751880,0.00000000,0.00696864,0.01010101,0.00000000,0.00000000,0.00000000,0.00000000,0.00000000,0.00000000,0.00000000,0.00000000,0.00000000,0.00000000,0.00000000,0.01069519,0.00000000
0.00000000,0.00000000,0.00000000,0.00000000,0.00000000,0.00000000,0.00921659,0.00000000,0.00000000,0.00000000,0.00000000,0.00000000,0.00000000,0.00000000,0.00000000,0.00000000,0.09523810,0.00000000,0.14285714,0.00000000,0.00000000,0.00000000,0.00000000,0.00000000,0.00000000,0.00000000,0.00000000,0.00000000,0.00000000,0.03125000,1.00000000,0.00000000,0.00000000,0.03809524,0.00000000,0.00000000,0.00000000,0.00000000,0.00000000,0.00000000,0.00000000,0.00000000,0.00000000,0.00000000,0.00000000,0.00000000,0.00000000,0.00000000,0.00000000,0.00000000,0.00000000,0.00000000,0.00000000,0.00000000,0.00000000,0.00000000,0.00000000,0.00000000,0.00000000,0.00000000,0.00000000,0.00000000,0.00000000
0.00000000,0.00000000,0.00000000,0.00000000,0.00000000,0.00000000,0.00000000,0.00000000,0.00000000,0.00000000,0.00000000,0.00000000,0.00000000,0.00000000,0.00000000,0.00000000,0.00000000,0.03921569,0.00000000,0.00000000,0.00000000,0.00000000,0.07792208,0.00925926,0.02564103,0.00000000,0.00000000,0.08333333,0.00000000,0.09876543,0.00000000,1.00000000,0.00000000,0.01639344,0.03883495,0.00000000,0.00000000,0.00000000,0.00000000,0.00000000,0.00000000,0.00000000,0.00000000,0.00000000,0.00000000,0.00555556,0.00823045,0.00000000,0.00757576,0.00000000,0.00000000,0.00000000,0.00000000,0.00000000,0.00000000,0.00000000,0.00000000,0.00000000,0.00000000,0.00000000,0.01015228,0.00000000,0.00000000
0.01369863,0.00000000,0.00000000,0.00000000,0.00000000,0.00000000,0.00000000,0.00000000,0.00000000,0.00000000,0.01923077,0.00000000,0.00000000,0.00000000,0.00000000,0.00000000,0.00000000,0.02898551,0.00000000,0.07518797,0.00000000,0.00000000,0.00000000,0.01709402,0.01149425,0.00000000,0.02898551,0.00000000,0.00000000,0.02020202,0.00000000,0.00000000,1.00000000,0.07142857,0.09917355,0.01769912,0.00000000,0.00000000,0.00000000,0.00000000,0.00000000,0.00000000,0.00000000,0.01044386,0.00000000,0.04232804,0.00000000,0.01769912,0.02127660,0.01036269,0.00000000,0.00000000,0.00000000,0.00000000,0.00000000,0.00000000,0.00000000,0.00000000,0.00000000,0.03030303,0.00000000,0.00000000,0.00000000
0.01041667,0.00934579,0.00000000,0.00000000,0.00000000,0.00000000,0.00000000,0.00000000,0.00000000,0.00000000,0.01333333,0.00000000,0.00000000,0.00000000,0.00000000,0.00000000,0.01388889,0.05217391,0.04878049,0.05586592,0.00000000,0.00000000,0.01418440,0.00000000,0.00000000,0.00000000,0.00000000,0.05357143,0.06106870,0.06896552,0.03809524,0.01639344,0.07142857,1.00000000,0.20359281,0.01257862,0.00000000,0.00000000,0.00000000,0.00660066,0.00000000,0.00000000,0.00000000,0.00466200,0.00000000,0.00471698,0.00000000,0.00000000,0.00609756,0.00000000,0.00000000,0.00000000,0.00000000,0.00000000,0.00000000,0.00000000,0.00000000,0.00740741,0.00000000,0.00000000,0.00000000,0.00000000,0.00000000
0.00000000,0.00000000,0.00000000,0.00000000,0.00000000,0.00000000,0.00000000,0.00000000,0.00000000,0.00000000,0.01526718,0.00000000,0.00000000,0.02083333,0.00000000,0.00000000,0.00000000,0.00000000,0.01923077,0.02500000,0.00000000,0.00000000,0.00000000,0.03065134,0.05970149,0.00000000,0.00000000,0.00000000,0.01785714,0.03174603,0.00000000,0.03883495,0.09917355,0.20359281,1.00000000,0.01428571,0.00000000,0.00000000,0.00000000,0.00704225,0.00000000,0.00000000,0.00000000,0.00975610,0.00000000,0.05432099,0.00000000,0.00000000,0.00647249,0.00000000,0.00000000,0.00000000,0.00000000,0.00000000,0.00000000,0.00000000,0.00000000,0.00000000,0.00000000,0.00000000,0.00000000,0.00000000,0.00000000
0.01212121,0.00000000,0.00000000,0.00000000,0.00000000,0.00000000,0.00000000,0.00000000,0.00000000,0.00000000,0.00000000,0.00000000,0.00000000,0.00000000,0.00000000,0.00000000,0.00000000,0.04545455,0.00000000,0.00000000,0.00000000,0.00000000,0.00000000,0.03162055,0.03108808,0.00000000,0.00000000,0.00000000,0.00000000,0.00000000,0.00000000,0.00000000,0.01769912,0.01257862,0.01428571,1.00000000,0.00000000,0.00000000,0.01666667,0.00000000,0.00000000,0.00000000,0.00000000,0.00000000,0.00000000,0.03022670,0.01428571,0.01515152,0.01328904,0.00943396,0.00000000,0.00000000,0.00000000,0.00000000,0.00000000,0.00000000,0.00000000,0.08230453,0.03921569,0.02352941,0.17094017,0.00000000,0.00000000
0.00000000,0.10526316,0.00000000,0.00000000,0.00000000,0.00000000,0.00000000,0.08000000,0.00000000,0.02985075,0.00000000,0.00000000,0.00000000,0.00000000,0.00000000,0.00000000,0.00000000,0.00000000,0.00000000,0.00000000,0.00000000,0.00000000,0.00000000,0.00000000,0.00000000,0.00000000,0.00000000,0.00000000,0.00000000,0.00000000,0.00000000,0.00000000,0.00000000,0.00000000,0.00000000,0.00000000,1.00000000,0.09523810,0.04705882,0.00829876,0.00000000,0.00000000,0.00000000,0.00000000,0.00000000,0.00000000,0.00000000,0.00000000,0.00000000,0.00000000,0.00000000,0.00000000,0.00000000,0.00000000,0.00000000,0.00000000,0.00000000,0.00000000,0.00000000,0.00000000,0.00000000,0.00000000,0.00000000
0.00000000,0.01515152,0.00000000,0.00000000,0.00000000,0.00000000,0.00925926,0.00000000,0.00000000,0.00000000,0.00000000,0.00000000,0.00000000,0.00000000,0.00000000,0.00000000,0.00000000,0.00000000,0.00000000,0.00000000,0.00000000,0.00000000,0.00000000,0.00000000,0.00000000,0.00000000,0.00000000,0.00000000,0.00000000,0.00000000,0.00000000,0.00000000,0.00000000,0.00000000,0.00000000,0.00000000,0.09523810,1.00000000,0.09230769,0.00000000,0.00000000,0.00000000,0.00000000,0.01152738,0.00000000,0.00000000,0.00000000,0.00000000,0.00000000,0.00000000,0.00000000,0.00000000,0.00000000,0.00000000,0.00000000,0.00000000,0.00000000,0.00000000,0.00000000,0.00000000,0.00000000,0.00000000,0.00000000
0.00000000,0.00000000,0.00000000,0.00000000,0.00000000,0.00000000,0.00000000,0.00000000,0.00000000,0.00000000,0.00000000,0.00000000,0.00000000,0.00000000,0.00000000,0.00843882,0.00000000,0.00000000,0.00000000,0.00000000,0.00000000,0.00000000,0.00000000,0.00000000,0.02209945,0.00000000,0.00000000,0.00000000,0.00000000,0.00000000,0.00000000,0.00000000,0.00000000,0.00000000,0.00000000,0.01666667,0.04705882,0.09230769,1.00000000,0.00000000,0.02380952,0.06593407,0.05970149,0.01025641,0.00000000,0.00000000,0.00000000,0.00000000,0.00000000,0.00000000,0.00000000,0.00000000,0.00000000,0.00000000,0.02985075,0.00000000,0.00000000,0.00000000,0.00000000,0.00000000,0.00000000,0.00000000,0.00000000
0.00000000,0.00000000,0.00000000,0.00000000,0.00829876,0.00000000,0.00000000,0.00000000,0.00865801,0.00000000,0.00000000,0.00000000,0.00000000,0.00862069,0.00000000,0.00000000,0.03065134,0.00000000,0.00833333,0.00000000,0.00000000,0.00000000,0.00000000,0.00503778,0.00000000,0.03493450,0.00000000,0.00000000,0.00000000,0.00000000,0.00000000,0.00000000,0.00000000,0.00660066,0.00704225,0.00000000,0.00829876,0.00000000,0.00000000,1.00000000,0.00833333,0.04048583,0.00000000,0.00000000,0.00000000,0.00369686,0.00000000,0.00000000,0.00000000,0.00000000,0.00000000,0.00000000,0.00000000,0.00000000,0.00000000,0.00000000,0.00000000,0.00000000,0.00000000,0.00000000,0.00000000,0.00000000,0.00000000
0.00000000,0.00000000,0.00000000,0.00000000,0.00000000,0.00000000,0.00000000,0.00000000,0.00000000,0.00000000,0.00000000,0.00000000,0.00000000,0.03846154,0.17142857,0.00000000,0.00000000,0.00000000,0.00000000,0.00000000,0.00000000,0.00000000,0.00000000,0.00000000,0.00000000,0.00000000,0.00000000,0.00000000,0.00000000,0.00000000,0.00000000,0.00000000,0.00000000,0.00000000,0.00000000,0.00000000,0.00000000,0.00000000,0.02380952,0.00833333,1.00000000,0.23880597,0.00000000,0.00000000,0.00000000,0.00000000,0.00000000,0.00000000,0.00000000,0.00000000,0.00000000,0.00000000,0.00000000,0.00000000,0.00000000,0.00000000,0.00000000,0.00000000,0.00000000,0.00000000,0.00000000,0.00000000,0.00000000
0.01470588,0.00000000,0.00938967,0.00000000,0.00000000,0.00000000,0.00000000,0.00000000,0.00000000,0.02739726,0.00000000,0.00000000,0.00000000,0.00000000,0.00000000,0.00000000,0.04545455,0.00000000,0.00000000,0.00000000,0.00000000,0.00000000,0.00000000,0.00000000,0.00000000,0.00000000,0.00000000,0.00000000,0.00000000,0.00000000,0.00000000,0.00000000,0.00000000,0.00000000,0.00000000,0.00000000,0.00000000,0.00000000,0.06593407,0.04048583,0.23880597,1.00000000,0.04000000,0.00000000,0.00000000,0.00000000,0.00000000,0.00000000,0.00000000,0.00000000,0.00000000,0.00000000,0.00000000,0.00000000,0.00000000,0.00000000,0.00000000,0.00000000,0.00000000,0.00000000,0.00000000,0.00000000,0.00000000
0.01785714,0.00000000,0.00000000,0.00000000,0.00000000,0.00000000,0.00000000,0.00000000,0.00000000,0.00000000,0.00000000,0.00000000,0.00000000,0.00000000,0.00000000,0.00000000,0.00000000,0.00000000,0.00000000,0.00000000,0.07692308,0.08695652,0.00000000,0.00000000,0.01428571,0.12500000,0.00000000,0.00000000,0.00000000,0.00000000,0.00000000,0.00000000,0.00000000,0.00000000,0.00000000,0.00000000,0.00000000,0.00000000,0.05970149,0.00000000,0.00000000,0.04000000,1.00000000,0.00000000,0.00000000,0.00000000,0.00000000,0.00000000,0.00000000,0.00000000,0.00000000,0.00000000,0.00000000,0.00000000,0.00000000,0.00000000,0.00000000,0.00000000,0.00000000,0.00000000,0.00000000,0.00000000,0.00000000
0.00459770,0.00437637,0.00000000,0.00000000,0.00000000,0.00000000,0.00000000,0.00000000,0.00000000,0.00000000,0.02035623,0.00000000,0.00000000,0.00558659,0.00000000,0.00000000,0.00000000,0.00000000,0.05464481,0.00947867,0.01146132,0.00000000,0.00520833,0.00764818,0.00863931,0.00000000,0.01117318,0.00000000,0.00534759,0.02061856,0.00000000,0.00000000,0.01044386,0.00466200,0.00975610,0.00000000,0.00000000,0.01152738,0.01025641,0.00000000,0.00000000,0.00000000,0.00000000,1.00000000,0.10865191,0.00899550,0.00727273,0.00497512,0.00000000,0.00414938,0.00000000,0.00000000,0.00000000,0.02253521,0.00000000,0.00000000,0.00000000,0.06627680,0.01891253,0.02253521,0.03174603,0.02123142,0.00000000
0.03076923,0.00000000,0.00000000,0.03433476,0.00000000,0.00000000,0.00546448,0.01111111,0.00000000,0.00000000,0.00000000,0.00000000,0.00000000,0.00000000,0.00000000,0.00000000,0.00000000,0.00000000,0.00000000,0.00809717,0.00000000,0.00000000,0.00000000,0.00574713,0.00000000,0.00000000,0.00000000,0.00000000,0.01005025,0.00000000,0.00000000,0.00000000,0.00000000,0.00000000,0.00000000,0.00000000,0.00000000,0.00000000,0.00000000,0.00000000,0.00000000,0.00000000,0.00000000,0.10865191,1.00000000,0.00000000,0.00000000,0.00000000,0.00000000,0.00000000,0.00000000,0.00000000,0.00000000,0.00000000,0.00000000,0.00000000,0.00000000,0.03550296,0.00000000,0.00000000,0.01215805,0.02027027,0.00000000
0.02790698,0.00442478,0.00000000,0.00000000,0.00000000,0.00000000,0.00373134,0.00000000,0.00000000,0.00000000,0.06701031,0.00000000,0.00000000,0.00000000,0.00000000,0.00000000,0.00000000,0.00000000,0.00000000,0.00000000,0.00581395,0.00000000,0.01583113,0.01930502,0.13973799,0.00571429,0.00566572,0.00000000,0.05962060,0.00522193,0.00000000,0.00555556,0.04232804,0.00471698,0.05432099,0.03022670,0.00000000,0.00000000,0.00000000,0.00369686,0.00000000,0.00000000,0.00000000,0.00899550,0.00000000,1.00000000,0.04770642,0.00000000,0.01766784,0.02096436,0.00000000,0.02346041,0.00574713,0.01714286,0.00000000,0.00000000,0.00000000,0.04330709,0.00000000,0.00571429,0.02805611,0.00000000,0.00000000
0.07667732,0.00000000,0.02051282,0.00699301,0.00000000,0.00000000,0.00477327,0.00000000,0.00851064,0.00000000,0.00000000,0.00757576,0.00000000,0.00000000,0.00000000,0.01511335,0.00000000,0.00000000,0.00000000,0.00000000,0.00000000,0.00000000,0.00000000,0.00000000,0.00000000,0.00000000,0.00000000,0.00000000,0.00793651,0.00751880,0.00000000,0.00823045,0.00000000,0.00000000,0.00000000,0.01428571,0.00000000,0.00000000,0.00000000,0.00000000,0.00000000,0.00000000,0.00000000,0.00727273,0.00000000,0.04770642,1.00000000,0.00000000,0.00000000,0.00555556,0.00000000,0.00000000,0.00000000,0.00000000,0.00000000,0.00000000,0.00000000,0.01534527,0.02657807,0.01716738,0.05759162,0.13180516,0.00000000
0.03636364,0.10695187,0.00000000,0.00000000,0.00000000,0.00000000,0.00000000,0.00000000,0.00000000,0.00000000,0.00000000,0.00000000,0.00000000,0.00000000,0.00000000,0.00000000,0.00000000,0.00000000,0.00000000,0.00000000,0.00000000,0.00000000,0.00000000,0.04743083,0.01036269,0.00000000,0.00000000,0.00000000,0.00000000,0.00000000,0.00000000,0.00000000,0.01769912,0.00000000,0.00000000,0.01515152,0.00000000,0.00000000,0.00000000,0.00000000,0.00000000,0.00000000,0.00000000,0.00497512,0.00000000,0.00000000,0.00000000,1.00000000,0.04651163,0.01886792,0.00000000,0.00000000,0.00000000,0.02352941,0.02531646,0.00000000,0.00000000,0.00823045,0.00000000,0.00000000,0.00000000,0.00000000,0.00000000
0.01796407,0.00561798,0.00486618,0.00000000,0.00000000,0.00000000,0.00000000,0.00000000,0.00000000,0.00000000,0.00000000,0.00000000,0.00000000,0.00000000,0.00000000,0.00000000,0.00699301,0.00778210,0.00000000,0.00000000,0.00806452,0.00000000,0.00000000,0.00473934,0.01104972,0.00000000,0.00000000,0.00000000,0.00000000,0.00696864,0.00000000,0.00757576,0.02127660,0.00609756,0.00647249,0.01328904,0.00000000,0.00000000,0.00000000,0.00000000,0.00000000,0.00000000,0.00000000,0.00000000,0.00000000,0.01766784,0.00000000,0.04651163,1.00000000,0.07349081,0.00000000,0.00000000,0.00000000,0.00787402,0.00000000,0.00000000,0.00847458,0.00485437,0.00000000,0.00000000,0.00000000,0.00000000,0.00000000
0.02448980,0.00000000,0.00000000,0.00000000,0.00000000,0.00000000,0.00000000,0.00000000,0.00000000,0.00000000,0.00000000,0.00000000,0.00000000,0.00000000,0.00000000,0.00000000,0.00000000,0.00000000,0.00000000,0.00000000,0.00000000,0.00000000,0.00000000,0.00000000,0.03663004,0.00000000,0.01190476,0.00000000,0.00000000,0.01010101,0.00000000,0.00000000,0.01036269,0.00000000,0.00000000,0.00943396,0.00000000,0.00000000,0.00000000,0.00000000,0.00000000,0.00000000,0.00000000,0.00414938,0.00000000,0.02096436,0.00555556,0.01886792,0.07349081,1.00000000,0.00000000,0.02564103,0.00000000,0.01212121,0.00000000,0.00000000,0.01360544,0.00000000,0.00000000,0.00000000,0.00000000,0.00000000,0.00000000
0.00000000,0.01612903,0.00000000,0.00000000,0.00000000,0.00000000,0.00000000,0.00000000,0.00000000,0.00000000,0.00000000,0.00000000,0.00000000,0.00000000,0.00000000,0.00000000,0.00000000,0.00000000,0.00000000,0.00000000,0.00000000,0.00000000,0.00000000,0.00000000,0.00000000,0.00000000,0.00000000,0.00000000,0.00000000,0.00000000,0.00000000,0.00000000,0.00000000,0.00000000,0.00000000,0.00000000,0.00000000,0.00000000,0.00000000,0.00000000,0.00000000,0.00000000,0.00000000,0.00000000,0.00000000,0.00000000,0.00000000,0.00000000,0.00000000,0.00000000,1.00000000,0.00000000,0.00000000,0.00000000,0.00000000,0.00000000,0.00000000,0.00000000,0.00000000,0.00000000,0.00000000,0.00000000,0.00000000
0.01834862,0.00000000,0.00000000,0.00000000,0.00000000,0.00000000,0.00000000,0.00000000,0.00000000,0.00000000,0.00000000,0.00000000,0.00000000,0.00000000,0.00000000,0.00000000,0.00000000,0.00000000,0.00000000,0.00000000,0.00000000,0.00000000,0.00000000,0.00000000,0.07299270,0.00000000,0.00000000,0.00000000,0.00000000,0.00000000,0.00000000,0.00000000,0.00000000,0.00000000,0.00000000,0.00000000,0.00000000,0.00000000,0.00000000,0.00000000,0.00000000,0.00000000,0.00000000,0.00000000,0.00000000,0.02346041,0.00000000,0.00000000,0.00000000,0.02564103,0.00000000,1.00000000,0.00000000,0.06896552,0.00000000,0.00000000,0.00000000,0.00000000,0.00000000,0.00000000,0.01123596,0.00000000,0.00000000
0.05172414,0.01449275,0.01036269,0.00000000,0.00000000,0.00000000,0.00000000,0.00000000,0.00000000,0.00000000,0.00000000,0.00000000,0.00000000,0.00000000,0.00000000,0.00000000,0.08823529,0.00000000,0.00000000,0.00000000,0.00000000,0.00000000,0.00000000,0.01960784,0.01388889,0.00000000,0.00000000,0.00000000,0.00000000,0.00000000,0.00000000,0.00000000,0.00000000,0.00000000,0.00000000,0.00000000,0.00000000,0.00000000,0.00000000,0.00000000,0.00000000,0.00000000,0.00000000,0.00000000,0.00000000,0.00574713,0.00000000,0.00000000,0.00000000,0.00000000,0.00000000,0.00000000,1.00000000,0.00000000,0.06666667,0.00000000,0.00000000,0.00000000,0.00000000,0.00000000,0.01081081,0.00000000,0.00000000
0.03389831,0.00000000,0.00000000,0.00000000,0.00000000,0.00000000,0.00000000,0.00000000,0.00000000,0.00000000,0.00000000,0.00000000,0.00000000,0.00000000,0.00000000,0.00000000,0.00000000,0.00000000,0.00000000,0.00000000,0.00000000,0.00000000,0.00000000,0.00000000,0.01369863,0.00000000,0.00000000,0.00000000,0.00000000,0.00000000,0.00000000,0.00000000,0.00000000,0.00000000,0.00000000,0.00000000,0.00000000,0.00000000,0.00000000,0.00000000,0.00000000,0.00000000,0.00000000,0.02253521,0.00000000,0.01714286,0.00000000,0.02352941,0.00787402,0.01212121,0.00000000,0.06896552,0.00000000,1.00000000,0.18750000,0.00000000,0.00000000,0.00000000,0.00000000,0.00000000,0.00000000,0.00000000,0.00000000
0.01785714,0.00000000,0.00000000,0.00000000,0.00000000,0.00000000,0.00000000,0.00000000,0.00000000,0.00000000,0.00000000,0.00000000,0.00000000,0.00000000,0.00000000,0.00000000,0.00000000,0.00000000,0.00000000,0.00000000,0.00000000,0.00000000,0.00000000,0.00000000,0.01428571,0.00000000,0.00000000,0.00000000,0.00000000,0.00000000,0.00000000,0.00000000,0.00000000,0.00000000,0.00000000,0.00000000,0.00000000,0.00000000,0.02985075,0.00000000,0.00000000,0.00000000,0.00000000,0.00000000,0.00000000,0.00000000,0.00000000,0.02531646,0.00000000,0.00000000,0.00000000,0.00000000,0.06666667,0.18750000,1.00000000,0.00000000,0.00000000,0.00000000,0.00000000,0.00000000,0.00000000,0.00000000,0.00000000
0.00000000,0.10852713,0.00000000,0.00000000,0.00000000,0.00000000,0.00000000,0.00000000,0.00000000,0.00000000,0.00000000,0.00000000,0.00000000,0.00000000,0.00000000,0.00000000,0.00000000,0.00000000,0.00000000,0.00000000,0.00000000,0.00000000,0.00000000,0.00000000,0.00000000,0.00000000,0.00000000,0.00000000,0.00000000,0.00000000,0.00000000,0.00000000,0.00000000,0.00000000,0.00000000,0.00000000,0.00000000,0.00000000,0.00000000,0.00000000,0.00000000,0.00000000,0.00000000,0.00000000,0.00000000,0.00000000,0.00000000,0.00000000,0.00000000,0.00000000,0.00000000,0.00000000,0.00000000,0.00000000,0.00000000,1.00000000,0.00000000,0.00000000,0.00000000,0.00000000,0.00000000,0.00000000,0.00000000
0.00000000,0.00000000,0.00000000,0.00000000,0.00000000,0.00000000,0.00000000,0.00000000,0.00000000,0.00000000,0.00000000,0.00000000,0.00000000,0.00000000,0.00000000,0.00000000,0.00000000,0.00000000,0.00000000,0.00000000,0.00000000,0.00000000,0.00000000,0.00000000,0.00000000,0.00000000,0.00000000,0.00000000,0.00000000,0.00000000,0.00000000,0.00000000,0.00000000,0.00000000,0.00000000,0.00000000,0.00000000,0.00000000,0.00000000,0.00000000,0.00000000,0.00000000,0.00000000,0.00000000,0.00000000,0.00000000,0.00000000,0.00000000,0.00847458,0.01360544,0.00000000,0.00000000,0.00000000,0.00000000,0.00000000,0.00000000,1.00000000,0.00000000,0.00000000,0.00000000,0.00000000,0.00000000,0.00000000
