99,220,275,171,130,110,304,118,120,135,156,149,128,121,104,282,150,121,129,185,112,109,147,286,226,118,121,118,137,151,111,128,146,192,173,165,130,110,153,309,129,136,112,435,260,430,313,165,334,245,102,109,116,118,112,107,100,276,186,118,267,234,100
220,121,297,193,152,132,326,140,142,157,178,171,150,143,126,304,172,143,151,207,134,131,169,308,248,140,143,140,159,173,133,150,168,214,195,187,152,132,175,331,151,158,134,457,282,452,335,187,356,267,124,131,138,140,134,129,122,298,208,140,289,256,122
275,297,176,248,207,187,381,195,197,212,233,226,205,198,181,359,227,198,206,262,189,186,224,363,303,195,198,195,214,228,188,205,223,269,250,242,207,187,230,386,206,213,189,512,337,507,390,242,411,322,179,186,193,195,189,184,177,353,263,195,344,311,177
171,193,248,72,103,83,277,91,93,108,129,122,101,94,77,255,123,94,102,158,85,82,120,259,199,91,94,91,110,124,84,101,119,165,146,138,103,83,126,282,102,109,85,408,233,403,286,138,307,218,75,82,89,91,85,80,73,249,159,91,240,207,73
130,152,207,103,31,42,236,50,52,67,88,81,60,53,36,214,82,53,61,117,44,41,79,218,158,50,53,50,69,83,43,60,78,124,105,97,62,42,85,241,61,68,44,367,192,362,245,97,266,177,34,41,48,50,44,39,32,208,118,50,199,166,32
110,132,187,83,42,11,216,30,32,47,68,61,40,33,16,194,62,33,41,97,24,21,59,198,138,30,33,30,49,63,23,40,58,104,85,77,42,22,65,221,41,48,24,347,172,342,225,77,246,157,14,21,28,30,24,19,12,188,98,30,179,146,12
304,326,381,277,236,216,205,224,226,241,262,255,234,227,210,388,256,227,235,291,218,215,253,392,332,224,227,224,243,257,217,234,252,298,279,271,236,216,259,415,235,242,218,541,366,536,419,271,440,351,208,215,222,224,218,213,206,382,292,224,373,340,206
118,140,195,91,50,30,224,19,40,55,76,69,48,41,24,202,70,41,49,105,32,29,67,206,146,38,41,38,57,71,31,48,66,112,93,85,50,30,73,229,49,56,32,355,180,350,233,85,254,165,22,29,36,38,32,27,20,196,106,38,187,154,20
120,142,197,93,52,32,226,40,21,57,78,71,50,43,26,204,72,43,51,107,34,31,69,208,148,40,43,40,59,73,33,50,68,114,95,87,52,32,75,231,51,58,34,357,182,352,235,87,256,167,24,31,38,40,34,29,22,198,108,40,189,156,22
135,157,212,108,67,47,241,55,57,36,93,86,65,58,41,219,87,58,66,122,49,46,84,223,163,55,58,55,74,88,48,65,83,129,110,102,67,47,90,246,66,73,49,372,197,367,250,102,271,182,39,46,53,55,49,44,37,213,123,55,204,171,37
156,178,233,129,88,68,262,76,78,93,57,107,86,79,62,240,108,79,87,143,70,67,105,244,184,76,79,76,95,109,69,86,104,150,131,123,88,68,111,267,87,94,70,393,218,388,271,123,292,203,60,67,74,76,70,65,58,234,144,76,225,192,58
149,171,226,122,81,61,255,69,71,86,107,50,79,72,55,233,101,72,80,136,63,60,98,237,177,69,72,69,88,102,62,79,97,143,124,116,81,61,104,260,80,87,63,386,211,381,264,116,285,196,53,60,67,69,63,58,51,227,137,69,218,185,51
128,150,205,101,60,40,234,48,50,65,86,79,29,51,34,212,80,51,59,115,42,39,77,216,156,48,51,48,67,81,41,58,76,122,103,95,60,40,83,239,59,66,42,365,190,360,243,95,264,175,32,39,46,48,42,37,30,206,116,48,197,164,30
121,143,198,94,53,33,227,41,43,58,79,72,51,22,27,205,73,44,52,108,35,32,70,209,149,41,44,41,60,74,34,51,69,115,96,88,53,33,76,232,52,59,35,358,183,353,236,88,257,168,25,32,39,41,35,30,23,199,109,41,190,157,23
104,126,181,77,36,16,210,24,26,41,62,55,34,27,5,188,56,27,35,91,18,15,53,192,132,24,27,24,43,57,17,34,52,98,79,71,36,16,59,215,35,42,18,341,166,336,219,71,240,151,8,15,22,24,18,13,6,182,92,24,173,140,6
282,304,359,255,214,194,388,202,204,219,240,233,212,205,188,183,234,205,213,269,196,193,231,370,310,202,205,202,221,235,195,212,230,276,257,249,214,194,237,393,213,220,196,519,344,514,397,249,418,329,186,193,200,202,196,191,184,360,270,202,351,318,184
150,172,227,123,82,62,256,70,72,87,108,101,80,73,56,234,51,73,81,137,64,61,99,238,178,70,73,70,89,103,63,80,98,144,125,117,82,62,105,261,81,88,64,387,212,382,265,117,286,197,54,61,68,70,64,59,52,228,138,70,219,186,52
121,143,198,94,53,33,227,41,43,58,79,72,51,44,27,205,73,22,52,108,35,32,70,209,149,41,44,41,60,74,34,51,69,115,96,88,53,33,76,232,52,59,35,358,183,353,236,88,257,168,25,32,39,41,35,30,23,199,109,41,190,157,23
129,151,206,102,61,41,235,49,51,66,87,80,59,52,35,213,81,52,30,116,43,40,78,217,157,49,52,49,68,82,42,59,77,123,104,96,61,41,84,240,60,67,43,366,191,361,244,96,265,176,33,40,47,49,43,38,31,207,117,49,198,165,31
185,207,262,158,117,97,291,105,107,122,143,136,115,108,91,269,137,108,116,86,99,96,134,273,213,105,108,105,124,138,98,115,133,179,160,152,117,97,140,296,116,123,99,422,247,417,300,152,321,232,89,96,103,105,99,94,87,263,173,105,254,221,87
112,134,189,85,44,24,218,32,34,49,70,63,42,35,18,196,64,35,43,99,13,23,61,200,140,32,35,32,51,65,25,42,60,106,87,79,44,24,67,223,43,50,26,349,174,344,227,79,248,159,16,23,30,32,26,21,14,190,100,32,181,148,14
109,131,186,82,41,21,215,29,31,46,67,60,39,32,15,193,61,32,40,96,23,10,58,197,137,29,32,29,48,62,22,39,57,103,84,76,41,21,64,220,40,47,23,346,171,341,224,76,245,156,13,20,27,29,23,18,11,187,97,29,178,145,11
147,169,224,120,79,59,253,67,69,84,105,98,77,70,53,231,99,70,78,134,61,58,48,235,175,67,70,67,86,100,60,77,95,141,122,114,79,59,102,258,78,85,61,384,209,379,262,114,283,194,51,58,65,67,61,56,49,225,135,67,216,183,49
286,308,363,259,218,198,392,206,208,223,244,237,216,209,192,370,238,209,217,273,200,197,235,187,314,206,209,206,225,239,199,216,234,280,261,253,218,198,241,397,217,224,200,523,348,518,401,253,422,333,190,197,204,206,200,195,188,364,274,206,355,322,188
226,248,303,199,158,138,332,146,148,163,184,177,156,149,132,310,178,149,157,213,140,137,175,314,127,146,149,146,165,179,139,156,174,220,201,193,158,138,181,337,157,164,140,463,288,458,341,193,362,273,130,137,144,146,140,135,128,304,214,146,295,262,128
118,140,195,91,50,30,224,38,40,55,76,69,48,41,24,202,70,41,49,105,32,29,67,206,146,19,41,38,57,71,31,48,66,112,93,85,50,30,73,229,49,56,32,355,180,350,233,85,254,165,22,29,36,38,32,27,20,196,106,38,187,154,20
121,143,198,94,53,33,227,41,43,58,79,72,51,44,27,205,73,44,52,108,35,32,70,209,149,41,22,41,60,74,34,51,69,115,96,88,53,33,76,232,52,59,35,358,183,353,236,88,257,168,25,32,39,41,35,30,23,199,109,41,190,157,23
118,140,195,91,50,30,224,38,40,55,76,69,48,41,24,202,70,41,49,105,32,29,67,206,146,38,41,19,57,71,31,48,66,112,93,85,50,30,73,229,49,56,32,355,180,350,233,85,254,165,22,29,36,38,32,27,20,196,106,38,187,154,20
137,159,214,110,69,49,243,57,59,74,95,88,67,60,43,221,89,60,68,124,51,48,86,225,165,57,60,57,38,90,50,67,85,131,112,104,69,49,92,248,68,75,51,374,199,369,252,104,273,184,41,48,55,57,51,46,39,215,125,57,206,173,39
151,173,228,124,83,63,257,71,73,88,109,102,81,74,57,235,103,74,82,138,65,62,100,239,179,71,74,71,90,52,64,81,99,145,126,118,83,63,106,262,82,89,65,388,213,383,266,118,287,198,55,62,69,71,65,60,53,229,139,71,220,187,53
111,133,188,84,43,23,217,31,33,48,69,62,41,34,17,195,63,34,42,98,25,22,60,199,139,31,34,31,50,64,12,41,59,105,86,78,43,23,66,222,42,49,25,348,173,343,226,78,247,158,15,22,29,31,25,20,13,189,99,31,180,147,13
128,150,205,101,60,40,234,48,50,65,86,79,58,51,34,212,80,51,59,115,42,39,77,216,156,48,51,48,67,81,41,29,76,122,103,95,60,40,83,239,59,66,42,365,190,360,243,95,264,175,32,39,46,48,42,37,30,206,116,48,197,164,30
146,168,223,119,78,58,252,66,68,83,104,97,76,69,52,230,98,69,77,133,60,57,95,234,174,66,69,66,85,99,59,76,47,140,121,113,78,58,101,257,77,84,60,383,208,378,261,113,282,193,50,57,64,66,60,55,48,224,134,66,215,182,48
192,214,269,165,124,104,298,112,114,129,150,143,122,115,98,276,144,115,123,179,106,103,141,280,220,112,115,112,131,145,105,122,140,93,167,159,124,104,147,303,123,130,106,429,254,424,307,159,328,239,96,103,110,112,106,101,94,270,180,112,261,228,94
173,195,250,146,105,85,279,93,95,110,131,124,103,96,79,257,125,96,104,160,87,84,122,261,201,93,96,93,112,126,86,103,121,167,74,140,105,85,128,284,104,111,87,410,235,405,288,140,309,220,77,84,91,93,87,82,75,251,161,93,242,209,75
165,187,242,138,97,77,271,85,87,102,123,116,95,88,71,249,117,88,96,152,79,76,114,253,193,85,88,85,104,118,78,95,113,159,140,66,97,77,120,276,96,103,79,402,227,397,280,132,301,212,69,76,83,85,79,74,67,243,153,85,234,201,67
130,152,207,103,62,42,236,50,52,67,88,81,60,53,36,214,82,53,61,117,44,41,79,218,158,50,53,50,69,83,43,60,78,124,105,97,31,42,85,241,61,68,44,367,192,362,245,97,266,177,34,41,48,50,44,39,32,208,118,50,199,166,32
110,132,187,83,42,22,216,30,32,47,68,61,40,33,16,194,62,33,41,97,24,21,59,198,138,30,33,30,49,63,23,40,58,104,85,77,42,11,65,221,41,48,24,347,172,342,225,77,246,157,14,21,28,30,24,19,12,188,98,30,179,146,12
153,175,230,126,85,65,259,73,75,90,111,104,83,76,59,237,105,76,84,140,67,64,102,241,181,73,76,73,92,106,66,83,101,147,128,120,85,65,54,264,84,91,67,390,215,385,268,120,289,200,57,64,71,73,67,62,55,231,141,73,222,189,55
309,331,386,282,241,221,415,229,231,246,267,260,239,232,215,393,261,232,240,296,223,220,258,397,337,229,232,229,248,262,222,239,257,303,284,276,241,221,264,210,240,247,223,546,371,541,424,276,445,356,213,220,227,229,223,218,211,387,297,229,378,345,211
129,151,206,102,61,41,235,49,51,66,87,80,59,52,35,213,81,52,60,116,43,40,78,217,157,49,52,49,68,82,42,59,77,123,104,96,61,41,84,240,30,67,43,366,191,361,244,96,265,176,33,40,47,49,43,38,31,207,117,49,198,165,31
136,158,213,109,68,48,242,56,58,73,94,87,66,59,42,220,88,59,67,123,50,47,85,224,164,56,59,56,75,89,49,66,84,130,111,103,68,48,91,247,67,37,50,373,198,368,251,103,272,183,40,47,54,56,50,45,38,214,124,56,205,172,38
112,134,189,85,44,24,218,32,34,49,70,63,42,35,18,196,64,35,43,99,26,23,61,200,140,32,35,32,51,65,25,42,60,106,87,79,44,24,67,223,43,50,13,349,174,344,227,79,248,159,16,23,30,32,26,21,14,190,100,32,181,148,14
435,457,512,408,367,347,541,355,357,372,393,386,365,358,341,519,387,358,366,422,349,346,384,523,463,355,358,355,374,388,348,365,383,429,410,402,367,347,390,546,366,373,349,336,497,667,550,402,571,482,339,346,353,355,349,344,337,513,423,355,504,471,337
260,282,337,233,192,172,366,180,182,197,218,211,190,183,166,344,212,183,191,247,174,171,209,348,288,180,183,180,199,213,173,190,208,254,235,227,192,172,215,371,191,198,174,497,161,492,375,227,396,307,164,171,178,180,174,169,162,338,248,180,329,296,162
430,452,507,403,362,342,536,350,352,367,388,381,360,353,336,514,382,353,361,417,344,341,379,518,458,350,353,350,369,383,343,360,378,424,405,397,362,342,385,541,361,368,344,667,492,331,545,397,566,477,334,341,348,350,344,339,332,508,418,350,499,466,332
313,335,390,286,245,225,419,233,235,250,271,264,243,236,219,397,265,236,244,300,227,224,262,401,341,233,236,233,252,266,226,243,261,307,288,280,245,225,268,424,244,251,227,550,375,545,214,280,449,360,217,224,231,233,227,222,215,391,301,233,382,349,215
165,187,242,138,97,77,271,85,87,102,123,116,95,88,71,249,117,88,96,152,79,76,114,253,193,85,88,85,104,118,78,95,113,159,140,132,97,77,120,276,96,103,79,402,227,397,280,66,301,212,69,76,83,85,79,74,67,243,153,85,234,201,67
334,356,411,307,266,246,440,254,256,271,292,285,264,257,240,418,286,257,265,321,248,245,283,422,362,254,257,254,273,287,247,264,282,328,309,301,266,246,289,445,265,272,248,571,396,566,449,301,235,381,238,245,252,254,248,243,236,412,322,254,403,370,236
245,267,322,218,177,157,351,165,167,182,203,196,175,168,151,329,197,168,176,232,159,156,194,333,273,165,168,165,184,198,158,175,193,239,220,212,177,157,200,356,176,183,159,482,307,477,360,212,381,146,149,156,163,165,159,154,147,323,233,165,314,281,147
102,124,179,75,34,14,208,22,24,39,60,53,32,25,8,186,54,25,33,89,16,13,51,190,130,22,25,22,41,55,15,32,50,96,77,69,34,14,57,213,33,40,16,339,164,334,217,69,238,149,3,13,20,22,16,11,4,180,90,22,171,138,4
109,131,186,82,41,21,215,29,31,46,67,60,39,32,15,193,61,32,40,96,23,20,58,197,137,29,32,29,48,62,22,39,57,103,84,76,41,21,64,220,40,47,23,346,171,341,224,76,245,156,13,10,27,29,23,18,11,187,97,29,178,145,11
116,138,193,89,48,28,222,36,38,53,74,67,46,39,22,200,68,39,47,103,30,27,65,204,144,36,39,36,55,69,29,46,64,110,91,83,48,28,71,227,47,54,30,353,178,348,231,83,252,163,20,27,17,36,30,25,18,194,104,36,185,152,18
118,140,195,91,50,30,224,38,40,55,76,69,48,41,24,202,70,41,49,105,32,29,67,206,146,38,41,38,57,71,31,48,66,112,93,85,50,30,73,229,49,56,32,355,180,350,233,85,254,165,22,29,36,19,32,27,20,196,106,38,187,154,20
112,134,189,85,44,24,218,32,34,49,70,63,42,35,18,196,64,35,43,99,26,23,61,200,140,32,35,32,51,65,25,42,60,106,87,79,44,24,67,223,43,50,26,349,174,344,227,79,248,159,16,23,30,32,13,21,14,190,100,32,181,148,14
107,129,184,80,39,19,213,27,29,44,65,58,37,30,13,191,59,30,38,94,21,18,56,195,135,27,30,27,46,60,20,37,55,101,82,74,39,19,62,218,38,45,21,344,169,339,222,74,243,154,11,18,25,27,21,8,9,185,95,27,176,143,9
100,122,177,73,32,12,206,20,22,37,58,51,30,23,6,184,52,23,31,87,14,11,49,188,128,20,23,20,39,53,13,30,48,94,75,67,32,12,55,211,31,38,14,337,162,332,215,67,236,147,4,11,18,20,14,9,1,178,88,20,169,136,2
276,298,353,249,208,188,382,196,198,213,234,227,206,199,182,360,228,199,207,263,190,187,225,364,304,196,199,196,215,229,189,206,224,270,251,243,208,188,231,387,207,214,190,513,338,508,391,243,412,323,180,187,194,196,190,185,178,177,264,196,345,312,178
186,208,263,159,118,98,292,106,108,123,144,137,116,109,92,270,138,109,117,173,100,97,135,274,214,106,109,106,125,139,99,116,134,180,161,153,118,98,141,297,117,124,100,423,248,418,301,153,322,233,90,97,104,106,100,95,88,264,87,106,255,222,88
118,140,195,91,50,30,224,38,40,55,76,69,48,41,24,202,70,41,49,105,32,29,67,206,146,38,41,38,57,71,31,48,66,112,93,85,50,30,73,229,49,56,32,355,180,350,233,85,254,165,22,29,36,38,32,27,20,196,106,19,187,154,20
267,289,344,240,199,179,373,187,189,204,225,218,197,190,173,351,219,190,198,254,181,178,216,355,295,187,190,187,206,220,180,197,215,261,242,234,199,179,222,378,198,205,181,504,329,499,382,234,403,314,171,178,185,187,181,176,169,345,255,187,168,303,169
234,256,311,207,166,146,340,154,156,171,192,185,164,157,140,318,186,157,165,221,148,145,183,322,262,154,157,154,173,187,147,164,182,228,209,201,166,146,189,345,165,172,148,471,296,466,349,201,370,281,138,145,152,154,148,143,136,312,222,154,303,135,136
100,122,177,73,32,12,206,20,22,37,58,51,30,23,6,184,52,23,31,87,14,11,49,188,128,20,23,20,39,53,13,30,48,94,75,67,32,12,55,211,31,38,14,337,162,332,215,67,236,147,4,11,18,20,14,9,2,178,88,20,169,136,1
