2080,3462,5019,7652,2991,2402,5775,2488,3025,4359,3936,3703,3116,2759,2338,4763,2950,3751,2984,3955,2439,3162,3112,7366,11724,6043,3101,2375,3193,3601,2481,2385,2907,4949,6575,4426,2808,3098,5058,4031,2742,3381,3665,7141,8599,10805,14609,3776,6730,8965,3742,3640,7603,5335,4405,2651,2865,9687,7761,6588,6594,5929,2324
3462,1382,4321,6954,2293,1704,5077,1790,2327,3661,3238,3005,2418,2061,1640,4065,2252,3053,2286,3257,1741,2464,2414,6668,11026,5345,2403,1677,2495,2903,1783,1687,2209,4251,5877,3728,2110,2400,4360,3333,2044,2683,2967,6443,7901,10107,13911,3078,6032,8267,3044,2942,6905,4637,3707,1953,2167,8989,7063,5890,5896,5231,1626
5019,4321,2939,8511,3850,3261,6634,3347,3884,5218,4795,4562,3975,3618,3197,5622,3809,4610,3843,4814,3298,4021,3971,8225,12583,6902,3960,3234,4052,4460,3340,3244,3766,5808,7434,5285,3667,3957,5917,4890,3601,4240,4524,8000,9458,11664,15468,4635,7589,9824,4601,4499,8462,6194,5264,3510,3724,10546,8620,7447,7453,6788,3183
7652,6954,8511,5572,6483,5894,9267,5980,6517,7851,7428,7195,6608,6251,5830,8255,6442,7243,6476,7447,5931,6654,6604,10858,15216,9535,6593,5867,6685,7093,5973,5877,6399,8441,10067,7918,6300,6590,8550,7523,6234,6873,7157,10633,12091,14297,18101,7268,10222,12457,7234,7132,11095,8827,7897,6143,6357,13179,11253,10080,10086,9421,5816
2991,2293,3850,6483,911,1233,4606,1319,1856,3190,2767,2534,1947,1590,1169,3594,1781,2582,1815,2786,1270,1993,1943,6197,10555,4874,1932,1206,2024,2432,1312,1216,1738,3780,5406,3257,1639,1929,3889,2862,1573,2212,2496,5972,7430,9636,13440,2607,5561,7796,2573,2471,6434,4166,3236,1482,1696,8518,6592,5419,5425,4760,1155
2402,1704,3261,5894,1233,322,4017,730,1267,2601,2178,1945,1358,1001,580,3005,1192,1993,1226,2197,681,1404,1354,5608,9966,4285,1343,617,1435,1843,723,627,1149,3191,4817,2668,1050,1340,3300,2273,984,1623,1907,5383,6841,9047,12851,2018,4972,7207,1984,1882,5845,3577,2647,893,1107,7929,6003,4830,4836,4171,566
5775,5077,6634,9267,4606,4017,3695,4103,4640,5974,5551,5318,4731,4374,3953,6378,4565,5366,4599,5570,4054,4777,4727,8981,13339,7658,4716,3990,4808,5216,4096,4000,4522,6564,8190,6041,4423,4713,6673,5646,4357,4996,5280,8756,10214,12420,16224,5391,8345,10580,5357,5255,9218,6950,6020,4266,4480,11302,9376,8203,8209,7544,3939
2488,1790,3347,5980,1319,730,4103,408,1353,2687,2264,2031,1444,1087,666,3091,1278,2079,1312,2283,767,1490,1440,5694,10052,4371,1429,703,1521,1929,809,713,1235,3277,4903,2754,1136,1426,3386,2359,1070,1709,1993,5469,6927,9133,12937,2104,5058,7293,2070,1968,5931,3663,2733,979,1193,8015,6089,4916,4922,4257,652
3025,2327,3884,6517,1856,1267,4640,1353,945,3224,2801,2568,1981,1624,1203,3628,1815,2616,1849,2820,1304,2027,1977,6231,10589,4908,1966,1240,2058,2466,1346,1250,1772,3814,5440,3291,1673,1963,3923,2896,1607,2246,2530,6006,7464,9670,13474,2641,5595,7830,2607,2505,6468,4200,3270,1516,1730,8552,6626,5453,5459,4794,1189
4359,3661,5218,7851,3190,2601,5974,2687,3224,2279,4135,3902,3315,2958,2537,4962,3149,3950,3183,4154,2638,3361,3311,7565,11923,6242,3300,2574,3392,3800,2680,2584,3106,5148,6774,4625,3007,3297,5257,4230,2941,3580,3864,7340,8798,11004,14808,3975,6929,9164,3941,3839,7802,5534,4604,2850,3064,9886,7960,6787,6793,6128,2523
3936,3238,4795,7428,2767,2178,5551,2264,2801,4135,1856,3479,2892,2535,2114,4539,2726,3527,2760,3731,2215,2938,2888,7142,11500,5819,2877,2151,2969,3377,2257,2161,2683,4725,6351,4202,2584,2874,4834,3807,2518,3157,3441,6917,8375,10581,14385,3552,6506,8741,3518,3416,7379,5111,4181,2427,2641,9463,7537,6364,6370,5705,2100
3703,3005,4562,7195,2534,1945,5318,2031,2568,3902,3479,1623,2659,2302,1881,4306,2493,3294,2527,3498,1982,2705,2655,6909,11267,5586,2644,1918,2736,3144,2024,1928,2450,4492,6118,3969,2351,2641,4601,3574,2285,2924,3208,6684,8142,10348,14152,3319,6273,8508,3285,3183,7146,4878,3948,2194,2408,9230,7304,6131,6137,5472,1867
3116,2418,3975,6608,1947,1358,4731,1444,1981,3315,2892,2659,1036,1715,1294,3719,1906,2707,1940,2911,1395,2118,2068,6322,10680,4999,2057,1331,2149,2557,1437,1341,1863,3905,5531,3382,1764,2054,4014,2987,1698,2337,2621,6097,7555,9761,13565,2732,5686,7921,2698,2596,6559,4291,3361,1607,1821,8643,6717,5544,5550,4885,1280
2759,2061,3618,6251,1590,1001,4374,1087,1624,2958,2535,2302,1715,679,937,3362,1549,2350,1583,2554,1038,1761,1711,5965,10323,4642,1700,974,1792,2200,1080,984,1506,3548,5174,3025,1407,1697,3657,2630,1341,1980,2264,5740,7198,9404,13208,2375,5329,7564,2341,2239,6202,3934,3004,1250,1464,8286,6360,5187,5193,4528,923
2338,1640,3197,5830,1169,580,3953,666,1203,2537,2114,1881,1294,937,258,2941,1128,1929,1162,2133,617,1340,1290,5544,9902,4221,1279,553,1371,1779,659,563,1085,3127,4753,2604,986,1276,3236,2209,920,1559,1843,5319,6777,8983,12787,1954,4908,7143,1920,1818,5781,3513,2583,829,1043,7865,5939,4766,4772,4107,502
4763,4065,5622,8255,3594,3005,6378,3091,3628,4962,4539,4306,3719,3362,2941,2683,3553,4354,3587,4558,3042,3765,3715,7969,12327,6646,3704,2978,3796,4204,3084,2988,3510,5552,7178,5029,3411,3701,5661,4634,3345,3984,4268,7744,9202,11408,15212,4379,7333,9568,4345,4243,8206,5938,5008,3254,3468,10290,8364,7191,7197,6532,2927
2950,2252,3809,6442,1781,1192,4565,1278,1815,3149,2726,2493,1906,1549,1128,3553,870,2541,1774,2745,1229,1952,1902,6156,10514,4833,1891,1165,1983,2391,1271,1175,1697,3739,5365,3216,1598,1888,3848,2821,1532,2171,2455,5931,7389,9595,13399,2566,5520,7755,2532,2430,6393,4125,3195,1441,1655,8477,6551,5378,5384,4719,1114
3751,3053,4610,7243,2582,1993,5366,2079,2616,3950,3527,3294,2707,2350,1929,4354,2541,1671,2575,3546,2030,2753,2703,6957,11315,5634,2692,1966,2784,3192,2072,1976,2498,4540,6166,4017,2399,2689,4649,3622,2333,2972,3256,6732,8190,10396,14200,3367,6321,8556,3333,3231,7194,4926,3996,2242,2456,9278,7352,6179,6185,5520,1915
2984,2286,3843,6476,1815,1226,4599,1312,1849,3183,2760,2527,1940,1583,1162,3587,1774,2575,904,2779,1263,1986,1936,6190,10548,4867,1925,1199,2017,2425,1305,1209,1731,3773,5399,3250,1632,1922,3882,2855,1566,2205,2489,5965,7423,9629,13433,2600,5554,7789,2566,2464,6427,4159,3229,1475,1689,8511,6585,5412,5418,4753,1148
3955,3257,4814,7447,2786,2197,5570,2283,2820,4154,3731,3498,2911,2554,2133,4558,2745,3546,2779,1875,2234,2957,2907,7161,11519,5838,2896,2170,2988,3396,2276,2180,2702,4744,6370,4221,2603,2893,4853,3826,2537,3176,3460,6936,8394,10600,14404,3571,6525,8760,3537,3435,7398,5130,4200,2446,2660,9482,7556,6383,6389,5724,2119
2439,1741,3298,5931,1270,681,4054,767,1304,2638,2215,1982,1395,1038,617,3042,1229,2030,1263,2234,359,1441,1391,5645,10003,4322,1380,654,1472,1880,760,664,1186,3228,4854,2705,1087,1377,3337,2310,1021,1660,1944,5420,6878,9084,12888,2055,5009,7244,2021,1919,5882,3614,2684,930,1144,7966,6040,4867,4873,4208,603
3162,2464,4021,6654,1993,1404,4777,1490,2027,3361,2938,2705,2118,1761,1340,3765,1952,2753,1986,2957,1441,1082,2114,6368,10726,5045,2103,1377,2195,2603,1483,1387,1909,3951,5577,3428,1810,2100,4060,3033,1744,2383,2667,6143,7601,9807,13611,2778,5732,7967,2744,2642,6605,4337,3407,1653,1867,8689,6763,5590,5596,4931,1326
3112,2414,3971,6604,1943,1354,4727,1440,1977,3311,2888,2655,2068,1711,1290,3715,1902,2703,1936,2907,1391,2114,1032,6318,10676,4995,2053,1327,2145,2553,1433,1337,1859,3901,5527,3378,1760,2050,4010,2983,1694,2333,2617,6093,7551,9757,13561,2728,5682,7917,2694,2592,6555,4287,3357,1603,1817,8639,6713,5540,5546,4881,1276
7366,6668,8225,10858,6197,5608,8981,5694,6231,7565,7142,6909,6322,5965,5544,7969,6156,6957,6190,7161,5645,6368,6318,5286,14930,9249,6307,5581,6399,6807,5687,5591,6113,8155,9781,7632,6014,6304,8264,7237,5948,6587,6871,10347,11805,14011,17815,6982,9936,12171,6948,6846,10809,8541,7611,5857,6071,12893,10967,9794,9800,9135,5530
11724,11026,12583,15216,10555,9966,13339,10052,10589,11923,11500,11267,10680,10323,9902,12327,10514,11315,10548,11519,10003,10726,10676,14930,9644,13607,10665,9939,10757,11165,10045,9949,10471,12513,14139,11990,10372,10662,12622,11595,10306,10945,11229,14705,16163,18369,22173,11340,14294,16529,11306,11204,15167,12899,11969,10215,10429,17251,15325,14152,14158,13493,9888
6043,5345,6902,9535,4874,4285,7658,4371,4908,6242,5819,5586,4999,4642,4221,6646,4833,5634,4867,5838,4322,5045,4995,9249,13607,3963,4984,4258,5076,5484,4364,4268,4790,6832,8458,6309,4691,4981,6941,5914,4625,5264,5548,9024,10482,12688,16492,5659,8613,10848,5625,5523,9486,7218,6288,4534,4748,11570,9644,8471,8477,7812,4207
3101,2403,3960,6593,1932,1343,4716,1429,1966,3300,2877,2644,2057,1700,1279,3704,1891,2692,1925,2896,1380,2103,2053,6307,10665,4984,1021,1316,2134,2542,1422,1326,1848,3890,5516,3367,1749,2039,3999,2972,1683,2322,2606,6082,7540,9746,13550,2717,5671,7906,2683,2581,6544,4276,3346,1592,1806,8628,6702,5529,5535,4870,1265
2375,1677,3234,5867,1206,617,3990,703,1240,2574,2151,1918,1331,974,553,2978,1165,1966,1199,2170,654,1377,1327,5581,9939,4258,1316,295,1408,1816,696,600,1122,3164,4790,2641,1023,1313,3273,2246,957,1596,1880,5356,6814,9020,12824,1991,4945,7180,1957,1855,5818,3550,2620,866,1080,7902,5976,4803,4809,4144,539
3193,2495,4052,6685,2024,1435,4808,1521,2058,3392,2969,2736,2149,1792,1371,3796,1983,2784,2017,2988,1472,2195,2145,6399,10757,5076,2134,1408,1113,2634,1514,1418,1940,3982,5608,3459,1841,2131,4091,3064,1775,2414,2698,6174,7632,9838,13642,2809,5763,7998,2775,2673,6636,4368,3438,1684,1898,8720,6794,5621,5627,4962,1357
3601,2903,4460,7093,2432,1843,5216,1929,2466,3800,3377,3144,2557,2200,1779,4204,2391,3192,2425,3396,1880,2603,2553,6807,11165,5484,2542,1816,2634,1521,1922,1826,2348,4390,6016,3867,2249,2539,4499,3472,2183,2822,3106,6582,8040,10246,14050,3217,6171,8406,3183,3081,7044,4776,3846,2092,2306,9128,7202,6029,6035,5370,1765
2481,1783,3340,5973,1312,723,4096,809,1346,2680,2257,2024,1437,1080,659,3084,1271,2072,1305,2276,760,1483,1433,5687,10045,4364,1422,696,1514,1922,401,706,1228,3270,4896,2747,1129,1419,3379,2352,1063,1702,1986,5462,6920,9126,12930,2097,5051,7286,2063,1961,5924,3656,2726,972,1186,8008,6082,4909,4915,4250,645
2385,1687,3244,5877,1216,627,4000,713,1250,2584,2161,1928,1341,984,563,2988,1175,1976,1209,2180,664,1387,1337,5591,9949,4268,1326,600,1418,1826,706,305,1132,3174,4800,2651,1033,1323,3283,2256,967,1606,1890,5366,6824,9030,12834,2001,4955,7190,1967,1865,5828,3560,2630,876,1090,7912,5986,4813,4819,4154,549
2907,2209,3766,6399,1738,1149,4522,1235,1772,3106,2683,2450,1863,1506,1085,3510,1697,2498,1731,2702,1186,1909,1859,6113,10471,4790,1848,1122,1940,2348,1228,1132,827,3696,5322,3173,1555,1845,3805,2778,1489,2128,2412,5888,7346,9552,13356,2523,5477,7712,2489,2387,6350,4082,3152,1398,1612,8434,6508,5335,5341,4676,1071
4949,4251,5808,8441,3780,3191,6564,3277,3814,5148,4725,4492,3905,3548,3127,5552,3739,4540,3773,4744,3228,3951,3901,8155,12513,6832,3890,3164,3982,4390,3270,3174,3696,2869,7364,5215,3597,3887,5847,4820,3531,4170,4454,7930,9388,11594,15398,4565,7519,9754,4531,4429,8392,6124,5194,3440,3654,10476,8550,7377,7383,6718,3113
6575,5877,7434,10067,5406,4817,8190,4903,5440,6774,6351,6118,5531,5174,4753,7178,5365,6166,5399,6370,4854,5577,5527,9781,14139,8458,5516,4790,5608,6016,4896,4800,5322,7364,4495,6841,5223,5513,7473,6446,5157,5796,6080,9556,11014,13220,17024,6191,9145,11380,6157,6055,10018,7750,6820,5066,5280,12102,10176,9003,9009,8344,4739
4426,3728,5285,7918,3257,2668,6041,2754,3291,4625,4202,3969,3382,3025,2604,5029,3216,4017,3250,4221,2705,3428,3378,7632,11990,6309,3367,2641,3459,3867,2747,2651,3173,5215,6841,2346,3074,3364,5324,4297,3008,3647,3931,7407,8865,11071,14875,4042,6996,9231,4008,3906,7869,5601,4671,2917,3131,9953,8027,6854,6860,6195,2590
2808,2110,3667,6300,1639,1050,4423,1136,1673,3007,2584,2351,1764,1407,986,3411,1598,2399,1632,2603,1087,1810,1760,6014,10372,4691,1749,1023,1841,2249,1129,1033,1555,3597,5223,3074,728,1746,3706,2679,1390,2029,2313,5789,7247,9453,13257,2424,5378,7613,2390,2288,6251,3983,3053,1299,1513,8335,6409,5236,5242,4577,972
3098,2400,3957,6590,1929,1340,4713,1426,1963,3297,2874,2641,2054,1697,1276,3701,1888,2689,1922,2893,1377,2100,2050,6304,10662,4981,2039,1313,2131,2539,1419,1323,1845,3887,5513,3364,1746,1018,3996,2969,1680,2319,2603,6079,7537,9743,13547,2714,5668,7903,2680,2578,6541,4273,3343,1589,1803,8625,6699,5526,5532,4867,1262
5058,4360,5917,8550,3889,3300,6673,3386,3923,5257,4834,4601,4014,3657,3236,5661,3848,4649,3882,4853,3337,4060,4010,8264,12622,6941,3999,3273,4091,4499,3379,3283,3805,5847,7473,5324,3706,3996,2978,4929,3640,4279,4563,8039,9497,11703,15507,4674,7628,9863,4640,4538,8501,6233,5303,3549,3763,10585,8659,7486,7492,6827,3222
4031,3333,4890,7523,2862,2273,5646,2359,2896,4230,3807,3574,2987,2630,2209,4634,2821,3622,2855,3826,2310,3033,2983,7237,11595,5914,2972,2246,3064,3472,2352,2256,2778,4820,6446,4297,2679,2969,4929,1951,2613,3252,3536,7012,8470,10676,14480,3647,6601,8836,3613,3511,7474,5206,4276,2522,2736,9558,7632,6459,6465,5800,2195
2742,2044,3601,6234,1573,984,4357,1070,1607,2941,2518,2285,1698,1341,920,3345,1532,2333,1566,2537,1021,1744,1694,5948,10306,4625,1683,957,1775,2183,1063,967,1489,3531,5157,3008,1390,1680,3640,2613,662,1963,2247,5723,7181,9387,13191,2358,5312,7547,2324,2222,6185,3917,2987,1233,1447,8269,6343,5170,5176,4511,906
3381,2683,4240,6873,2212,1623,4996,1709,2246,3580,3157,2924,2337,1980,1559,3984,2171,2972,2205,3176,1660,2383,2333,6587,10945,5264,2322,1596,2414,2822,1702,1606,2128,4170,5796,3647,2029,2319,4279,3252,1963,1301,2886,6362,7820,10026,13830,2997,5951,8186,2963,2861,6824,4556,3626,1872,2086,8908,6982,5809,5815,5150,1545
3665,2967,4524,7157,2496,1907,5280,1993,2530,3864,3441,3208,2621,2264,1843,4268,2455,3256,2489,3460,1944,2667,2617,6871,11229,5548,2606,1880,2698,3106,1986,1890,2412,4454,6080,3931,2313,2603,4563,3536,2247,2886,1585,6646,8104,10310,14114,3281,6235,8470,3247,3145,7108,4840,3910,2156,2370,9192,7266,6093,6099,5434,1829
7141,6443,8000,10633,5972,5383,8756,5469,6006,7340,6917,6684,6097,5740,5319,7744,5931,6732,5965,6936,5420,6143,6093,10347,14705,9024,6082,5356,6174,6582,5462,5366,5888,7930,9556,7407,5789,6079,8039,7012,5723,6362,6646,5061,11580,13786,17590,6757,9711,11946,6723,6621,10584,8316,7386,5632,5846,12668,10742,9569,9575,8910,5305
8599,7901,9458,12091,7430,6841,10214,6927,7464,8798,8375,8142,7555,7198,6777,9202,7389,8190,7423,8394,6878,7601,7551,11805,16163,10482,7540,6814,7632,8040,6920,6824,7346,9388,11014,8865,7247,7537,9497,8470,7181,7820,8104,11580,6519,15244,19048,8215,11169,13404,8181,8079,12042,9774,8844,7090,7304,14126,12200,11027,11033,10368,6763
10805,10107,11664,14297,9636,9047,12420,9133,9670,11004,10581,10348,9761,9404,8983,11408,9595,10396,9629,10600,9084,9807,9757,14011,18369,12688,9746,9020,9838,10246,9126,9030,9552,11594,13220,11071,9453,9743,11703,10676,9387,10026,10310,13786,15244,8725,21254,10421,13375,15610,10387,10285,14248,11980,11050,9296,9510,16332,14406,13233,13239,12574,8969
14609,13911,15468,18101,13440,12851,16224,12937,13474,14808,14385,14152,13565,13208,12787,15212,13399,14200,13433,14404,12888,13611,13561,17815,22173,16492,13550,12824,13642,14050,12930,12834,13356,15398,17024,14875,13257,13547,15507,14480,13191,13830,14114,17590,19048,21254,12529,14225,17179,19414,14191,14089,18052,15784,14854,13100,13314,20136,18210,17037,17043,16378,12773
3776,3078,4635,7268,2607,2018,5391,2104,2641,3975,3552,3319,2732,2375,1954,4379,2566,3367,2600,3571,2055,2778,2728,6982,11340,5659,2717,1991,2809,3217,2097,2001,2523,4565,6191,4042,2424,2714,4674,3647,2358,2997,3281,6757,8215,10421,14225,1696,6346,8581,3358,3256,7219,4951,4021,2267,2481,9303,7377,6204,6210,5545,1940
6730,6032,7589,10222,5561,4972,8345,5058,5595,6929,6506,6273,5686,5329,4908,7333,5520,6321,5554,6525,5009,5732,5682,9936,14294,8613,5671,4945,5763,6171,5051,4955,5477,7519,9145,6996,5378,5668,7628,6601,5312,5951,6235,9711,11169,13375,17179,6346,4650,11535,6312,6210,10173,7905,6975,5221,5435,12257,10331,9158,9164,8499,4894
8965,8267,9824,12457,7796,7207,10580,7293,7830,9164,8741,8508,7921,7564,7143,9568,7755,8556,7789,8760,7244,7967,7917,12171,16529,10848,7906,7180,7998,8406,7286,7190,7712,9754,11380,9231,7613,7903,9863,8836,7547,8186,8470,11946,13404,15610,19414,8581,11535,6885,8547,8445,12408,10140,9210,7456,7670,14492,12566,11393,11399,10734,7129
3742,3044,4601,7234,2573,1984,5357,2070,2607,3941,3518,3285,2698,2341,1920,4345,2532,3333,2566,3537,2021,2744,2694,6948,11306,5625,2683,1957,2775,3183,2063,1967,2489,4531,6157,4008,2390,2680,4640,3613,2324,2963,3247,6723,8181,10387,14191,3358,6312,8547,1662,3222,7185,4917,3987,2233,2447,9269,7343,6170,6176,5511,1906
3640,2942,4499,7132,2471,1882,5255,1968,2505,3839,3416,3183,2596,2239,1818,4243,2430,3231,2464,3435,1919,2642,2592,6846,11204,5523,2581,1855,2673,3081,1961,1865,2387,4429,6055,3906,2288,2578,4538,3511,2222,2861,3145,6621,8079,10285,14089,3256,6210,8445,3222,1560,7083,4815,3885,2131,2345,9167,7241,6068,6074,5409,1804
7603,6905,8462,11095,6434,5845,9218,5931,6468,7802,7379,7146,6559,6202,5781,8206,6393,7194,6427,7398,5882,6605,6555,10809,15167,9486,6544,5818,6636,7044,5924,5828,6350,8392,10018,7869,6251,6541,8501,7474,6185,6824,7108,10584,12042,14248,18052,7219,10173,12408,7185,7083,5523,8778,7848,6094,6308,13130,11204,10031,10037,9372,5767
5335,4637,6194,8827,4166,3577,6950,3663,4200,5534,5111,4878,4291,3934,3513,5938,4125,4926,4159,5130,3614,4337,4287,8541,12899,7218,4276,3550,4368,4776,3656,3560,4082,6124,7750,5601,3983,4273,6233,5206,3917,4556,4840,8316,9774,11980,15784,4951,7905,10140,4917,4815,8778,3255,5580,3826,4040,10862,8936,7763,7769,7104,3499
4405,3707,5264,7897,3236,2647,6020,2733,3270,4604,4181,3948,3361,3004,2583,5008,3195,3996,3229,4200,2684,3407,3357,7611,11969,6288,3346,2620,3438,3846,2726,2630,3152,5194,6820,4671,3053,3343,5303,4276,2987,3626,3910,7386,8844,11050,14854,4021,6975,9210,3987,3885,7848,5580,2325,2896,3110,9932,8006,6833,6839,6174,2569
2651,1953,3510,6143,1482,893,4266,979,1516,2850,2427,2194,1607,1250,829,3254,1441,2242,1475,2446,930,1653,1603,5857,10215,4534,1592,866,1684,2092,972,876,1398,3440,5066,2917,1299,1589,3549,2522,1233,1872,2156,5632,7090,9296,13100,2267,5221,7456,2233,2131,6094,3826,2896,571,1356,8178,6252,5079,5085,4420,815
2865,2167,3724,6357,1696,1107,4480,1193,1730,3064,2641,2408,1821,1464,1043,3468,1655,2456,1689,2660,1144,1867,1817,6071,10429,4748,1806,1080,1898,2306,1186,1090,1612,3654,5280,3131,1513,1803,3763,2736,1447,2086,2370,5846,7304,9510,13314,2481,5435,7670,2447,2345,6308,4040,3110,1356,785,8392,6466,5293,5299,4634,1029
9687,8989,10546,13179,8518,7929,11302,8015,8552,9886,9463,9230,8643,8286,7865,10290,8477,9278,8511,9482,7966,8689,8639,12893,17251,11570,8628,7902,8720,9128,8008,7912,8434,10476,12102,9953,8335,8625,10585,9558,8269,8908,9192,12668,14126,16332,20136,9303,12257,14492,9269,9167,13130,10862,9932,8178,8392,7607,13288,12115,12121,11456,7851
7761,7063,8620,11253,6592,6003,9376,6089,6626,7960,7537,7304,6717,6360,5939,8364,6551,7352,6585,7556,6040,6763,6713,10967,15325,9644,6702,5976,6794,7202,6082,5986,6508,8550,10176,8027,6409,6699,8659,7632,6343,6982,7266,10742,12200,14406,18210,7377,10331,12566,7343,7241,11204,8936,8006,6252,6466,13288,5681,10189,10195,9530,5925
6588,5890,7447,10080,5419,4830,8203,4916,5453,6787,6364,6131,5544,5187,4766,7191,5378,6179,5412,6383,4867,5590,5540,9794,14152,8471,5529,4803,5621,6029,4909,4813,5335,7377,9003,6854,5236,5526,7486,6459,5170,5809,6093,9569,11027,13233,17037,6204,9158,11393,6170,6068,10031,7763,6833,5079,5293,12115,10189,4508,9022,8357,4752
6594,5896,7453,10086,5425,4836,8209,4922,5459,6793,6370,6137,5550,5193,4772,7197,5384,6185,5418,6389,4873,5596,5546,9800,14158,8477,5535,4809,5627,6035,4915,4819,5341,7383,9009,6860,5242,5532,7492,6465,5176,5815,6099,9575,11033,13239,17043,6210,9164,11399,6176,6074,10037,7769,6839,5085,5299,12121,10195,9022,4514,8363,4758
5929,5231,6788,9421,4760,4171,7544,4257,4794,6128,5705,5472,4885,4528,4107,6532,4719,5520,4753,5724,4208,4931,4881,9135,13493,7812,4870,4144,4962,5370,4250,4154,4676,6718,8344,6195,4577,4867,6827,5800,4511,5150,5434,8910,10368,12574,16378,5545,8499,10734,5511,5409,9372,7104,6174,4420,4634,11456,9530,8357,8363,3849,4093
2324,1626,3183,5816,1155,566,3939,652,1189,2523,2100,1867,1280,923,502,2927,1114,1915,1148,2119,603,1326,1276,5530,9888,4207,1265,539,1357,1765,645,549,1071,3113,4739,2590,972,1262,3222,2195,906,1545,1829,5305,6763,8969,12773,1940,4894,7129,1906,1804,5767,3499,2569,815,1029,7851,5925,4752,4758,4093,244
