455,913,1935,1963,1022,715,1976,729,982,1091,1128,1141,691,918,455,1993,1062,927,1091,1414,791,1040,871,2285,2652,740,658,763,1339,1049,820,702,994,2404,2011,1456,947,816,1746,1644,1143,1421,934,2981,2916,3124,2932,1186,2375,2300,465,467,498,480,475,462,460,1980,1554,1034,2207,1513,458
913,458,1938,1966,1025,718,1979,732,985,1094,1131,1144,694,921,458,1996,1065,930,1094,1417,794,1043,874,2288,2655,743,661,766,1342,1052,823,705,997,2407,2014,1459,950,819,1749,1647,1146,1424,937,2984,2919,3127,2935,1189,2378,2303,468,470,501,483,478,465,463,1983,1557,1037,2210,1516,461
1935,1938,1480,2988,2047,1740,3001,1754,2007,2116,2153,2166,1716,1943,1480,3018,2087,1952,2116,2439,1816,2065,1896,3310,3677,1765,1683,1788,2364,2074,1845,1727,2019,3429,3036,2481,1972,1841,2771,2669,2168,2446,1959,4006,3941,4149,3957,2211,3400,3325,1490,1492,1523,1505,1500,1487,1485,3005,2579,2059,3232,2538,1483
1963,1966,2988,1508,2075,1768,3029,1782,2035,2144,2181,2194,1744,1971,1508,3046,2115,1980,2144,2467,1844,2093,1924,3338,3705,1793,1711,1816,2392,2102,1873,1755,2047,3457,3064,2509,2000,1869,2799,2697,2196,2474,1987,4034,3969,4177,3985,2239,3428,3353,1518,1520,1551,1533,1528,1515,1513,3033,2607,2087,3260,2566,1511
1022,1025,2047,2075,567,827,2088,841,1094,1203,1240,1253,803,1030,567,2105,1174,1039,1203,1526,903,1152,983,2397,2764,852,770,875,1451,1161,932,814,1106,2516,2123,1568,1059,928,1858,1756,1255,1533,1046,3093,3028,3236,3044,1298,2487,2412,577,579,610,592,587,574,572,2092,1666,1146,2319,1625,570
715,718,1740,1768,827,260,1781,534,787,896,933,946,496,723,260,1798,867,732,896,1219,596,845,676,2090,2457,545,463,568,1144,854,625,507,799,2209,1816,1261,752,621,1551,1449,948,1226,739,2786,2721,2929,2737,991,2180,2105,270,272,303,285,280,267,265,1785,1359,839,2012,1318,263
1976,1979,3001,3029,2088,1781,1521,1795,2048,2157,2194,2207,1757,1984,1521,3059,2128,1993,2157,2480,1857,2106,1937,3351,3718,1806,1724,1829,2405,2115,1886,1768,2060,3470,3077,2522,2013,1882,2812,2710,2209,2487,2000,4047,3982,4190,3998,2252,3441,3366,1531,1533,1564,1546,1541,1528,1526,3046,2620,2100,3273,2579,1524
729,732,1754,1782,841,534,1795,274,801,910,947,960,510,737,274,1812,881,746,910,1233,610,859,690,2104,2471,559,477,582,1158,868,639,521,813,2223,1830,1275,766,635,1565,1463,962,1240,753,2800,2735,2943,2751,1005,2194,2119,284,286,317,299,294,281,279,1799,1373,853,2026,1332,277
982,985,2007,2035,1094,787,2048,801,527,1163,1200,1213,763,990,527,2065,1134,999,1163,1486,863,1112,943,2357,2724,812,730,835,1411,1121,892,774,1066,2476,2083,1528,1019,888,1818,1716,1215,1493,1006,3053,2988,3196,3004,1258,2447,2372,537,539,570,552,547,534,532,2052,1626,1106,2279,1585,530
1091,1094,2116,2144,1203,896,2157,910,1163,636,1309,1322,872,1099,636,2174,1243,1108,1272,1595,972,1221,1052,2466,2833,921,839,944,1520,1230,1001,883,1175,2585,2192,1637,1128,997,1927,1825,1324,1602,1115,3162,3097,3305,3113,1367,2556,2481,646,648,679,661,656,643,641,2161,1735,1215,2388,1694,639
1128,1131,2153,2181,1240,933,2194,947,1200,1309,673,1359,909,1136,673,2211,1280,1145,1309,1632,1009,1258,1089,2503,2870,958,876,981,1557,1267,1038,920,1212,2622,2229,1674,1165,1034,1964,1862,1361,1639,1152,3199,3134,3342,3150,1404,2593,2518,683,685,716,698,693,680,678,2198,1772,1252,2425,1731,676
1141,1144,2166,2194,1253,946,2207,960,1213,1322,1359,686,922,1149,686,2224,1293,1158,1322,1645,1022,1271,1102,2516,2883,971,889,994,1570,1280,1051,933,1225,2635,2242,1687,1178,1047,1977,1875,1374,1652,1165,3212,3147,3355,3163,1417,2606,2531,696,698,729,711,706,693,691,2211,1785,1265,2438,1744,689
691,694,1716,1744,803,496,1757,510,763,872,909,922,236,699,236,1774,843,708,872,1195,572,821,652,2066,2433,521,439,544,1120,830,601,483,775,2185,1792,1237,728,597,1527,1425,924,1202,715,2762,2697,2905,2713,967,2156,2081,246,248,279,261,256,243,241,1761,1335,815,1988,1294,239
918,921,1943,1971,1030,723,1984,737,990,1099,1136,1149,699,463,463,2001,1070,935,1099,1422,799,1048,879,2293,2660,748,666,771,1347,1057,828,710,1002,2412,2019,1464,955,824,1754,1652,1151,1429,942,2989,2924,3132,2940,1194,2383,2308,473,475,506,488,483,470,468,1988,1562,1042,2215,1521,466
455,458,1480,1508,567,260,1521,274,527,636,673,686,236,463,0,1538,607,472,636,959,336,585,416,1830,2197,285,203,308,884,594,365,247,539,1949,1556,1001,492,361,1291,1189,688,966,479,2526,2461,2669,2477,731,1920,1845,10,12,43,25,20,7,5,1525,1099,579,1752,1058,3
1993,1996,3018,3046,2105,1798,3059,1812,2065,2174,2211,2224,1774,2001,1538,1538,2145,2010,2174,2497,1874,2123,1954,3368,3735,1823,1741,1846,2422,2132,1903,1785,2077,3487,3094,2539,2030,1899,2829,2727,2226,2504,2017,4064,3999,4207,4015,2269,3458,3383,1548,1550,1581,1563,1558,1545,1543,3063,2637,2117,3290,2596,1541
1062,1065,2087,2115,1174,867,2128,881,1134,1243,1280,1293,843,1070,607,2145,607,1079,1243,1566,943,1192,1023,2437,2804,892,810,915,1491,1201,972,854,1146,2556,2163,1608,1099,968,1898,1796,1295,1573,1086,3133,3068,3276,3084,1338,2527,2452,617,619,650,632,627,614,612,2132,1706,1186,2359,1665,610
927,930,1952,1980,1039,732,1993,746,999,1108,1145,1158,708,935,472,2010,1079,472,1108,1431,808,1057,888,2302,2669,757,675,780,1356,1066,837,719,1011,2421,2028,1473,964,833,1763,1661,1160,1438,951,2998,2933,3141,2949,1203,2392,2317,482,484,515,497,492,479,477,1997,1571,1051,2224,1530,475
1091,1094,2116,2144,1203,896,2157,910,1163,1272,1309,1322,872,1099,636,2174,1243,1108,636,1595,972,1221,1052,2466,2833,921,839,944,1520,1230,1001,883,1175,2585,2192,1637,1128,997,1927,1825,1324,1602,1115,3162,3097,3305,3113,1367,2556,2481,646,648,679,661,656,643,641,2161,1735,1215,2388,1694,639
1414,1417,2439,2467,1526,1219,2480,1233,1486,1595,1632,1645,1195,1422,959,2497,1566,1431,1595,959,1295,1544,1375,2789,3156,1244,1162,1267,1843,1553,1324,1206,1498,2908,2515,1960,1451,1320,2250,2148,1647,1925,1438,3485,3420,3628,3436,1690,2879,2804,969,971,1002,984,979,966,964,2484,2058,1538,2711,2017,962
791,794,1816,1844,903,596,1857,610,863,972,1009,1022,572,799,336,1874,943,808,972,1295,336,921,752,2166,2533,621,539,644,1220,930,701,583,875,2285,1892,1337,828,697,1627,1525,1024,1302,815,2862,2797,3005,2813,1067,2256,2181,346,348,379,361,356,343,341,1861,1435,915,2088,1394,339
1040,1043,2065,2093,1152,845,2106,859,1112,1221,1258,1271,821,1048,585,2123,1192,1057,1221,1544,921,585,1001,2415,2782,870,788,893,1469,1179,950,832,1124,2534,2141,1586,1077,946,1876,1774,1273,1551,1064,3111,3046,3254,3062,1316,2505,2430,595,597,628,610,605,592,590,2110,1684,1164,2337,1643,588
871,874,1896,1924,983,676,1937,690,943,1052,1089,1102,652,879,416,1954,1023,888,1052,1375,752,1001,416,2246,2613,701,619,724,1300,1010,781,663,955,2365,1972,1417,908,777,1707,1605,1104,1382,895,2942,2877,3085,2893,1147,2336,2261,426,428,459,441,436,423,421,1941,1515,995,2168,1474,419
2285,2288,3310,3338,2397,2090,3351,2104,2357,2466,2503,2516,2066,2293,1830,3368,2437,2302,2466,2789,2166,2415,2246,1830,4027,2115,2033,2138,2714,2424,2195,2077,2369,3779,3386,2831,2322,2191,3121,3019,2518,2796,2309,4356,4291,4499,4307,2561,3750,3675,1840,1842,1873,1855,1850,1837,1835,3355,2929,2409,3582,2888,1833
2652,2655,3677,3705,2764,2457,3718,2471,2724,2833,2870,2883,2433,2660,2197,3735,2804,2669,2833,3156,2533,2782,2613,4027,2197,2482,2400,2505,3081,2791,2562,2444,2736,4146,3753,3198,2689,2558,3488,3386,2885,3163,2676,4723,4658,4866,4674,2928,4117,4042,2207,2209,2240,2222,2217,2204,2202,3722,3296,2776,3949,3255,2200
740,743,1765,1793,852,545,1806,559,812,921,958,971,521,748,285,1823,892,757,921,1244,621,870,701,2115,2482,285,488,593,1169,879,650,532,824,2234,1841,1286,777,646,1576,1474,973,1251,764,2811,2746,2954,2762,1016,2205,2130,295,297,328,310,305,292,290,1810,1384,864,2037,1343,288
658,661,1683,1711,770,463,1724,477,730,839,876,889,439,666,203,1741,810,675,839,1162,539,788,619,2033,2400,488,203,511,1087,797,568,450,742,2152,1759,1204,695,564,1494,1392,891,1169,682,2729,2664,2872,2680,934,2123,2048,213,215,246,228,223,210,208,1728,1302,782,1955,1261,206
763,766,1788,1816,875,568,1829,582,835,944,981,994,544,771,308,1846,915,780,944,1267,644,893,724,2138,2505,593,511,308,1192,902,673,555,847,2257,1864,1309,800,669,1599,1497,996,1274,787,2834,2769,2977,2785,1039,2228,2153,318,320,351,333,328,315,313,1833,1407,887,2060,1366,311
1339,1342,2364,2392,1451,1144,2405,1158,1411,1520,1557,1570,1120,1347,884,2422,1491,1356,1520,1843,1220,1469,1300,2714,3081,1169,1087,1192,884,1478,1249,1131,1423,2833,2440,1885,1376,1245,2175,2073,1572,1850,1363,3410,3345,3553,3361,1615,2804,2729,894,896,927,909,904,891,889,2409,1983,1463,2636,1942,887
1049,1052,2074,2102,1161,854,2115,868,1121,1230,1267,1280,830,1057,594,2132,1201,1066,1230,1553,930,1179,1010,2424,2791,879,797,902,1478,594,959,841,1133,2543,2150,1595,1086,955,1885,1783,1282,1560,1073,3120,3055,3263,3071,1325,2514,2439,604,606,637,619,614,601,599,2119,1693,1173,2346,1652,597
820,823,1845,1873,932,625,1886,639,892,1001,1038,1051,601,828,365,1903,972,837,1001,1324,701,950,781,2195,2562,650,568,673,1249,959,365,612,904,2314,1921,1366,857,726,1656,1554,1053,1331,844,2891,2826,3034,2842,1096,2285,2210,375,377,408,390,385,372,370,1890,1464,944,2117,1423,368
702,705,1727,1755,814,507,1768,521,774,883,920,933,483,710,247,1785,854,719,883,1206,583,832,663,2077,2444,532,450,555,1131,841,612,247,786,2196,1803,1248,739,608,1538,1436,935,1213,726,2773,2708,2916,2724,978,2167,2092,257,259,290,272,267,254,252,1772,1346,826,1999,1305,250
994,997,2019,2047,1106,799,2060,813,1066,1175,1212,1225,775,1002,539,2077,1146,1011,1175,1498,875,1124,955,2369,2736,824,742,847,1423,1133,904,786,539,2488,2095,1540,1031,900,1830,1728,1227,1505,1018,3065,3000,3208,3016,1270,2459,2384,549,551,582,564,559,546,544,2064,1638,1118,2291,1597,542
2404,2407,3429,3457,2516,2209,3470,2223,2476,2585,2622,2635,2185,2412,1949,3487,2556,2421,2585,2908,2285,2534,2365,3779,4146,2234,2152,2257,2833,2543,2314,2196,2488,1949,3505,2950,2441,2310,3240,3138,2637,2915,2428,4475,4410,4618,4426,2680,3869,3794,1959,1961,1992,1974,1969,1956,1954,3474,3048,2528,3701,3007,1952
2011,2014,3036,3064,2123,1816,3077,1830,2083,2192,2229,2242,1792,2019,1556,3094,2163,2028,2192,2515,1892,2141,1972,3386,3753,1841,1759,1864,2440,2150,1921,1803,2095,3505,1556,2557,2048,1917,2847,2745,2244,2522,2035,4082,4017,4225,4033,2287,3476,3401,1566,1568,1599,1581,1576,1563,1561,3081,2655,2135,3308,2614,1559
1456,1459,2481,2509,1568,1261,2522,1275,1528,1637,1674,1687,1237,1464,1001,2539,1608,1473,1637,1960,1337,1586,1417,2831,3198,1286,1204,1309,1885,1595,1366,1248,1540,2950,2557,1001,1493,1362,2292,2190,1689,1967,1480,3527,3462,3670,3478,1732,2921,2846,1011,1013,1044,1026,1021,1008,1006,2526,2100,1580,2753,2059,1004
947,950,1972,2000,1059,752,2013,766,1019,1128,1165,1178,728,955,492,2030,1099,964,1128,1451,828,1077,908,2322,2689,777,695,800,1376,1086,857,739,1031,2441,2048,1493,492,853,1783,1681,1180,1458,971,3018,2953,3161,2969,1223,2412,2337,502,504,535,517,512,499,497,2017,1591,1071,2244,1550,495
816,819,1841,1869,928,621,1882,635,888,997,1034,1047,597,824,361,1899,968,833,997,1320,697,946,777,2191,2558,646,564,669,1245,955,726,608,900,2310,1917,1362,853,361,1652,1550,1049,1327,840,2887,2822,3030,2838,1092,2281,2206,371,373,404,386,381,368,366,1886,1460,940,2113,1419,364
1746,1749,2771,2799,1858,1551,2812,1565,1818,1927,1964,1977,1527,1754,1291,2829,1898,1763,1927,2250,1627,1876,1707,3121,3488,1576,1494,1599,2175,1885,1656,1538,1830,3240,2847,2292,1783,1652,1291,2480,1979,2257,1770,3817,3752,3960,3768,2022,3211,3136,1301,1303,1334,1316,1311,1298,1296,2816,2390,1870,3043,2349,1294
1644,1647,2669,2697,1756,1449,2710,1463,1716,1825,1862,1875,1425,1652,1189,2727,1796,1661,1825,2148,1525,1774,1605,3019,3386,1474,1392,1497,2073,1783,1554,1436,1728,3138,2745,2190,1681,1550,2480,1189,1877,2155,1668,3715,3650,3858,3666,1920,3109,3034,1199,1201,1232,1214,1209,1196,1194,2714,2288,1768,2941,2247,1192
1143,1146,2168,2196,1255,948,2209,962,1215,1324,1361,1374,924,1151,688,2226,1295,1160,1324,1647,1024,1273,1104,2518,2885,973,891,996,1572,1282,1053,935,1227,2637,2244,1689,1180,1049,1979,1877,688,1654,1167,3214,3149,3357,3165,1419,2608,2533,698,700,731,713,708,695,693,2213,1787,1267,2440,1746,691
1421,1424,2446,2474,1533,1226,2487,1240,1493,1602,1639,1652,1202,1429,966,2504,1573,1438,1602,1925,1302,1551,1382,2796,3163,1251,1169,1274,1850,1560,1331,1213,1505,2915,2522,1967,1458,1327,2257,2155,1654,966,1445,3492,3427,3635,3443,1697,2886,2811,976,978,1009,991,986,973,971,2491,2065,1545,2718,2024,969
934,937,1959,1987,1046,739,2000,753,1006,1115,1152,1165,715,942,479,2017,1086,951,1115,1438,815,1064,895,2309,2676,764,682,787,1363,1073,844,726,1018,2428,2035,1480,971,840,1770,1668,1167,1445,479,3005,2940,3148,2956,1210,2399,2324,489,491,522,504,499,486,484,2004,1578,1058,2231,1537,482
2981,2984,4006,4034,3093,2786,4047,2800,3053,3162,3199,3212,2762,2989,2526,4064,3133,2998,3162,3485,2862,3111,2942,4356,4723,2811,2729,2834,3410,3120,2891,2773,3065,4475,4082,3527,3018,2887,3817,3715,3214,3492,3005,2526,4987,5195,5003,3257,4446,4371,2536,2538,2569,2551,2546,2533,2531,4051,3625,3105,4278,3584,2529
2916,2919,3941,3969,3028,2721,3982,2735,2988,3097,3134,3147,2697,2924,2461,3999,3068,2933,3097,3420,2797,3046,2877,4291,4658,2746,2664,2769,3345,3055,2826,2708,3000,4410,4017,3462,2953,2822,3752,3650,3149,3427,2940,4987,2461,5130,4938,3192,4381,4306,2471,2473,2504,2486,2481,2468,2466,3986,3560,3040,4213,3519,2464
3124,3127,4149,4177,3236,2929,4190,2943,3196,3305,3342,3355,2905,3132,2669,4207,3276,3141,3305,3628,3005,3254,3085,4499,4866,2954,2872,2977,3553,3263,3034,2916,3208,4618,4225,3670,3161,3030,3960,3858,3357,3635,3148,5195,5130,2669,5146,3400,4589,4514,2679,2681,2712,2694,2689,2676,2674,4194,3768,3248,4421,3727,2672
2932,2935,3957,3985,3044,2737,3998,2751,3004,3113,3150,3163,2713,2940,2477,4015,3084,2949,3113,3436,2813,3062,2893,4307,4674,2762,2680,2785,3361,3071,2842,2724,3016,4426,4033,3478,2969,2838,3768,3666,3165,3443,2956,5003,4938,5146,2477,3208,4397,4322,2487,2489,2520,2502,2497,2484,2482,4002,3576,3056,4229,3535,2480
1186,1189,2211,2239,1298,991,2252,1005,1258,1367,1404,1417,967,1194,731,2269,1338,1203,1367,1690,1067,1316,1147,2561,2928,1016,934,1039,1615,1325,1096,978,1270,2680,2287,1732,1223,1092,2022,1920,1419,1697,1210,3257,3192,3400,3208,731,2651,2576,741,743,774,756,751,738,736,2256,1830,1310,2483,1789,734
2375,2378,3400,3428,2487,2180,3441,2194,2447,2556,2593,2606,2156,2383,1920,3458,2527,2392,2556,2879,2256,2505,2336,3750,4117,2205,2123,2228,2804,2514,2285,2167,2459,3869,3476,2921,2412,2281,3211,3109,2608,2886,2399,4446,4381,4589,4397,2651,1920,3765,1930,1932,1963,1945,1940,1927,1925,3445,3019,2499,3672,2978,1923
2300,2303,3325,3353,2412,2105,3366,2119,2372,2481,2518,2531,2081,2308,1845,3383,2452,2317,2481,2804,2181,2430,2261,3675,4042,2130,2048,2153,2729,2439,2210,2092,2384,3794,3401,2846,2337,2206,3136,3034,2533,2811,2324,4371,4306,4514,4322,2576,3765,1845,1855,1857,1888,1870,1865,1852,1850,3370,2944,2424,3597,2903,1848
465,468,1490,1518,577,270,1531,284,537,646,683,696,246,473,10,1548,617,482,646,969,346,595,426,1840,2207,295,213,318,894,604,375,257,549,1959,1566,1011,502,371,1301,1199,698,976,489,2536,2471,2679,2487,741,1930,1855,10,22,53,35,30,17,15,1535,1109,589,1762,1068,13
467,470,1492,1520,579,272,1533,286,539,648,685,698,248,475,12,1550,619,484,648,971,348,597,428,1842,2209,297,215,320,896,606,377,259,551,1961,1568,1013,504,373,1303,1201,700,978,491,2538,2473,2681,2489,743,1932,1857,22,12,55,37,32,19,17,1537,1111,591,1764,1070,15
498,501,1523,1551,610,303,1564,317,570,679,716,729,279,506,43,1581,650,515,679,1002,379,628,459,1873,2240,328,246,351,927,637,408,290,582,1992,1599,1044,535,404,1334,1232,731,1009,522,2569,2504,2712,2520,774,1963,1888,53,55,43,68,63,50,48,1568,1142,622,1795,1101,46
480,483,1505,1533,592,285,1546,299,552,661,698,711,261,488,25,1563,632,497,661,984,361,610,441,1855,2222,310,228,333,909,619,390,272,564,1974,1581,1026,517,386,1316,1214,713,991,504,2551,2486,2694,2502,756,1945,1870,35,37,68,25,45,32,30,1550,1124,604,1777,1083,28
475,478,1500,1528,587,280,1541,294,547,656,693,706,256,483,20,1558,627,492,656,979,356,605,436,1850,2217,305,223,328,904,614,385,267,559,1969,1576,1021,512,381,1311,1209,708,986,499,2546,2481,2689,2497,751,1940,1865,30,32,63,45,20,27,25,1545,1119,599,1772,1078,23
462,465,1487,1515,574,267,1528,281,534,643,680,693,243,470,7,1545,614,479,643,966,343,592,423,1837,2204,292,210,315,891,601,372,254,546,1956,1563,1008,499,368,1298,1196,695,973,486,2533,2468,2676,2484,738,1927,1852,17,19,50,32,27,7,12,1532,1106,586,1759,1065,10
460,463,1485,1513,572,265,1526,279,532,641,678,691,241,468,5,1543,612,477,641,964,341,590,421,1835,2202,290,208,313,889,599,370,252,544,1954,1561,1006,497,366,1296,1194,693,971,484,2531,2466,2674,2482,736,1925,1850,15,17,48,30,25,12,5,1530,1104,584,1757,1063,8
1980,1983,3005,3033,2092,1785,3046,1799,2052,2161,2198,2211,1761,1988,1525,3063,2132,1997,2161,2484,1861,2110,1941,3355,3722,1810,1728,1833,2409,2119,1890,1772,2064,3474,3081,2526,2017,1886,2816,2714,2213,2491,2004,4051,3986,4194,4002,2256,3445,3370,1535,1537,1568,1550,1545,1532,1530,1525,2624,2104,3277,2583,1528
1554,1557,2579,2607,1666,1359,2620,1373,1626,1735,1772,1785,1335,1562,1099,2637,1706,1571,1735,2058,1435,1684,1515,2929,3296,1384,1302,1407,1983,1693,1464,1346,1638,3048,2655,2100,1591,1460,2390,2288,1787,2065,1578,3625,3560,3768,3576,1830,3019,2944,1109,1111,1142,1124,1119,1106,1104,2624,1099,1678,2851,2157,1102
1034,1037,2059,2087,1146,839,2100,853,1106,1215,1252,1265,815,1042,579,2117,1186,1051,1215,1538,915,1164,995,2409,2776,864,782,887,1463,1173,944,826,1118,2528,2135,1580,1071,940,1870,1768,1267,1545,1058,3105,3040,3248,3056,1310,2499,2424,589,591,622,604,599,586,584,2104,1678,579,2331,1637,582
2207,2210,3232,3260,2319,2012,3273,2026,2279,2388,2425,2438,1988,2215,1752,3290,2359,2224,2388,2711,2088,2337,2168,3582,3949,2037,1955,2060,2636,2346,2117,1999,2291,3701,3308,2753,2244,2113,3043,2941,2440,2718,2231,4278,4213,4421,4229,2483,3672,3597,1762,1764,1795,1777,1772,1759,1757,3277,2851,2331,1752,2810,1755
1513,1516,2538,2566,1625,1318,2579,1332,1585,1694,1731,1744,1294,1521,1058,2596,1665,1530,1694,2017,1394,1643,1474,2888,3255,1343,1261,1366,1942,1652,1423,1305,1597,3007,2614,2059,1550,1419,2349,2247,1746,2024,1537,3584,3519,3727,3535,1789,2978,2903,1068,1070,1101,1083,1078,1065,1063,2583,2157,1637,2810,1058,1061
458,461,1483,1511,570,263,1524,277,530,639,676,689,239,466,3,1541,610,475,639,962,339,588,419,1833,2200,288,206,311,887,597,368,250,542,1952,1559,1004,495,364,1294,1192,691,969,482,2529,2464,2672,2480,734,1923,1848,13,15,46,28,23,10,8,1528,1102,582,1755,1061,3
