29101,8078,1542,6000,3574,1842,242,460
8078,14462,1506,3152,2704,606,108,206
1542,1506,4885,612,776,134,38,102
6000,3152,612,11174,1458,460,124,298
3574,2704,776,1458,9134,490,36,112
1842,606,134,460,490,5158,62,156
242,108,38,124,36,62,1052,98
460,206,102,298,112,156,98,2889
