28985,14154,62,716,402,318,228
14154,67279,272,2014,600,862,3612
62,272,1043,116,168,30,8
716,2014,116,3926,260,170,24
402,600,168,260,3348,90,4
318,862,30,170,90,1506,4
228,3612,8,24,4,4,5312
