28985,96264,30028,32911,32333,30491,34297
96264,67279,68322,71205,70627,68785,72591
30028,68322,1043,4969,4391,2549,6355
32911,71205,4969,3926,7274,5432,9238
32333,70627,4391,7274,3348,4854,8660
30491,68785,2549,5432,4854,1506,6818
34297,72591,6355,9238,8660,6818,5312
