1.00000000,0.06741573,0.09080700,0.04045829,0.02303120,0.02022803,0.04810436,0.01886035,0.03279369
0.06741573,1.00000000,0.05316224,0.02345277,0.06151538,0.02451334,0.04050786,0.01071811,0.02607562
0.09080700,0.05316224,1.00000000,0.19561434,0.06289779,0.08293578,0.12785192,0.13386173,0.06935867
0.04045829,0.02345277,0.19561434,1.00000000,0.04347826,0.33397498,0.22105526,0.08251232,0.02606310
0.02303120,0.06151538,0.06289779,0.04347826,1.00000000,0.05010661,0.13905715,0.02390999,0.01273885
0.02022803,0.02451334,0.08293578,0.33397498,0.05010661,1.00000000,0.23941833,0.03116531,0.01068702
0.04810436,0.04050786,0.12785192,0.22105526,0.13905715,0.23941833,1.00000000,0.03826906,0.01857010
0.01886035,0.01071811,0.13386173,0.08251232,0.02390999,0.03116531,0.03826906,1.00000000,0.06308411
0.03279369,0.02607562,0.06935867,0.02606310,0.01273885,0.01068702,0.01857010,0.06308411,1.00000000
