16263,2424,1648,2440,998,264,3158
2424,20558,3832,2962,3108,3172,5838
1648,3832,18635,2748,9960,1012,4848
2440,2962,2748,9178,2518,312,1838
998,3108,9960,2518,38228,1574,9796
264,3172,1012,312,1574,5923,2272
3158,5838,4848,1838,9796,2272,21009
