1.00000000,0.06583200,0.04722334,0.09590818,0.01831495,0.01189940,0.08472848
0.06583200,1.00000000,0.09777256,0.09960990,0.05286973,0.11978400,0.14044795
0.04722334,0.09777256,1.00000000,0.09880272,0.17515784,0.04120857,0.12228837
0.09590818,0.09960990,0.09880272,1.00000000,0.05311564,0.02066088,0.06088714
0.01831495,0.05286973,0.17515784,0.05311564,1.00000000,0.03565038,0.16536962
0.01189940,0.11978400,0.04120857,0.02066088,0.03565038,1.00000000,0.08436061
0.08472848,0.14044795,0.12228837,0.06088714,0.16536962,0.08436061,1.00000000
