16263,36821,34898,25441,54491,22186,37272
36821,20558,39193,29736,58786,26481,41567
34898,39193,18635,27813,56863,24558,39644
25441,29736,27813,9178,47406,15101,30187
54491,58786,56863,47406,38228,44151,59237
22186,26481,24558,15101,44151,5923,26932
37272,41567,39644,30187,59237,26932,21009
