1.00000000,0.02630137,0.04715950,0.05151641,0.01290131,0.02113221
0.02630137,1.00000000,0.05723421,0.04539138,0.00816134,0.06001652
0.04715950,0.05723421,1.00000000,0.15301613,0.19809301,0.25548821
0.05151641,0.04539138,0.15301613,1.00000000,0.10224347,0.20942770
0.01290131,0.00816134,0.19809301,0.10224347,1.00000000,0.16861194
0.02113221,0.06001652,0.25548821,0.20942770,0.16861194,1.00000000
