2197,3650,32019,7221,13487,11641
3650,1453,31275,6477,12743,10897
32019,31275,29822,34846,41112,39266
7221,6477,34846,5024,16314,14468
13487,12743,41112,16314,11290,20734
11641,10897,39266,14468,20734,9444
