2352,354,216,20,8,538,8,116,212
354,2479,754,58,32,290,24,104,216
216,754,3000,248,220,532,10,154,134
20,58,248,672,22,58,2,10,0
8,32,220,22,1800,138,0,174,114
538,290,532,58,138,2491,80,538,10
8,24,10,2,0,80,682,20,0
116,104,154,10,174,538,20,972,14
212,216,134,0,114,10,0,14,1467
