637,1138,2113,2491,1199,893,2042,899,1121,1311,1358,1423,1001,1077,637,2368,1269,1132,1305,1731,973,1321,1021,2832,3805,1012,882,905,1629,1276,944,914,1428,2594,2578,1818,1121,954,1999,1782,1283,1451,1213,3461,3392,4070,3205,1587,3271,3253,733,839,984,839,889,732,764,2770,1977,1210,2817,1967,640
1138,501,1977,2355,1063,757,1906,763,985,1175,1222,1287,865,941,501,2232,1133,996,1169,1595,837,1185,885,2696,3669,876,746,769,1493,1140,808,778,1292,2458,2442,1682,985,818,1863,1646,1147,1315,1077,3325,3256,3934,3069,1451,3135,3117,597,703,848,703,753,596,628,2634,1841,1074,2681,1831,504
2113,1977,1476,3330,2038,1732,2881,1738,1960,2150,2197,2262,1840,1916,1476,3207,2108,1971,2144,2570,1812,2160,1860,3671,4644,1851,1721,1744,2468,2115,1783,1753,2267,3433,3417,2657,1960,1793,2838,2621,2122,2290,2052,4300,4231,4909,4044,2426,4110,4092,1572,1678,1823,1678,1728,1571,1603,3609,2816,2049,3656,2806,1479
2491,2355,3330,1854,2416,2110,3259,2116,2338,2528,2575,2640,2218,2294,1854,3585,2486,2349,2522,2948,2190,2538,2238,4049,5022,2229,2099,2122,2846,2493,2161,2131,2645,3811,3795,3035,2338,2171,3216,2999,2500,2668,2430,4678,4609,5287,4422,2804,4488,4470,1950,2056,2201,2056,2106,1949,1981,3987,3194,2427,4034,3184,1857
1199,1063,2038,2416,562,818,1967,824,1046,1236,1283,1348,926,1002,562,2293,1194,1057,1230,1656,898,1246,946,2757,3730,937,807,830,1554,1201,869,839,1353,2519,2503,1743,1046,879,1924,1707,1208,1376,1138,3386,3317,3995,3130,1512,3196,3178,658,764,909,764,814,657,689,2695,1902,1135,2742,1892,565
893,757,1732,2110,818,256,1661,518,740,930,977,1042,620,696,256,1987,888,751,924,1350,592,940,640,2451,3424,631,501,524,1248,895,563,533,1047,2213,2197,1437,740,573,1618,1401,902,1070,832,3080,3011,3689,2824,1206,2890,2872,352,458,603,458,508,351,383,2389,1596,829,2436,1586,259
2042,1906,2881,3259,1967,1661,1405,1667,1889,2079,2126,2191,1769,1845,1405,3136,2037,1900,2073,2499,1741,2089,1789,3600,4573,1780,1650,1673,2397,2044,1712,1682,2196,3362,3346,2586,1889,1722,2767,2550,2051,2219,1981,4229,4160,4838,3973,2355,4039,4021,1501,1607,1752,1607,1657,1500,1532,3538,2745,1978,3585,2735,1408
899,763,1738,2116,824,518,1667,262,746,936,983,1048,626,702,262,1993,894,757,930,1356,598,946,646,2457,3430,637,507,530,1254,901,569,539,1053,2219,2203,1443,746,579,1624,1407,908,1076,838,3086,3017,3695,2830,1212,2896,2878,358,464,609,464,514,357,389,2395,1602,835,2442,1592,265
1121,985,1960,2338,1046,740,1889,746,484,1158,1205,1270,848,924,484,2215,1116,979,1152,1578,820,1168,868,2679,3652,859,729,752,1476,1123,791,761,1275,2441,2425,1665,968,801,1846,1629,1130,1298,1060,3308,3239,3917,3052,1434,3118,3100,580,686,831,686,736,579,611,2617,1824,1057,2664,1814,487
1311,1175,2150,2528,1236,930,2079,936,1158,674,1395,1460,1038,1114,674,2405,1306,1169,1342,1768,1010,1358,1058,2869,3842,1049,919,942,1666,1313,981,951,1465,2631,2615,1855,1158,991,2036,1819,1320,1488,1250,3498,3429,4107,3242,1624,3308,3290,770,876,1021,876,926,769,801,2807,2014,1247,2854,2004,677
1358,1222,2197,2575,1283,977,2126,983,1205,1395,721,1507,1085,1161,721,2452,1353,1216,1389,1815,1057,1405,1105,2916,3889,1096,966,989,1713,1360,1028,998,1512,2678,2662,1902,1205,1038,2083,1866,1367,1535,1297,3545,3476,4154,3289,1671,3355,3337,817,923,1068,923,973,816,848,2854,2061,1294,2901,2051,724
1423,1287,2262,2640,1348,1042,2191,1048,1270,1460,1507,786,1150,1226,786,2517,1418,1281,1454,1880,1122,1470,1170,2981,3954,1161,1031,1054,1778,1425,1093,1063,1577,2743,2727,1967,1270,1103,2148,1931,1432,1600,1362,3610,3541,4219,3354,1736,3420,3402,882,988,1133,988,1038,881,913,2919,2126,1359,2966,2116,789
1001,865,1840,2218,926,620,1769,626,848,1038,1085,1150,364,804,364,2095,996,859,1032,1458,700,1048,748,2559,3532,739,609,632,1356,1003,671,641,1155,2321,2305,1545,848,681,1726,1509,1010,1178,940,3188,3119,3797,2932,1314,2998,2980,460,566,711,566,616,459,491,2497,1704,937,2544,1694,367
1077,941,1916,2294,1002,696,1845,702,924,1114,1161,1226,804,440,440,2171,1072,935,1108,1534,776,1124,824,2635,3608,815,685,708,1432,1079,747,717,1231,2397,2381,1621,924,757,1802,1585,1086,1254,1016,3264,3195,3873,3008,1390,3074,3056,536,642,787,642,692,535,567,2573,1780,1013,2620,1770,443
637,501,1476,1854,562,256,1405,262,484,674,721,786,364,440,0,1731,632,495,668,1094,336,684,384,2195,3168,375,245,268,992,639,307,277,791,1957,1941,1181,484,317,1362,1145,646,814,576,2824,2755,3433,2568,950,2634,2616,96,202,347,202,252,95,127,2133,1340,573,2180,1330,3
2368,2232,3207,3585,2293,1987,3136,1993,2215,2405,2452,2517,2095,2171,1731,1731,2363,2226,2399,2825,2067,2415,2115,3926,4899,2106,1976,1999,2723,2370,2038,2008,2522,3688,3672,2912,2215,2048,3093,2876,2377,2545,2307,4555,4486,5164,4299,2681,4365,4347,1827,1933,2078,1933,1983,1826,1858,3864,3071,2304,3911,3061,1734
1269,1133,2108,2486,1194,888,2037,894,1116,1306,1353,1418,996,1072,632,2363,632,1127,1300,1726,968,1316,1016,2827,3800,1007,877,900,1624,1271,939,909,1423,2589,2573,1813,1116,949,1994,1777,1278,1446,1208,3456,3387,4065,3200,1582,3266,3248,728,834,979,834,884,727,759,2765,1972,1205,2812,1962,635
1132,996,1971,2349,1057,751,1900,757,979,1169,1216,1281,859,935,495,2226,1127,495,1163,1589,831,1179,879,2690,3663,870,740,763,1487,1134,802,772,1286,2452,2436,1676,979,812,1857,1640,1141,1309,1071,3319,3250,3928,3063,1445,3129,3111,591,697,842,697,747,590,622,2628,1835,1068,2675,1825,498
1305,1169,2144,2522,1230,924,2073,930,1152,1342,1389,1454,1032,1108,668,2399,1300,1163,668,1762,1004,1352,1052,2863,3836,1043,913,936,1660,1307,975,945,1459,2625,2609,1849,1152,985,2030,1813,1314,1482,1244,3492,3423,4101,3236,1618,3302,3284,764,870,1015,870,920,763,795,2801,2008,1241,2848,1998,671
1731,1595,2570,2948,1656,1350,2499,1356,1578,1768,1815,1880,1458,1534,1094,2825,1726,1589,1762,1094,1430,1778,1478,3289,4262,1469,1339,1362,2086,1733,1401,1371,1885,3051,3035,2275,1578,1411,2456,2239,1740,1908,1670,3918,3849,4527,3662,2044,3728,3710,1190,1296,1441,1296,1346,1189,1221,3227,2434,1667,3274,2424,1097
973,837,1812,2190,898,592,1741,598,820,1010,1057,1122,700,776,336,2067,968,831,1004,1430,336,1020,720,2531,3504,711,581,604,1328,975,643,613,1127,2293,2277,1517,820,653,1698,1481,982,1150,912,3160,3091,3769,2904,1286,2970,2952,432,538,683,538,588,431,463,2469,1676,909,2516,1666,339
1321,1185,2160,2538,1246,940,2089,946,1168,1358,1405,1470,1048,1124,684,2415,1316,1179,1352,1778,1020,684,1068,2879,3852,1059,929,952,1676,1323,991,961,1475,2641,2625,1865,1168,1001,2046,1829,1330,1498,1260,3508,3439,4117,3252,1634,3318,3300,780,886,1031,886,936,779,811,2817,2024,1257,2864,2014,687
1021,885,1860,2238,946,640,1789,646,868,1058,1105,1170,748,824,384,2115,1016,879,1052,1478,720,1068,384,2579,3552,759,629,652,1376,1023,691,661,1175,2341,2325,1565,868,701,1746,1529,1030,1198,960,3208,3139,3817,2952,1334,3018,3000,480,586,731,586,636,479,511,2517,1724,957,2564,1714,387
2832,2696,3671,4049,2757,2451,3600,2457,2679,2869,2916,2981,2559,2635,2195,3926,2827,2690,2863,3289,2531,2879,2579,2195,5363,2570,2440,2463,3187,2834,2502,2472,2986,4152,4136,3376,2679,2512,3557,3340,2841,3009,2771,5019,4950,5628,4763,3145,4829,4811,2291,2397,2542,2397,2447,2290,2322,4328,3535,2768,4375,3525,2198
3805,3669,4644,5022,3730,3424,4573,3430,3652,3842,3889,3954,3532,3608,3168,4899,3800,3663,3836,4262,3504,3852,3552,5363,3168,3543,3413,3436,4160,3807,3475,3445,3959,5125,5109,4349,3652,3485,4530,4313,3814,3982,3744,5992,5923,6601,5736,4118,5802,5784,3264,3370,3515,3370,3420,3263,3295,5301,4508,3741,5348,4498,3171
1012,876,1851,2229,937,631,1780,637,859,1049,1096,1161,739,815,375,2106,1007,870,1043,1469,711,1059,759,2570,3543,375,620,643,1367,1014,682,652,1166,2332,2316,1556,859,692,1737,1520,1021,1189,951,3199,3130,3808,2943,1325,3009,2991,471,577,722,577,627,470,502,2508,1715,948,2555,1705,378
882,746,1721,2099,807,501,1650,507,729,919,966,1031,609,685,245,1976,877,740,913,1339,581,929,629,2440,3413,620,245,513,1237,884,552,522,1036,2202,2186,1426,729,562,1607,1390,891,1059,821,3069,3000,3678,2813,1195,2879,2861,341,447,592,447,497,340,372,2378,1585,818,2425,1575,248
905,769,1744,2122,830,524,1673,530,752,942,989,1054,632,708,268,1999,900,763,936,1362,604,952,652,2463,3436,643,513,268,1260,907,575,545,1059,2225,2209,1449,752,585,1630,1413,914,1082,844,3092,3023,3701,2836,1218,2902,2884,364,470,615,470,520,363,395,2401,1608,841,2448,1598,271
1629,1493,2468,2846,1554,1248,2397,1254,1476,1666,1713,1778,1356,1432,992,2723,1624,1487,1660,2086,1328,1676,1376,3187,4160,1367,1237,1260,992,1631,1299,1269,1783,2949,2933,2173,1476,1309,2354,2137,1638,1806,1568,3816,3747,4425,3560,1942,3626,3608,1088,1194,1339,1194,1244,1087,1119,3125,2332,1565,3172,2322,995
1276,1140,2115,2493,1201,895,2044,901,1123,1313,1360,1425,1003,1079,639,2370,1271,1134,1307,1733,975,1323,1023,2834,3807,1014,884,907,1631,639,946,916,1430,2596,2580,1820,1123,956,2001,1784,1285,1453,1215,3463,3394,4072,3207,1589,3273,3255,735,841,986,841,891,734,766,2772,1979,1212,2819,1969,642
944,808,1783,2161,869,563,1712,569,791,981,1028,1093,671,747,307,2038,939,802,975,1401,643,991,691,2502,3475,682,552,575,1299,946,307,584,1098,2264,2248,1488,791,624,1669,1452,953,1121,883,3131,3062,3740,2875,1257,2941,2923,403,509,654,509,559,402,434,2440,1647,880,2487,1637,310
914,778,1753,2131,839,533,1682,539,761,951,998,1063,641,717,277,2008,909,772,945,1371,613,961,661,2472,3445,652,522,545,1269,916,584,277,1068,2234,2218,1458,761,594,1639,1422,923,1091,853,3101,3032,3710,2845,1227,2911,2893,373,479,624,479,529,372,404,2410,1617,850,2457,1607,280
1428,1292,2267,2645,1353,1047,2196,1053,1275,1465,1512,1577,1155,1231,791,2522,1423,1286,1459,1885,1127,1475,1175,2986,3959,1166,1036,1059,1783,1430,1098,1068,791,2748,2732,1972,1275,1108,2153,1936,1437,1605,1367,3615,3546,4224,3359,1741,3425,3407,887,993,1138,993,1043,886,918,2924,2131,1364,2971,2121,794
2594,2458,3433,3811,2519,2213,3362,2219,2441,2631,2678,2743,2321,2397,1957,3688,2589,2452,2625,3051,2293,2641,2341,4152,5125,2332,2202,2225,2949,2596,2264,2234,2748,1957,3898,3138,2441,2274,3319,3102,2603,2771,2533,4781,4712,5390,4525,2907,4591,4573,2053,2159,2304,2159,2209,2052,2084,4090,3297,2530,4137,3287,1960
2578,2442,3417,3795,2503,2197,3346,2203,2425,2615,2662,2727,2305,2381,1941,3672,2573,2436,2609,3035,2277,2625,2325,4136,5109,2316,2186,2209,2933,2580,2248,2218,2732,3898,1941,3122,2425,2258,3303,3086,2587,2755,2517,4765,4696,5374,4509,2891,4575,4557,2037,2143,2288,2143,2193,2036,2068,4074,3281,2514,4121,3271,1944
1818,1682,2657,3035,1743,1437,2586,1443,1665,1855,1902,1967,1545,1621,1181,2912,1813,1676,1849,2275,1517,1865,1565,3376,4349,1556,1426,1449,2173,1820,1488,1458,1972,3138,3122,1181,1665,1498,2543,2326,1827,1995,1757,4005,3936,4614,3749,2131,3815,3797,1277,1383,1528,1383,1433,1276,1308,3314,2521,1754,3361,2511,1184
1121,985,1960,2338,1046,740,1889,746,968,1158,1205,1270,848,924,484,2215,1116,979,1152,1578,820,1168,868,2679,3652,859,729,752,1476,1123,791,761,1275,2441,2425,1665,484,801,1846,1629,1130,1298,1060,3308,3239,3917,3052,1434,3118,3100,580,686,831,686,736,579,611,2617,1824,1057,2664,1814,487
954,818,1793,2171,879,573,1722,579,801,991,1038,1103,681,757,317,2048,949,812,985,1411,653,1001,701,2512,3485,692,562,585,1309,956,624,594,1108,2274,2258,1498,801,317,1679,1462,963,1131,893,3141,3072,3750,2885,1267,2951,2933,413,519,664,519,569,412,444,2450,1657,890,2497,1647,320
1999,1863,2838,3216,1924,1618,2767,1624,1846,2036,2083,2148,1726,1802,1362,3093,1994,1857,2030,2456,1698,2046,1746,3557,4530,1737,1607,1630,2354,2001,1669,1639,2153,3319,3303,2543,1846,1679,1362,2507,2008,2176,1938,4186,4117,4795,3930,2312,3996,3978,1458,1564,1709,1564,1614,1457,1489,3495,2702,1935,3542,2692,1365
1782,1646,2621,2999,1707,1401,2550,1407,1629,1819,1866,1931,1509,1585,1145,2876,1777,1640,1813,2239,1481,1829,1529,3340,4313,1520,1390,1413,2137,1784,1452,1422,1936,3102,3086,2326,1629,1462,2507,1145,1791,1959,1721,3969,3900,4578,3713,2095,3779,3761,1241,1347,1492,1347,1397,1240,1272,3278,2485,1718,3325,2475,1148
1283,1147,2122,2500,1208,902,2051,908,1130,1320,1367,1432,1010,1086,646,2377,1278,1141,1314,1740,982,1330,1030,2841,3814,1021,891,914,1638,1285,953,923,1437,2603,2587,1827,1130,963,2008,1791,646,1460,1222,3470,3401,4079,3214,1596,3280,3262,742,848,993,848,898,741,773,2779,1986,1219,2826,1976,649
1451,1315,2290,2668,1376,1070,2219,1076,1298,1488,1535,1600,1178,1254,814,2545,1446,1309,1482,1908,1150,1498,1198,3009,3982,1189,1059,1082,1806,1453,1121,1091,1605,2771,2755,1995,1298,1131,2176,1959,1460,814,1390,3638,3569,4247,3382,1764,3448,3430,910,1016,1161,1016,1066,909,941,2947,2154,1387,2994,2144,817
1213,1077,2052,2430,1138,832,1981,838,1060,1250,1297,1362,940,1016,576,2307,1208,1071,1244,1670,912,1260,960,2771,3744,951,821,844,1568,1215,883,853,1367,2533,2517,1757,1060,893,1938,1721,1222,1390,576,3400,3331,4009,3144,1526,3210,3192,672,778,923,778,828,671,703,2709,1916,1149,2756,1906,579
3461,3325,4300,4678,3386,3080,4229,3086,3308,3498,3545,3610,3188,3264,2824,4555,3456,3319,3492,3918,3160,3508,3208,5019,5992,3199,3069,3092,3816,3463,3131,3101,3615,4781,4765,4005,3308,3141,4186,3969,3470,3638,3400,2824,5579,6257,5392,3774,5458,5440,2920,3026,3171,3026,3076,2919,2951,4957,4164,3397,5004,4154,2827
3392,3256,4231,4609,3317,3011,4160,3017,3239,3429,3476,3541,3119,3195,2755,4486,3387,3250,3423,3849,3091,3439,3139,4950,5923,3130,3000,3023,3747,3394,3062,3032,3546,4712,4696,3936,3239,3072,4117,3900,3401,3569,3331,5579,2755,6188,5323,3705,5389,5371,2851,2957,3102,2957,3007,2850,2882,4888,4095,3328,4935,4085,2758
4070,3934,4909,5287,3995,3689,4838,3695,3917,4107,4154,4219,3797,3873,3433,5164,4065,3928,4101,4527,3769,4117,3817,5628,6601,3808,3678,3701,4425,4072,3740,3710,4224,5390,5374,4614,3917,3750,4795,4578,4079,4247,4009,6257,6188,3433,6001,4383,6067,6049,3529,3635,3780,3635,3685,3528,3560,5566,4773,4006,5613,4763,3436
3205,3069,4044,4422,3130,2824,3973,2830,3052,3242,3289,3354,2932,3008,2568,4299,3200,3063,3236,3662,2904,3252,2952,4763,5736,2943,2813,2836,3560,3207,2875,2845,3359,4525,4509,3749,3052,2885,3930,3713,3214,3382,3144,5392,5323,6001,2568,3518,5202,5184,2664,2770,2915,2770,2820,2663,2695,4701,3908,3141,4748,3898,2571
1587,1451,2426,2804,1512,1206,2355,1212,1434,1624,1671,1736,1314,1390,950,2681,1582,1445,1618,2044,1286,1634,1334,3145,4118,1325,1195,1218,1942,1589,1257,1227,1741,2907,2891,2131,1434,1267,2312,2095,1596,1764,1526,3774,3705,4383,3518,950,3584,3566,1046,1152,1297,1152,1202,1045,1077,3083,2290,1523,3130,2280,953
3271,3135,4110,4488,3196,2890,4039,2896,3118,3308,3355,3420,2998,3074,2634,4365,3266,3129,3302,3728,2970,3318,3018,4829,5802,3009,2879,2902,3626,3273,2941,2911,3425,4591,4575,3815,3118,2951,3996,3779,3280,3448,3210,5458,5389,6067,5202,3584,2634,5250,2730,2836,2981,2836,2886,2729,2761,4767,3974,3207,4814,3964,2637
3253,3117,4092,4470,3178,2872,4021,2878,3100,3290,3337,3402,2980,3056,2616,4347,3248,3111,3284,3710,2952,3300,3000,4811,5784,2991,2861,2884,3608,3255,2923,2893,3407,4573,4557,3797,3100,2933,3978,3761,3262,3430,3192,5440,5371,6049,5184,3566,5250,2616,2712,2818,2963,2818,2868,2711,2743,4749,3956,3189,4796,3946,2619
733,597,1572,1950,658,352,1501,358,580,770,817,882,460,536,96,1827,728,591,764,1190,432,780,480,2291,3264,471,341,364,1088,735,403,373,887,2053,2037,1277,580,413,1458,1241,742,910,672,2920,2851,3529,2664,1046,2730,2712,96,298,443,298,348,191,223,2229,1436,669,2276,1426,99
839,703,1678,2056,764,458,1607,464,686,876,923,988,566,642,202,1933,834,697,870,1296,538,886,586,2397,3370,577,447,470,1194,841,509,479,993,2159,2143,1383,686,519,1564,1347,848,1016,778,3026,2957,3635,2770,1152,2836,2818,298,202,549,404,454,297,329,2335,1542,775,2382,1532,205
984,848,1823,2201,909,603,1752,609,831,1021,1068,1133,711,787,347,2078,979,842,1015,1441,683,1031,731,2542,3515,722,592,615,1339,986,654,624,1138,2304,2288,1528,831,664,1709,1492,993,1161,923,3171,3102,3780,2915,1297,2981,2963,443,549,347,549,599,442,474,2480,1687,920,2527,1677,350
839,703,1678,2056,764,458,1607,464,686,876,923,988,566,642,202,1933,834,697,870,1296,538,886,586,2397,3370,577,447,470,1194,841,509,479,993,2159,2143,1383,686,519,1564,1347,848,1016,778,3026,2957,3635,2770,1152,2836,2818,298,404,549,202,454,297,329,2335,1542,775,2382,1532,205
889,753,1728,2106,814,508,1657,514,736,926,973,1038,616,692,252,1983,884,747,920,1346,588,936,636,2447,3420,627,497,520,1244,891,559,529,1043,2209,2193,1433,736,569,1614,1397,898,1066,828,3076,3007,3685,2820,1202,2886,2868,348,454,599,454,252,347,379,2385,1592,825,2432,1582,255
732,596,1571,1949,657,351,1500,357,579,769,816,881,459,535,95,1826,727,590,763,1189,431,779,479,2290,3263,470,340,363,1087,734,402,372,886,2052,2036,1276,579,412,1457,1240,741,909,671,2919,2850,3528,2663,1045,2729,2711,191,297,442,297,347,95,222,2228,1435,668,2275,1425,98
764,628,1603,1981,689,383,1532,389,611,801,848,913,491,567,127,1858,759,622,795,1221,463,811,511,2322,3295,502,372,395,1119,766,434,404,918,2084,2068,1308,611,444,1489,1272,773,941,703,2951,2882,3560,2695,1077,2761,2743,223,329,474,329,379,222,127,2260,1467,700,2307,1457,130
2770,2634,3609,3987,2695,2389,3538,2395,2617,2807,2854,2919,2497,2573,2133,3864,2765,2628,2801,3227,2469,2817,2517,4328,5301,2508,2378,2401,3125,2772,2440,2410,2924,4090,4074,3314,2617,2450,3495,3278,2779,2947,2709,4957,4888,5566,4701,3083,4767,4749,2229,2335,2480,2335,2385,2228,2260,2133,3473,2706,4313,3463,2136
1977,1841,2816,3194,1902,1596,2745,1602,1824,2014,2061,2126,1704,1780,1340,3071,1972,1835,2008,2434,1676,2024,1724,3535,4508,1715,1585,1608,2332,1979,1647,1617,2131,3297,3281,2521,1824,1657,2702,2485,1986,2154,1916,4164,4095,4773,3908,2290,3974,3956,1436,1542,1687,1542,1592,1435,1467,3473,1340,1913,3520,2670,1343
1210,1074,2049,2427,1135,829,1978,835,1057,1247,1294,1359,937,1013,573,2304,1205,1068,1241,1667,909,1257,957,2768,3741,948,818,841,1565,1212,880,850,1364,2530,2514,1754,1057,890,1935,1718,1219,1387,1149,3397,3328,4006,3141,1523,3207,3189,669,775,920,775,825,668,700,2706,1913,573,2753,1903,576
2817,2681,3656,4034,2742,2436,3585,2442,2664,2854,2901,2966,2544,2620,2180,3911,2812,2675,2848,3274,2516,2864,2564,4375,5348,2555,2425,2448,3172,2819,2487,2457,2971,4137,4121,3361,2664,2497,3542,3325,2826,2994,2756,5004,4935,5613,4748,3130,4814,4796,2276,2382,2527,2382,2432,2275,2307,4313,3520,2753,2180,3510,2183
1967,1831,2806,3184,1892,1586,2735,1592,1814,2004,2051,2116,1694,1770,1330,3061,1962,1825,1998,2424,1666,2014,1714,3525,4498,1705,1575,1598,2322,1969,1637,1607,2121,3287,3271,2511,1814,1647,2692,2475,1976,2144,1906,4154,4085,4763,3898,2280,3964,3946,1426,1532,1677,1532,1582,1425,1457,3463,2670,1903,3510,1330,1333
640,504,1479,1857,565,259,1408,265,487,677,724,789,367,443,3,1734,635,498,671,1097,339,687,387,2198,3171,378,248,271,995,642,310,280,794,1960,1944,1184,487,320,1365,1148,649,817,579,2827,2758,3436,2571,953,2637,2619,99,205,350,205,255,98,130,2136,1343,576,2183,1333,3
