2034,3465,4509,5212,2787,2340,4873,2450,2807,3883,3155,3424,3096,2525,2313,4286,2829,3144,2875,3637,2411,3151,2788,5981,9488,5648,2816,2242,3012,3295,2384,2361,2874,4704,5086,3795,2665,2822,4576,3511,2581,3205,3591,6045,6586,8231,11915,3617,6777,7740,3207,3379,7129,4424,4000,2290,2742,6599,5201,4200,5706,4170,2138
3465,1431,3906,4609,2184,1737,4270,1847,2204,3280,2552,2821,2493,1922,1710,3683,2226,2541,2272,3034,1808,2548,2185,5378,8885,5045,2213,1639,2409,2692,1781,1758,2271,4101,4483,3192,2062,2219,3973,2908,1978,2602,2988,5442,5983,7628,11312,3014,6174,7137,2604,2776,6526,3821,3397,1687,2139,5996,4598,3597,5103,3567,1535
4509,3906,2475,5653,3228,2781,5314,2891,3248,4324,3596,3865,3537,2966,2754,4727,3270,3585,3316,4078,2852,3592,3229,6422,9929,6089,3257,2683,3453,3736,2825,2802,3315,5145,5527,4236,3106,3263,5017,3952,3022,3646,4032,6486,7027,8672,12356,4058,7218,8181,3648,3820,7570,4865,4441,2731,3183,7040,5642,4641,6147,4611,2579
5212,4609,5653,3178,3931,3484,6017,3594,3951,5027,4299,4568,4240,3669,3457,5430,3973,4288,4019,4781,3555,4295,3932,7125,10632,6792,3960,3386,4156,4439,3528,3505,4018,5848,6230,4939,3809,3966,5720,4655,3725,4349,4735,7189,7730,9375,13059,4761,7921,8884,4351,4523,8273,5568,5144,3434,3886,7743,6345,5344,6850,5314,3282
2787,2184,3228,3931,753,1059,3592,1169,1526,2602,1874,2143,1815,1244,1032,3005,1548,1863,1594,2356,1130,1870,1507,4700,8207,4367,1535,961,1731,2014,1103,1080,1593,3423,3805,2514,1384,1541,3295,2230,1300,1924,2310,4764,5305,6950,10634,2336,5496,6459,1926,2098,5848,3143,2719,1009,1461,5318,3920,2919,4425,2889,857
2340,1737,2781,3484,1059,306,3145,722,1079,2155,1427,1696,1368,797,585,2558,1101,1416,1147,1909,683,1423,1060,4253,7760,3920,1088,514,1284,1567,656,633,1146,2976,3358,2067,937,1094,2848,1783,853,1477,1863,4317,4858,6503,10187,1889,5049,6012,1479,1651,5401,2696,2272,562,1014,4871,3473,2472,3978,2442,410
4873,4270,5314,6017,3592,3145,2839,3255,3612,4688,3960,4229,3901,3330,3118,5091,3634,3949,3680,4442,3216,3956,3593,6786,10293,6453,3621,3047,3817,4100,3189,3166,3679,5509,5891,4600,3470,3627,5381,4316,3386,4010,4396,6850,7391,9036,12720,4422,7582,8545,4012,4184,7934,5229,4805,3095,3547,7404,6006,5005,6511,4975,2943
2450,1847,2891,3594,1169,722,3255,416,1189,2265,1537,1806,1478,907,695,2668,1211,1526,1257,2019,793,1533,1170,4363,7870,4030,1198,624,1394,1677,766,743,1256,3086,3468,2177,1047,1204,2958,1893,963,1587,1973,4427,4968,6613,10297,1999,5159,6122,1589,1761,5511,2806,2382,672,1124,4981,3583,2582,4088,2552,520
2807,2204,3248,3951,1526,1079,3612,1189,773,2622,1894,2163,1835,1264,1052,3025,1568,1883,1614,2376,1150,1890,1527,4720,8227,4387,1555,981,1751,2034,1123,1100,1613,3443,3825,2534,1404,1561,3315,2250,1320,1944,2330,4784,5325,6970,10654,2356,5516,6479,1946,2118,5868,3163,2739,1029,1481,5338,3940,2939,4445,2909,877
3883,3280,4324,5027,2602,2155,4688,2265,2622,1849,2970,3239,2911,2340,2128,4101,2644,2959,2690,3452,2226,2966,2603,5796,9303,5463,2631,2057,2827,3110,2199,2176,2689,4519,4901,3610,2480,2637,4391,3326,2396,3020,3406,5860,6401,8046,11730,3432,6592,7555,3022,3194,6944,4239,3815,2105,2557,6414,5016,4015,5521,3985,1953
3155,2552,3596,4299,1874,1427,3960,1537,1894,2970,1121,2511,2183,1612,1400,3373,1916,2231,1962,2724,1498,2238,1875,5068,8575,4735,1903,1329,2099,2382,1471,1448,1961,3791,4173,2882,1752,1909,3663,2598,1668,2292,2678,5132,5673,7318,11002,2704,5864,6827,2294,2466,6216,3511,3087,1377,1829,5686,4288,3287,4793,3257,1225
3424,2821,3865,4568,2143,1696,4229,1806,2163,3239,2511,1390,2452,1881,1669,3642,2185,2500,2231,2993,1767,2507,2144,5337,8844,5004,2172,1598,2368,2651,1740,1717,2230,4060,4442,3151,2021,2178,3932,2867,1937,2561,2947,5401,5942,7587,11271,2973,6133,7096,2563,2735,6485,3780,3356,1646,2098,5955,4557,3556,5062,3526,1494
3096,2493,3537,4240,1815,1368,3901,1478,1835,2911,2183,2452,1062,1553,1341,3314,1857,2172,1903,2665,1439,2179,1816,5009,8516,4676,1844,1270,2040,2323,1412,1389,1902,3732,4114,2823,1693,1850,3604,2539,1609,2233,2619,5073,5614,7259,10943,2645,5805,6768,2235,2407,6157,3452,3028,1318,1770,5627,4229,3228,4734,3198,1166
2525,1922,2966,3669,1244,797,3330,907,1264,2340,1612,1881,1553,491,770,2743,1286,1601,1332,2094,868,1608,1245,4438,7945,4105,1273,699,1469,1752,841,818,1331,3161,3543,2252,1122,1279,3033,1968,1038,1662,2048,4502,5043,6688,10372,2074,5234,6197,1664,1836,5586,2881,2457,747,1199,5056,3658,2657,4163,2627,595
2313,1710,2754,3457,1032,585,3118,695,1052,2128,1400,1669,1341,770,279,2531,1074,1389,1120,1882,656,1396,1033,4226,7733,3893,1061,487,1257,1540,629,606,1119,2949,3331,2040,910,1067,2821,1756,826,1450,1836,4290,4831,6476,10160,1862,5022,5985,1452,1624,5374,2669,2245,535,987,4844,3446,2445,3951,2415,383
4286,3683,4727,5430,3005,2558,5091,2668,3025,4101,3373,3642,3314,2743,2531,2252,3047,3362,3093,3855,2629,3369,3006,6199,9706,5866,3034,2460,3230,3513,2602,2579,3092,4922,5304,4013,2883,3040,4794,3729,2799,3423,3809,6263,6804,8449,12133,3835,6995,7958,3425,3597,7347,4642,4218,2508,2960,6817,5419,4418,5924,4388,2356
2829,2226,3270,3973,1548,1101,3634,1211,1568,2644,1916,2185,1857,1286,1074,3047,795,1905,1636,2398,1172,1912,1549,4742,8249,4409,1577,1003,1773,2056,1145,1122,1635,3465,3847,2556,1426,1583,3337,2272,1342,1966,2352,4806,5347,6992,10676,2378,5538,6501,1968,2140,5890,3185,2761,1051,1503,5360,3962,2961,4467,2931,899
3144,2541,3585,4288,1863,1416,3949,1526,1883,2959,2231,2500,2172,1601,1389,3362,1905,1110,1951,2713,1487,2227,1864,5057,8564,4724,1892,1318,2088,2371,1460,1437,1950,3780,4162,2871,1741,1898,3652,2587,1657,2281,2667,5121,5662,7307,10991,2693,5853,6816,2283,2455,6205,3500,3076,1366,1818,5675,4277,3276,4782,3246,1214
2875,2272,3316,4019,1594,1147,3680,1257,1614,2690,1962,2231,1903,1332,1120,3093,1636,1951,841,2444,1218,1958,1595,4788,8295,4455,1623,1049,1819,2102,1191,1168,1681,3511,3893,2602,1472,1629,3383,2318,1388,2012,2398,4852,5393,7038,10722,2424,5584,6547,2014,2186,5936,3231,2807,1097,1549,5406,4008,3007,4513,2977,945
3637,3034,4078,4781,2356,1909,4442,2019,2376,3452,2724,2993,2665,2094,1882,3855,2398,2713,2444,1603,1980,2720,2357,5550,9057,5217,2385,1811,2581,2864,1953,1930,2443,4273,4655,3364,2234,2391,4145,3080,2150,2774,3160,5614,6155,7800,11484,3186,6346,7309,2776,2948,6698,3993,3569,1859,2311,6168,4770,3769,5275,3739,1707
2411,1808,2852,3555,1130,683,3216,793,1150,2226,1498,1767,1439,868,656,2629,1172,1487,1218,1980,377,1494,1131,4324,7831,3991,1159,585,1355,1638,727,704,1217,3047,3429,2138,1008,1165,2919,1854,924,1548,1934,4388,4929,6574,10258,1960,5120,6083,1550,1722,5472,2767,2343,633,1085,4942,3544,2543,4049,2513,481
3151,2548,3592,4295,1870,1423,3956,1533,1890,2966,2238,2507,2179,1608,1396,3369,1912,2227,1958,2720,1494,1117,1871,5064,8571,4731,1899,1325,2095,2378,1467,1444,1957,3787,4169,2878,1748,1905,3659,2594,1664,2288,2674,5128,5669,7314,10998,2700,5860,6823,2290,2462,6212,3507,3083,1373,1825,5682,4284,3283,4789,3253,1221
2788,2185,3229,3932,1507,1060,3593,1170,1527,2603,1875,2144,1816,1245,1033,3006,1549,1864,1595,2357,1131,1871,754,4701,8208,4368,1536,962,1732,2015,1104,1081,1594,3424,3806,2515,1385,1542,3296,2231,1301,1925,2311,4765,5306,6951,10635,2337,5497,6460,1927,2099,5849,3144,2720,1010,1462,5319,3921,2920,4426,2890,858
5981,5378,6422,7125,4700,4253,6786,4363,4720,5796,5068,5337,5009,4438,4226,6199,4742,5057,4788,5550,4324,5064,4701,3947,11401,7561,4729,4155,4925,5208,4297,4274,4787,6617,6999,5708,4578,4735,6489,5424,4494,5118,5504,7958,8499,10144,13828,5530,8690,9653,5120,5292,9042,6337,5913,4203,4655,8512,7114,6113,7619,6083,4051
9488,8885,9929,10632,8207,7760,10293,7870,8227,9303,8575,8844,8516,7945,7733,9706,8249,8564,8295,9057,7831,8571,8208,11401,7454,11068,8236,7662,8432,8715,7804,7781,8294,10124,10506,9215,8085,8242,9996,8931,8001,8625,9011,11465,12006,13651,17335,9037,12197,13160,8627,8799,12549,9844,9420,7710,8162,12019,10621,9620,11126,9590,7558
5648,5045,6089,6792,4367,3920,6453,4030,4387,5463,4735,5004,4676,4105,3893,5866,4409,4724,4455,5217,3991,4731,4368,7561,11068,3614,4396,3822,4592,4875,3964,3941,4454,6284,6666,5375,4245,4402,6156,5091,4161,4785,5171,7625,8166,9811,13495,5197,8357,9320,4787,4959,8709,6004,5580,3870,4322,8179,6781,5780,7286,5750,3718
2816,2213,3257,3960,1535,1088,3621,1198,1555,2631,1903,2172,1844,1273,1061,3034,1577,1892,1623,2385,1159,1899,1536,4729,8236,4396,782,990,1760,2043,1132,1109,1622,3452,3834,2543,1413,1570,3324,2259,1329,1953,2339,4793,5334,6979,10663,2365,5525,6488,1955,2127,5877,3172,2748,1038,1490,5347,3949,2948,4454,2918,886
2242,1639,2683,3386,961,514,3047,624,981,2057,1329,1598,1270,699,487,2460,1003,1318,1049,1811,585,1325,962,4155,7662,3822,990,208,1186,1469,558,535,1048,2878,3260,1969,839,996,2750,1685,755,1379,1765,4219,4760,6405,10089,1791,4951,5914,1381,1553,5303,2598,2174,464,916,4773,3375,2374,3880,2344,312
3012,2409,3453,4156,1731,1284,3817,1394,1751,2827,2099,2368,2040,1469,1257,3230,1773,2088,1819,2581,1355,2095,1732,4925,8432,4592,1760,1186,978,2239,1328,1305,1818,3648,4030,2739,1609,1766,3520,2455,1525,2149,2535,4989,5530,7175,10859,2561,5721,6684,2151,2323,6073,3368,2944,1234,1686,5543,4145,3144,4650,3114,1082
3295,2692,3736,4439,2014,1567,4100,1677,2034,3110,2382,2651,2323,1752,1540,3513,2056,2371,2102,2864,1638,2378,2015,5208,8715,4875,2043,1469,2239,1261,1611,1588,2101,3931,4313,3022,1892,2049,3803,2738,1808,2432,2818,5272,5813,7458,11142,2844,6004,6967,2434,2606,6356,3651,3227,1517,1969,5826,4428,3427,4933,3397,1365
2384,1781,2825,3528,1103,656,3189,766,1123,2199,1471,1740,1412,841,629,2602,1145,1460,1191,1953,727,1467,1104,4297,7804,3964,1132,558,1328,1611,350,677,1190,3020,3402,2111,981,1138,2892,1827,897,1521,1907,4361,4902,6547,10231,1933,5093,6056,1523,1695,5445,2740,2316,606,1058,4915,3517,2516,4022,2486,454
2361,1758,2802,3505,1080,633,3166,743,1100,2176,1448,1717,1389,818,606,2579,1122,1437,1168,1930,704,1444,1081,4274,7781,3941,1109,535,1305,1588,677,327,1167,2997,3379,2088,958,1115,2869,1804,874,1498,1884,4338,4879,6524,10208,1910,5070,6033,1500,1672,5422,2717,2293,583,1035,4892,3494,2493,3999,2463,431
2874,2271,3315,4018,1593,1146,3679,1256,1613,2689,1961,2230,1902,1331,1119,3092,1635,1950,1681,2443,1217,1957,1594,4787,8294,4454,1622,1048,1818,2101,1190,1167,840,3510,3892,2601,1471,1628,3382,2317,1387,2011,2397,4851,5392,7037,10721,2423,5583,6546,2013,2185,5935,3230,2806,1096,1548,5405,4007,3006,4512,2976,944
4704,4101,5145,5848,3423,2976,5509,3086,3443,4519,3791,4060,3732,3161,2949,4922,3465,3780,3511,4273,3047,3787,3424,6617,10124,6284,3452,2878,3648,3931,3020,2997,3510,2670,5722,4431,3301,3458,5212,4147,3217,3841,4227,6681,7222,8867,12551,4253,7413,8376,3843,4015,7765,5060,4636,2926,3378,7235,5837,4836,6342,4806,2774
5086,4483,5527,6230,3805,3358,5891,3468,3825,4901,4173,4442,4114,3543,3331,5304,3847,4162,3893,4655,3429,4169,3806,6999,10506,6666,3834,3260,4030,4313,3402,3379,3892,5722,3052,4813,3683,3840,5594,4529,3599,4223,4609,7063,7604,9249,12933,4635,7795,8758,4225,4397,8147,5442,5018,3308,3760,7617,6219,5218,6724,5188,3156
3795,3192,4236,4939,2514,2067,4600,2177,2534,3610,2882,3151,2823,2252,2040,4013,2556,2871,2602,3364,2138,2878,2515,5708,9215,5375,2543,1969,2739,3022,2111,2088,2601,4431,4813,1761,2392,2549,4303,3238,2308,2932,3318,5772,6313,7958,11642,3344,6504,7467,2934,3106,6856,4151,3727,2017,2469,6326,4928,3927,5433,3897,1865
2665,2062,3106,3809,1384,937,3470,1047,1404,2480,1752,2021,1693,1122,910,2883,1426,1741,1472,2234,1008,1748,1385,4578,8085,4245,1413,839,1609,1892,981,958,1471,3301,3683,2392,631,1419,3173,2108,1178,1802,2188,4642,5183,6828,10512,2214,5374,6337,1804,1976,5726,3021,2597,887,1339,5196,3798,2797,4303,2767,735
2822,2219,3263,3966,1541,1094,3627,1204,1561,2637,1909,2178,1850,1279,1067,3040,1583,1898,1629,2391,1165,1905,1542,4735,8242,4402,1570,996,1766,2049,1138,1115,1628,3458,3840,2549,1419,788,3330,2265,1335,1959,2345,4799,5340,6985,10669,2371,5531,6494,1961,2133,5883,3178,2754,1044,1496,5353,3955,2954,4460,2924,892
4576,3973,5017,5720,3295,2848,5381,2958,3315,4391,3663,3932,3604,3033,2821,4794,3337,3652,3383,4145,2919,3659,3296,6489,9996,6156,3324,2750,3520,3803,2892,2869,3382,5212,5594,4303,3173,3330,2542,4019,3089,3713,4099,6553,7094,8739,12423,4125,7285,8248,3715,3887,7637,4932,4508,2798,3250,7107,5709,4708,6214,4678,2646
3511,2908,3952,4655,2230,1783,4316,1893,2250,3326,2598,2867,2539,1968,1756,3729,2272,2587,2318,3080,1854,2594,2231,5424,8931,5091,2259,1685,2455,2738,1827,1804,2317,4147,4529,3238,2108,2265,4019,1477,2024,2648,3034,5488,6029,7674,11358,3060,6220,7183,2650,2822,6572,3867,3443,1733,2185,6042,4644,3643,5149,3613,1581
2581,1978,3022,3725,1300,853,3386,963,1320,2396,1668,1937,1609,1038,826,2799,1342,1657,1388,2150,924,1664,1301,4494,8001,4161,1329,755,1525,1808,897,874,1387,3217,3599,2308,1178,1335,3089,2024,547,1718,2104,4558,5099,6744,10428,2130,5290,6253,1720,1892,5642,2937,2513,803,1255,5112,3714,2713,4219,2683,651
3205,2602,3646,4349,1924,1477,4010,1587,1944,3020,2292,2561,2233,1662,1450,3423,1966,2281,2012,2774,1548,2288,1925,5118,8625,4785,1953,1379,2149,2432,1521,1498,2011,3841,4223,2932,1802,1959,3713,2648,1718,1171,2728,5182,5723,7368,11052,2754,5914,6877,2344,2516,6266,3561,3137,1427,1879,5736,4338,3337,4843,3307,1275
3591,2988,4032,4735,2310,1863,4396,1973,2330,3406,2678,2947,2619,2048,1836,3809,2352,2667,2398,3160,1934,2674,2311,5504,9011,5171,2339,1765,2535,2818,1907,1884,2397,4227,4609,3318,2188,2345,4099,3034,2104,2728,1557,5568,6109,7754,11438,3140,6300,7263,2730,2902,6652,3947,3523,1813,2265,6122,4724,3723,5229,3693,1661
6045,5442,6486,7189,4764,4317,6850,4427,4784,5860,5132,5401,5073,4502,4290,6263,4806,5121,4852,5614,4388,5128,4765,7958,11465,7625,4793,4219,4989,5272,4361,4338,4851,6681,7063,5772,4642,4799,6553,5488,4558,5182,5568,4011,8563,10208,13892,5594,8754,9717,5184,5356,9106,6401,5977,4267,4719,8576,7178,6177,7683,6147,4115
6586,5983,7027,7730,5305,4858,7391,4968,5325,6401,5673,5942,5614,5043,4831,6804,5347,5662,5393,6155,4929,5669,5306,8499,12006,8166,5334,4760,5530,5813,4902,4879,5392,7222,7604,6313,5183,5340,7094,6029,5099,5723,6109,8563,4552,10749,14433,6135,9295,10258,5725,5897,9647,6942,6518,4808,5260,9117,7719,6718,8224,6688,4656
8231,7628,8672,9375,6950,6503,9036,6613,6970,8046,7318,7587,7259,6688,6476,8449,6992,7307,7038,7800,6574,7314,6951,10144,13651,9811,6979,6405,7175,7458,6547,6524,7037,8867,9249,7958,6828,6985,8739,7674,6744,7368,7754,10208,10749,6197,16078,7780,10940,11903,7370,7542,11292,8587,8163,6453,6905,10762,9364,8363,9869,8333,6301
11915,11312,12356,13059,10634,10187,12720,10297,10654,11730,11002,11271,10943,10372,10160,12133,10676,10991,10722,11484,10258,10998,10635,13828,17335,13495,10663,10089,10859,11142,10231,10208,10721,12551,12933,11642,10512,10669,12423,11358,10428,11052,11438,13892,14433,16078,9881,11464,14624,15587,11054,11226,14976,12271,11847,10137,10589,14446,13048,12047,13553,12017,9985
3617,3014,4058,4761,2336,1889,4422,1999,2356,3432,2704,2973,2645,2074,1862,3835,2378,2693,2424,3186,1960,2700,2337,5530,9037,5197,2365,1791,2561,2844,1933,1910,2423,4253,4635,3344,2214,2371,4125,3060,2130,2754,3140,5594,6135,7780,11464,1583,6326,7289,2756,2928,6678,3973,3549,1839,2291,6148,4750,3749,5255,3719,1687
6777,6174,7218,7921,5496,5049,7582,5159,5516,6592,5864,6133,5805,5234,5022,6995,5538,5853,5584,6346,5120,5860,5497,8690,12197,8357,5525,4951,5721,6004,5093,5070,5583,7413,7795,6504,5374,5531,7285,6220,5290,5914,6300,8754,9295,10940,14624,6326,4743,10449,5916,6088,9838,7133,6709,4999,5451,9308,7910,6909,8415,6879,4847
7740,7137,8181,8884,6459,6012,8545,6122,6479,7555,6827,7096,6768,6197,5985,7958,6501,6816,6547,7309,6083,6823,6460,9653,13160,9320,6488,5914,6684,6967,6056,6033,6546,8376,8758,7467,6337,6494,8248,7183,6253,6877,7263,9717,10258,11903,15587,7289,10449,5706,6879,7051,10801,8096,7672,5962,6414,10271,8873,7872,9378,7842,5810
3207,2604,3648,4351,1926,1479,4012,1589,1946,3022,2294,2563,2235,1664,1452,3425,1968,2283,2014,2776,1550,2290,1927,5120,8627,4787,1955,1381,2151,2434,1523,1500,2013,3843,4225,2934,1804,1961,3715,2650,1720,2344,2730,5184,5725,7370,11054,2756,5916,6879,1173,2518,6268,3563,3139,1429,1881,5738,4340,3339,4845,3309,1277
3379,2776,3820,4523,2098,1651,4184,1761,2118,3194,2466,2735,2407,1836,1624,3597,2140,2455,2186,2948,1722,2462,2099,5292,8799,4959,2127,1553,2323,2606,1695,1672,2185,4015,4397,3106,1976,2133,3887,2822,1892,2516,2902,5356,5897,7542,11226,2928,6088,7051,2518,1345,6440,3735,3311,1601,2053,5910,4512,3511,5017,3481,1449
7129,6526,7570,8273,5848,5401,7934,5511,5868,6944,6216,6485,6157,5586,5374,7347,5890,6205,5936,6698,5472,6212,5849,9042,12549,8709,5877,5303,6073,6356,5445,5422,5935,7765,8147,6856,5726,5883,7637,6572,5642,6266,6652,9106,9647,11292,14976,6678,9838,10801,6268,6440,5095,7485,7061,5351,5803,9660,8262,7261,8767,7231,5199
4424,3821,4865,5568,3143,2696,5229,2806,3163,4239,3511,3780,3452,2881,2669,4642,3185,3500,3231,3993,2767,3507,3144,6337,9844,6004,3172,2598,3368,3651,2740,2717,3230,5060,5442,4151,3021,3178,4932,3867,2937,3561,3947,6401,6942,8587,12271,3973,7133,8096,3563,3735,7485,2390,4356,2646,3098,6955,5557,4556,6062,4526,2494
4000,3397,4441,5144,2719,2272,4805,2382,2739,3815,3087,3356,3028,2457,2245,4218,2761,3076,2807,3569,2343,3083,2720,5913,9420,5580,2748,2174,2944,3227,2316,2293,2806,4636,5018,3727,2597,2754,4508,3443,2513,3137,3523,5977,6518,8163,11847,3549,6709,7672,3139,3311,7061,4356,1966,2222,2674,6531,5133,4132,5638,4102,2070
2290,1687,2731,3434,1009,562,3095,672,1029,2105,1377,1646,1318,747,535,2508,1051,1366,1097,1859,633,1373,1010,4203,7710,3870,1038,464,1234,1517,606,583,1096,2926,3308,2017,887,1044,2798,1733,803,1427,1813,4267,4808,6453,10137,1839,4999,5962,1429,1601,5351,2646,2222,256,964,4821,3423,2422,3928,2392,360
2742,2139,3183,3886,1461,1014,3547,1124,1481,2557,1829,2098,1770,1199,987,2960,1503,1818,1549,2311,1085,1825,1462,4655,8162,4322,1490,916,1686,1969,1058,1035,1548,3378,3760,2469,1339,1496,3250,2185,1255,1879,2265,4719,5260,6905,10589,2291,5451,6414,1881,2053,5803,3098,2674,964,708,5273,3875,2874,4380,2844,812
6599,5996,7040,7743,5318,4871,7404,4981,5338,6414,5686,5955,5627,5056,4844,6817,5360,5675,5406,6168,4942,5682,5319,8512,12019,8179,5347,4773,5543,5826,4915,4892,5405,7235,7617,6326,5196,5353,7107,6042,5112,5736,6122,8576,9117,10762,14446,6148,9308,10271,5738,5910,9660,6955,6531,4821,5273,4565,7732,6731,8237,6701,4669
5201,4598,5642,6345,3920,3473,6006,3583,3940,5016,4288,4557,4229,3658,3446,5419,3962,4277,4008,4770,3544,4284,3921,7114,10621,6781,3949,3375,4145,4428,3517,3494,4007,5837,6219,4928,3798,3955,5709,4644,3714,4338,4724,7178,7719,9364,13048,4750,7910,8873,4340,4512,8262,5557,5133,3423,3875,7732,3167,5333,6839,5303,3271
4200,3597,4641,5344,2919,2472,5005,2582,2939,4015,3287,3556,3228,2657,2445,4418,2961,3276,3007,3769,2543,3283,2920,6113,9620,5780,2948,2374,3144,3427,2516,2493,3006,4836,5218,3927,2797,2954,4708,3643,2713,3337,3723,6177,6718,8363,12047,3749,6909,7872,3339,3511,7261,4556,4132,2422,2874,6731,5333,2166,5838,4302,2270
5706,5103,6147,6850,4425,3978,6511,4088,4445,5521,4793,5062,4734,4163,3951,5924,4467,4782,4513,5275,4049,4789,4426,7619,11126,7286,4454,3880,4650,4933,4022,3999,4512,6342,6724,5433,4303,4460,6214,5149,4219,4843,5229,7683,8224,9869,13553,5255,8415,9378,4845,5017,8767,6062,5638,3928,4380,8237,6839,5838,3672,5808,3776
4170,3567,4611,5314,2889,2442,4975,2552,2909,3985,3257,3526,3198,2627,2415,4388,2931,3246,2977,3739,2513,3253,2890,6083,9590,5750,2918,2344,3114,3397,2486,2463,2976,4806,5188,3897,2767,2924,4678,3613,2683,3307,3693,6147,6688,8333,12017,3719,6879,7842,3309,3481,7231,4526,4102,2392,2844,6701,5303,4302,5808,2136,2240
2138,1535,2579,3282,857,410,2943,520,877,1953,1225,1494,1166,595,383,2356,899,1214,945,1707,481,1221,858,4051,7558,3718,886,312,1082,1365,454,431,944,2774,3156,1865,735,892,2646,1581,651,1275,1661,4115,4656,6301,9985,1687,4847,5810,1277,1449,5199,2494,2070,360,812,4669,3271,2270,3776,2240,104
