53664,92575,136492,169277,80657,65484,149687,68087,79877,110449,96810,99120,85313,73856,58590,138627,83481,90183,82065,114068,68188,88801,80406,185846,281960,134244,74484,63872,97920,93981,67591,65659,83731,151227,159676,115743,79288,76720,141543,111801,78276,95710,103870,202864,215645,267215,316471,103109,192734,227822,79056,84841,154718,107338,96651,63670,69501,207558,151532,122890,176147,127174,56761
92575,38911,121739,154524,65904,50731,134934,53334,65124,95696,82057,84367,70560,59103,43837,123874,68728,75430,67312,99315,53435,74048,65653,171093,267207,119491,59731,49119,83167,79228,52838,50906,68978,136474,144923,100990,64535,61967,126790,97048,63523,80957,89117,188111,200892,252462,301718,88356,177981,213069,64303,70088,139965,92585,81898,48917,54748,192805,136779,108137,161394,112421,42008
136492,121739,82828,198441,109821,94648,178851,97251,109041,139613,125974,128284,114477,103020,87754,167791,112645,119347,111229,143232,97352,117965,109570,215010,311124,163408,103648,93036,127084,123145,96755,94823,112895,180391,188840,144907,108452,105884,170707,140965,107440,124874,133034,232028,244809,296379,345635,132273,221898,256986,108220,114005,183882,136502,125815,92834,98665,236722,180696,152054,205311,156338,85925
169277,154524,198441,115613,142606,127433,211636,130036,141826,172398,158759,161069,147262,135805,120539,200576,145430,152132,144014,176017,130137,150750,142355,247795,343909,196193,136433,125821,159869,155930,129540,127608,145680,213176,221625,177692,141237,138669,203492,173750,140225,157659,165819,264813,277594,329164,378420,165058,254683,289771,141005,146790,216667,169287,158600,125619,131450,269507,213481,184839,238096,189123,118710
80657,65904,109821,142606,26993,38813,123016,41416,53206,83778,70139,72449,58642,47185,31919,111956,56810,63512,55394,87397,41517,62130,53735,159175,255289,107573,47813,37201,71249,67310,40920,38988,57060,124556,133005,89072,52617,50049,114872,85130,51605,69039,77199,176193,188974,240544,289800,76438,166063,201151,52385,58170,128047,80667,69980,36999,42830,180887,124861,96219,149476,100503,30090
65484,50731,94648,127433,38813,11820,107843,26243,38033,68605,54966,57276,43469,32012,16746,96783,41637,48339,40221,72224,26344,46957,38562,144002,240116,92400,32640,22028,56076,52137,25747,23815,41887,109383,117832,73899,37444,34876,99699,69957,36432,53866,62026,161020,173801,225371,274627,61265,150890,185978,37212,42997,112874,65494,54807,21826,27657,165714,109688,81046,134303,85330,14917
149687,134934,178851,211636,123016,107843,96023,110446,122236,152808,139169,141479,127672,116215,100949,180986,125840,132542,124424,156427,110547,131160,122765,228205,324319,176603,116843,106231,140279,136340,109950,108018,126090,193586,202035,158102,121647,119079,183902,154160,120635,138069,146229,245223,258004,309574,358830,145468,235093,270181,121415,127200,197077,149697,139010,106029,111860,249917,193891,165249,218506,169533,99120
68087,53334,97251,130036,41416,26243,110446,14423,40636,71208,57569,59879,46072,34615,19349,99386,44240,50942,42824,74827,28947,49560,41165,146605,242719,95003,35243,24631,58679,54740,28350,26418,44490,111986,120435,76502,40047,37479,102302,72560,39035,56469,64629,163623,176404,227974,277230,63868,153493,188581,39815,45600,115477,68097,57410,24429,30260,168317,112291,83649,136906,87933,17520
79877,65124,109041,141826,53206,38033,122236,40636,26213,82998,69359,71669,57862,46405,31139,111176,56030,62732,54614,86617,40737,61350,52955,158395,254509,106793,47033,36421,70469,66530,40140,38208,56280,123776,132225,88292,51837,49269,114092,84350,50825,68259,76419,175413,188194,239764,289020,75658,165283,200371,51605,57390,127267,79887,69200,36219,42050,180107,124081,95439,148696,99723,29310
110449,95696,139613,172398,83778,68605,152808,71208,82998,56785,99931,102241,88434,76977,61711,141748,86602,93304,85186,117189,71309,91922,83527,188967,285081,137365,77605,66993,101041,97102,70712,68780,86852,154348,162797,118864,82409,79841,144664,114922,81397,98831,106991,205985,218766,270336,319592,106230,195855,230943,82177,87962,157839,110459,99772,66791,72622,210679,154653,126011,179268,130295,59882
96810,82057,125974,158759,70139,54966,139169,57569,69359,99931,43146,88602,74795,63338,48072,128109,72963,79665,71547,103550,57670,78283,69888,175328,271442,123726,63966,53354,87402,83463,57073,55141,73213,140709,149158,105225,68770,66202,131025,101283,67758,85192,93352,192346,205127,256697,305953,92591,182216,217304,68538,74323,144200,96820,86133,53152,58983,197040,141014,112372,165629,116656,46243
99120,84367,128284,161069,72449,57276,141479,59879,71669,102241,88602,45456,77105,65648,50382,130419,75273,81975,73857,105860,59980,80593,72198,177638,273752,126036,66276,55664,89712,85773,59383,57451,75523,143019,151468,107535,71080,68512,133335,103593,70068,87502,95662,194656,207437,259007,308263,94901,184526,219614,70848,76633,146510,99130,88443,55462,61293,199350,143324,114682,167939,118966,48553
85313,70560,114477,147262,58642,43469,127672,46072,57862,88434,74795,77105,31649,51841,36575,116612,61466,68168,60050,92053,46173,66786,58391,163831,259945,112229,52469,41857,75905,71966,45576,43644,61716,129212,137661,93728,57273,54705,119528,89786,56261,73695,81855,180849,193630,245200,294456,81094,170719,205807,57041,62826,132703,85323,74636,41655,47486,185543,129517,100875,154132,105159,34746
73856,59103,103020,135805,47185,32012,116215,34615,46405,76977,63338,65648,51841,20192,25118,105155,50009,56711,48593,80596,34716,55329,46934,152374,248488,100772,41012,30400,64448,60509,34119,32187,50259,117755,126204,82271,45816,43248,108071,78329,44804,62238,70398,169392,182173,233743,282999,69637,159262,194350,45584,51369,121246,73866,63179,30198,36029,174086,118060,89418,142675,93702,23289
58590,43837,87754,120539,31919,16746,100949,19349,31139,61711,48072,50382,36575,25118,4926,89889,34743,41445,33327,65330,19450,40063,31668,137108,233222,85506,25746,15134,49182,45243,18853,16921,34993,102489,110938,67005,30550,27982,92805,63063,29538,46972,55132,154126,166907,218477,267733,54371,143996,179084,30318,36103,105980,58600,47913,14932,20763,158820,102794,74152,127409,78436,8023
138627,123874,167791,200576,111956,96783,180986,99386,111176,141748,128109,130419,116612,105155,89889,84963,114780,121482,113364,145367,99487,120100,111705,217145,313259,165543,105783,95171,129219,125280,98890,96958,115030,182526,190975,147042,110587,108019,172842,143100,109575,127009,135169,234163,246944,298514,347770,134408,224033,259121,110355,116140,186017,138637,127950,94969,100800,238857,182831,154189,207446,158473,88060
83481,68728,112645,145430,56810,41637,125840,44240,56030,86602,72963,75273,61466,50009,34743,114780,29817,66336,58218,90221,44341,64954,56559,161999,258113,110397,50637,40025,74073,70134,43744,41812,59884,127380,135829,91896,55441,52873,117696,87954,54429,71863,80023,179017,191798,243368,292624,79262,168887,203975,55209,60994,130871,83491,72804,39823,45654,183711,127685,99043,152300,103327,32914
90183,75430,119347,152132,63512,48339,132542,50942,62732,93304,79665,81975,68168,56711,41445,121482,66336,36519,64920,96923,51043,71656,63261,168701,264815,117099,57339,46727,80775,76836,50446,48514,66586,134082,142531,98598,62143,59575,124398,94656,61131,78565,86725,185719,198500,250070,299326,85964,175589,210677,61911,67696,137573,90193,79506,46525,52356,190413,134387,105745,159002,110029,39616
82065,67312,111229,144014,55394,40221,124424,42824,54614,85186,71547,73857,60050,48593,33327,113364,58218,64920,28401,88805,42925,63538,55143,160583,256697,108981,49221,38609,72657,68718,42328,40396,58468,125964,134413,90480,54025,51457,116280,86538,53013,70447,78607,177601,190382,241952,291208,77846,167471,202559,53793,59578,129455,82075,71388,38407,44238,182295,126269,97627,150884,101911,31498
114068,99315,143232,176017,87397,72224,156427,74827,86617,117189,103550,105860,92053,80596,65330,145367,90221,96923,88805,60404,74928,95541,87146,192586,288700,140984,81224,70612,104660,100721,74331,72399,90471,157967,166416,122483,86028,83460,148283,118541,85016,102450,110610,209604,222385,273955,323211,109849,199474,234562,85796,91581,161458,114078,103391,70410,76241,214298,158272,129630,182887,133914,63501
68188,53435,97352,130137,41517,26344,110547,28947,40737,71309,57670,59980,46173,34716,19450,99487,44341,51043,42925,74928,14524,49661,41266,146706,242820,95104,35344,24732,58780,54841,28451,26519,44591,112087,120536,76603,40148,37580,102403,72661,39136,56570,64730,163724,176505,228075,277331,63969,153594,188682,39916,45701,115578,68198,57511,24530,30361,168418,112392,83750,137007,88034,17621
88801,74048,117965,150750,62130,46957,131160,49560,61350,91922,78283,80593,66786,55329,40063,120100,64954,71656,63538,95541,49661,35137,61879,167319,263433,115717,55957,45345,79393,75454,49064,47132,65204,132700,141149,97216,60761,58193,123016,93274,59749,77183,85343,184337,197118,248688,297944,84582,174207,209295,60529,66314,136191,88811,78124,45143,50974,189031,133005,104363,157620,108647,38234
80406,65653,109570,142355,53735,38562,122765,41165,52955,83527,69888,72198,58391,46934,31668,111705,56559,63261,55143,87146,41266,61879,26742,158924,255038,107322,47562,36950,70998,67059,40669,38737,56809,124305,132754,88821,52366,49798,114621,84879,51354,68788,76948,175942,188723,240293,289549,76187,165812,200900,52134,57919,127796,80416,69729,36748,42579,180636,124610,95968,149225,100252,29839
185846,171093,215010,247795,159175,144002,228205,146605,158395,188967,175328,177638,163831,152374,137108,217145,161999,168701,160583,192586,146706,167319,158924,132182,360478,212762,153002,142390,176438,172499,146109,144177,162249,229745,238194,194261,157806,155238,220061,190319,156794,174228,182388,281382,294163,345733,394989,181627,271252,306340,157574,163359,233236,185856,175169,142188,148019,286076,230050,201408,254665,205692,135279
281960,267207,311124,343909,255289,240116,324319,242719,254509,285081,271442,273752,259945,248488,233222,313259,258113,264815,256697,288700,242820,263433,255038,360478,228296,308876,249116,238504,272552,268613,242223,240291,258363,325859,334308,290375,253920,251352,316175,286433,252908,270342,278502,377496,390277,441847,491103,277741,367366,402454,253688,259473,329350,281970,271283,238302,244133,382190,326164,297522,350779,301806,231393
134244,119491,163408,196193,107573,92400,176603,95003,106793,137365,123726,126036,112229,100772,85506,165543,110397,117099,108981,140984,95104,115717,107322,212762,308876,80580,101400,90788,124836,120897,94507,92575,110647,178143,186592,142659,106204,103636,168459,138717,105192,122626,130786,229780,242561,294131,343387,130025,219650,254738,105972,111757,181634,134254,123567,90586,96417,234474,178448,149806,203063,154090,83677
74484,59731,103648,136433,47813,32640,116843,35243,47033,77605,63966,66276,52469,41012,25746,105783,50637,57339,49221,81224,35344,55957,47562,153002,249116,101400,20820,31028,65076,61137,34747,32815,50887,118383,126832,82899,46444,43876,108699,78957,45432,62866,71026,170020,182801,234371,283627,70265,159890,194978,46212,51997,121874,74494,63807,30826,36657,174714,118688,90046,143303,94330,23917
63872,49119,93036,125821,37201,22028,106231,24631,36421,66993,53354,55664,41857,30400,15134,95171,40025,46727,38609,70612,24732,45345,36950,142390,238504,90788,31028,10208,54464,50525,24135,22203,40275,107771,116220,72287,35832,33264,98087,68345,34820,52254,60414,159408,172189,223759,273015,59653,149278,184366,35600,41385,111262,63882,53195,20214,26045,164102,108076,79434,132691,83718,13305
97920,83167,127084,159869,71249,56076,140279,58679,70469,101041,87402,89712,75905,64448,49182,129219,74073,80775,72657,104660,58780,79393,70998,176438,272552,124836,65076,54464,44256,84573,58183,56251,74323,141819,150268,106335,69880,67312,132135,102393,68868,86302,94462,193456,206237,257807,307063,93701,183326,218414,69648,75433,145310,97930,87243,54262,60093,198150,142124,113482,166739,117766,47353
93981,79228,123145,155930,67310,52137,136340,54740,66530,97102,83463,85773,71966,60509,45243,125280,70134,76836,68718,100721,54841,75454,67059,172499,268613,120897,61137,50525,84573,40317,54244,52312,70384,137880,146329,102396,65941,63373,128196,98454,64929,82363,90523,189517,202298,253868,303124,89762,179387,214475,65709,71494,141371,93991,83304,50323,56154,194211,138185,109543,162800,113827,43414
67591,52838,96755,129540,40920,25747,109950,28350,40140,70712,57073,59383,45576,34119,18853,98890,43744,50446,42328,74331,28451,49064,40669,146109,242223,94507,34747,24135,58183,54244,13927,25922,43994,111490,119939,76006,39551,36983,101806,72064,38539,55973,64133,163127,175908,227478,276734,63372,152997,188085,39319,45104,114981,67601,56914,23933,29764,167821,111795,83153,136410,87437,17024
65659,50906,94823,127608,38988,23815,108018,26418,38208,68780,55141,57451,43644,32187,16921,96958,41812,48514,40396,72399,26519,47132,38737,144177,240291,92575,32815,22203,56251,52312,25922,11995,42062,109558,118007,74074,37619,35051,99874,70132,36607,54041,62201,161195,173976,225546,274802,61440,151065,186153,37387,43172,113049,65669,54982,22001,27832,165889,109863,81221,134478,85505,15092
83731,68978,112895,145680,57060,41887,126090,44490,56280,86852,73213,75523,61716,50259,34993,115030,59884,66586,58468,90471,44591,65204,56809,162249,258363,110647,50887,40275,74323,70384,43994,42062,30067,127630,136079,92146,55691,53123,117946,88204,54679,72113,80273,179267,192048,243618,292874,79512,169137,204225,55459,61244,131121,83741,73054,40073,45904,183961,127935,99293,152550,103577,33164
151227,136474,180391,213176,124556,109383,193586,111986,123776,154348,140709,143019,129212,117755,102489,182526,127380,134082,125964,157967,112087,132700,124305,229745,325859,178143,118383,107771,141819,137880,111490,109558,127630,97563,203575,159642,123187,120619,185442,155700,122175,139609,147769,246763,259544,311114,360370,147008,236633,271721,122955,128740,198617,151237,140550,107569,113400,251457,195431,166789,220046,171073,100660
159676,144923,188840,221625,133005,117832,202035,120435,132225,162797,149158,151468,137661,126204,110938,190975,135829,142531,134413,166416,120536,141149,132754,238194,334308,186592,126832,116220,150268,146329,119939,118007,136079,203575,106012,168091,131636,129068,193891,164149,130624,148058,156218,255212,267993,319563,368819,155457,245082,280170,131404,137189,207066,159686,148999,116018,121849,259906,203880,175238,228495,179522,109109
115743,100990,144907,177692,89072,73899,158102,76502,88292,118864,105225,107535,93728,82271,67005,147042,91896,98598,90480,122483,76603,97216,88821,194261,290375,142659,82899,72287,106335,102396,76006,74074,92146,159642,168091,62079,87703,85135,149958,120216,86691,104125,112285,211279,224060,275630,324886,111524,201149,236237,87471,93256,163133,115753,105066,72085,77916,215973,159947,131305,184562,135589,65176
79288,64535,108452,141237,52617,37444,121647,40047,51837,82409,68770,71080,57273,45816,30550,110587,55441,62143,54025,86028,40148,60761,52366,157806,253920,106204,46444,35832,69880,65941,39551,37619,55691,123187,131636,87703,25624,48680,113503,83761,50236,67670,75830,174824,187605,239175,288431,75069,164694,199782,51016,56801,126678,79298,68611,35630,41461,179518,123492,94850,148107,99134,28721
76720,61967,105884,138669,50049,34876,119079,37479,49269,79841,66202,68512,54705,43248,27982,108019,52873,59575,51457,83460,37580,58193,49798,155238,251352,103636,43876,33264,67312,63373,36983,35051,53123,120619,129068,85135,48680,23056,110935,81193,47668,65102,73262,172256,185037,236607,285863,72501,162126,197214,48448,54233,124110,76730,66043,33062,38893,176950,120924,92282,145539,96566,26153
141543,126790,170707,203492,114872,99699,183902,102302,114092,144664,131025,133335,119528,108071,92805,172842,117696,124398,116280,148283,102403,123016,114621,220061,316175,168459,108699,98087,132135,128196,101806,99874,117946,185442,193891,149958,113503,110935,87879,146016,112491,129925,138085,237079,249860,301430,350686,137324,226949,262037,113271,119056,188933,141553,130866,97885,103716,241773,185747,157105,210362,161389,90976
111801,97048,140965,173750,85130,69957,154160,72560,84350,114922,101283,103593,89786,78329,63063,143100,87954,94656,86538,118541,72661,93274,84879,190319,286433,138717,78957,68345,102393,98454,72064,70132,88204,155700,164149,120216,83761,81193,146016,58137,82749,100183,108343,207337,220118,271688,320944,107582,197207,232295,83529,89314,159191,111811,101124,68143,73974,212031,156005,127363,180620,131647,61234
78276,63523,107440,140225,51605,36432,120635,39035,50825,81397,67758,70068,56261,44804,29538,109575,54429,61131,53013,85016,39136,59749,51354,156794,252908,105192,45432,34820,68868,64929,38539,36607,54679,122175,130624,86691,50236,47668,112491,82749,24612,66658,74818,173812,186593,238163,287419,74057,163682,198770,50004,55789,125666,78286,67599,34618,40449,178506,122480,93838,147095,98122,27709
95710,80957,124874,157659,69039,53866,138069,56469,68259,98831,85192,87502,73695,62238,46972,127009,71863,78565,70447,102450,56570,77183,68788,174228,270342,122626,62866,52254,86302,82363,55973,54041,72113,139609,148058,104125,67670,65102,129925,100183,66658,42046,92252,191246,204027,255597,304853,91491,181116,216204,67438,73223,143100,95720,85033,52052,57883,195940,139914,111272,164529,115556,45143
103870,89117,133034,165819,77199,62026,146229,64629,76419,106991,93352,95662,81855,70398,55132,135169,80023,86725,78607,110610,64730,85343,76948,182388,278502,130786,71026,60414,94462,90523,64133,62201,80273,147769,156218,112285,75830,73262,138085,108343,74818,92252,50206,199406,212187,263757,313013,99651,189276,224364,75598,81383,151260,103880,93193,60212,66043,204100,148074,119432,172689,123716,53303
202864,188111,232028,264813,176193,161020,245223,163623,175413,205985,192346,194656,180849,169392,154126,234163,179017,185719,177601,209604,163724,184337,175942,281382,377496,229780,170020,159408,193456,189517,163127,161195,179267,246763,255212,211279,174824,172256,237079,207337,173812,191246,199406,149200,311181,362751,412007,198645,288270,323358,174592,180377,250254,202874,192187,159206,165037,303094,247068,218426,271683,222710,152297
215645,200892,244809,277594,188974,173801,258004,176404,188194,218766,205127,207437,193630,182173,166907,246944,191798,198500,190382,222385,176505,197118,188723,294163,390277,242561,182801,172189,206237,202298,175908,173976,192048,259544,267993,224060,187605,185037,249860,220118,186593,204027,212187,311181,161981,375532,424788,211426,301051,336139,187373,193158,263035,215655,204968,171987,177818,315875,259849,231207,284464,235491,165078
267215,252462,296379,329164,240544,225371,309574,227974,239764,270336,256697,259007,245200,233743,218477,298514,243368,250070,241952,273955,228075,248688,240293,345733,441847,294131,234371,223759,257807,253868,227478,225546,243618,311114,319563,275630,239175,236607,301430,271688,238163,255597,263757,362751,375532,213551,476358,262996,352621,387709,238943,244728,314605,267225,256538,223557,229388,367445,311419,282777,336034,287061,216648
316471,301718,345635,378420,289800,274627,358830,277230,289020,319592,305953,308263,294456,282999,267733,347770,292624,299326,291208,323211,277331,297944,289549,394989,491103,343387,283627,273015,307063,303124,276734,274802,292874,360370,368819,324886,288431,285863,350686,320944,287419,304853,313013,412007,424788,476358,262807,312252,401877,436965,288199,293984,363861,316481,305794,272813,278644,416701,360675,332033,385290,336317,265904
103109,88356,132273,165058,76438,61265,145468,63868,75658,106230,92591,94901,81094,69637,54371,134408,79262,85964,77846,109849,63969,84582,76187,181627,277741,130025,70265,59653,93701,89762,63372,61440,79512,147008,155457,111524,75069,72501,137324,107582,74057,91491,99651,198645,211426,262996,312252,49445,188515,223603,74837,80622,150499,103119,92432,59451,65282,203339,147313,118671,171928,122955,52542
192734,177981,221898,254683,166063,150890,235093,153493,165283,195855,182216,184526,170719,159262,143996,224033,168887,175589,167471,199474,153594,174207,165812,271252,367366,219650,159890,149278,183326,179387,152997,151065,169137,236633,245082,201149,164694,162126,226949,197207,163682,181116,189276,288270,301051,352621,401877,188515,139070,313228,164462,170247,240124,192744,182057,149076,154907,292964,236938,208296,261553,212580,142167
227822,213069,256986,289771,201151,185978,270181,188581,200371,230943,217304,219614,205807,194350,179084,259121,203975,210677,202559,234562,188682,209295,200900,306340,402454,254738,194978,184366,218414,214475,188085,186153,204225,271721,280170,236237,199782,197214,262037,232295,198770,216204,224364,323358,336139,387709,436965,223603,313228,174158,199550,205335,275212,227832,217145,184164,189995,328052,272026,243384,296641,247668,177255
79056,64303,108220,141005,52385,37212,121415,39815,51605,82177,68538,70848,57041,45584,30318,110355,55209,61911,53793,85796,39916,60529,52134,157574,253688,105972,46212,35600,69648,65709,39319,37387,55459,122955,131404,87471,51016,48448,113271,83529,50004,67438,75598,174592,187373,238943,288199,74837,164462,199550,25392,56569,126446,79066,68379,35398,41229,179286,123260,94618,147875,98902,28489
84841,70088,114005,146790,58170,42997,127200,45600,57390,87962,74323,76633,62826,51369,36103,116140,60994,67696,59578,91581,45701,66314,57919,163359,259473,111757,51997,41385,75433,71494,45104,43172,61244,128740,137189,93256,56801,54233,119056,89314,55789,73223,81383,180377,193158,244728,293984,80622,170247,205335,56569,31177,132231,84851,74164,41183,47014,185071,129045,100403,153660,104687,34274
154718,139965,183882,216667,128047,112874,197077,115477,127267,157839,144200,146510,132703,121246,105980,186017,130871,137573,129455,161458,115578,136191,127796,233236,329350,181634,121874,111262,145310,141371,114981,113049,131121,198617,207066,163133,126678,124110,188933,159191,125666,143100,151260,250254,263035,314605,363861,150499,240124,275212,126446,132231,101054,154728,144041,111060,116891,254948,198922,170280,223537,174564,104151
107338,92585,136502,169287,80667,65494,149697,68097,79887,110459,96820,99130,85323,73866,58600,138637,83491,90193,82075,114078,68198,88811,80416,185856,281970,134254,74494,63882,97930,93991,67601,65669,83741,151237,159686,115753,79298,76730,141553,111811,78286,95720,103880,202874,215655,267225,316481,103119,192744,227832,79066,84851,154728,53674,96661,63680,69511,207568,151542,122900,176157,127184,56771
96651,81898,125815,158600,69980,54807,139010,57410,69200,99772,86133,88443,74636,63179,47913,127950,72804,79506,71388,103391,57511,78124,69729,175169,271283,123567,63807,53195,87243,83304,56914,54982,73054,140550,148999,105066,68611,66043,130866,101124,67599,85033,93193,192187,204968,256538,305794,92432,182057,217145,68379,74164,144041,96661,42987,52993,58824,196881,140855,112213,165470,116497,46084
63670,48917,92834,125619,36999,21826,106029,24429,36219,66791,53152,55462,41655,30198,14932,94969,39823,46525,38407,70410,24530,45143,36748,142188,238302,90586,30826,20214,54262,50323,23933,22001,40073,107569,116018,72085,35630,33062,97885,68143,34618,52052,60212,159206,171987,223557,272813,59451,149076,184164,35398,41183,111060,63680,52993,10006,25843,163900,107874,79232,132489,83516,13103
69501,54748,98665,131450,42830,27657,111860,30260,42050,72622,58983,61293,47486,36029,20763,100800,45654,52356,44238,76241,30361,50974,42579,148019,244133,96417,36657,26045,60093,56154,29764,27832,45904,113400,121849,77916,41461,38893,103716,73974,40449,57883,66043,165037,177818,229388,278644,65282,154907,189995,41229,47014,116891,69511,58824,25843,15837,169731,113705,85063,138320,89347,18934
207558,192805,236722,269507,180887,165714,249917,168317,180107,210679,197040,199350,185543,174086,158820,238857,183711,190413,182295,214298,168418,189031,180636,286076,382190,234474,174714,164102,198150,194211,167821,165889,183961,251457,259906,215973,179518,176950,241773,212031,178506,195940,204100,303094,315875,367445,416701,203339,292964,328052,179286,185071,254948,207568,196881,163900,169731,153894,251762,223120,276377,227404,156991
151532,136779,180696,213481,124861,109688,193891,112291,124081,154653,141014,143324,129517,118060,102794,182831,127685,134387,126269,158272,112392,133005,124610,230050,326164,178448,118688,108076,142124,138185,111795,109863,127935,195431,203880,159947,123492,120924,185747,156005,122480,139914,148074,247068,259849,311419,360675,147313,236938,272026,123260,129045,198922,151542,140855,107874,113705,251762,97868,167094,220351,171378,100965
122890,108137,152054,184839,96219,81046,165249,83649,95439,126011,112372,114682,100875,89418,74152,154189,99043,105745,97627,129630,83750,104363,95968,201408,297522,149806,90046,79434,113482,109543,83153,81221,99293,166789,175238,131305,94850,92282,157105,127363,93838,111272,119432,218426,231207,282777,332033,118671,208296,243384,94618,100403,170280,122900,112213,79232,85063,223120,167094,69226,191709,142736,72323
176147,161394,205311,238096,149476,134303,218506,136906,148696,179268,165629,167939,154132,142675,127409,207446,152300,159002,150884,182887,137007,157620,149225,254665,350779,203063,143303,132691,166739,162800,136410,134478,152550,220046,228495,184562,148107,145539,210362,180620,147095,164529,172689,271683,284464,336034,385290,171928,261553,296641,147875,153660,223537,176157,165470,132489,138320,276377,220351,191709,122483,195993,125580
127174,112421,156338,189123,100503,85330,169533,87933,99723,130295,116656,118966,105159,93702,78436,158473,103327,110029,101911,133914,88034,108647,100252,205692,301806,154090,94330,83718,117766,113827,87437,85505,103577,171073,179522,135589,99134,96566,161389,131647,98122,115556,123716,222710,235491,287061,336317,122955,212580,247668,98902,104687,174564,127184,116497,83516,89347,227404,171378,142736,195993,73510,76607
56761,42008,85925,118710,30090,14917,99120,17520,29310,59882,46243,48553,34746,23289,8023,88060,32914,39616,31498,63501,17621,38234,29839,135279,231393,83677,23917,13305,47353,43414,17024,15092,33164,100660,109109,65176,28721,26153,90976,61234,27709,45143,53303,152297,165078,216648,265904,52542,142167,177255,28489,34274,104151,56771,46084,13103,18934,156991,100965,72323,125580,76607,3097
