1219,2040,3042,3792,1876,1471,3419,1639,1749,2506,2134,2265,2258,1611,1332,3237,2034,1991,1765,2749,1539,1943,1782,4003,6543,2657,1502,1429,2413,2015,1526,1505,2027,3505,3486,2740,1891,1710,3436,2490,1724,2105,2468,4801,4397,5769,5413,2332,3936,4663,1702,1719,3070,1992,1861,1341,1383,4227,2607,2256,4313,2320,1220
2040,821,2644,3394,1478,1073,3021,1241,1351,2108,1736,1867,1860,1213,934,2839,1636,1593,1367,2351,1141,1545,1384,3605,6145,2259,1104,1031,2015,1617,1128,1107,1629,3107,3088,2342,1493,1312,3038,2092,1326,1707,2070,4403,3999,5371,5015,1934,3538,4265,1304,1321,2672,1594,1463,943,985,3829,2209,1858,3915,1922,822
3042,2644,1823,4396,2480,2075,4023,2243,2353,3110,2738,2869,2862,2215,1936,3841,2638,2595,2369,3353,2143,2547,2386,4607,7147,3261,2106,2033,3017,2619,2130,2109,2631,4109,4090,3344,2495,2314,4040,3094,2328,2709,3072,5405,5001,6373,6017,2936,4540,5267,2306,2323,3674,2596,2465,1945,1987,4831,3211,2860,4917,2924,1824
3792,3394,4396,2573,3230,2825,4773,2993,3103,3860,3488,3619,3612,2965,2686,4591,3388,3345,3119,4103,2893,3297,3136,5357,7897,4011,2856,2783,3767,3369,2880,2859,3381,4859,4840,4094,3245,3064,4790,3844,3078,3459,3822,6155,5751,7123,6767,3686,5290,6017,3056,3073,4424,3346,3215,2695,2737,5581,3961,3610,5667,3674,2574
1876,1478,2480,3230,657,909,2857,1077,1187,1944,1572,1703,1696,1049,770,2675,1472,1429,1203,2187,977,1381,1220,3441,5981,2095,940,867,1851,1453,964,943,1465,2943,2924,2178,1329,1148,2874,1928,1162,1543,1906,4239,3835,5207,4851,1770,3374,4101,1140,1157,2508,1430,1299,779,821,3665,2045,1694,3751,1758,658
1471,1073,2075,2825,909,252,2452,672,782,1539,1167,1298,1291,644,365,2270,1067,1024,798,1782,572,976,815,3036,5576,1690,535,462,1446,1048,559,538,1060,2538,2519,1773,924,743,2469,1523,757,1138,1501,3834,3430,4802,4446,1365,2969,3696,735,752,2103,1025,894,374,416,3260,1640,1289,3346,1353,253
3419,3021,4023,4773,2857,2452,2200,2620,2730,3487,3115,3246,3239,2592,2313,4218,3015,2972,2746,3730,2520,2924,2763,4984,7524,3638,2483,2410,3394,2996,2507,2486,3008,4486,4467,3721,2872,2691,4417,3471,2705,3086,3449,5782,5378,6750,6394,3313,4917,5644,2683,2700,4051,2973,2842,2322,2364,5208,3588,3237,5294,3301,2201
1639,1241,2243,2993,1077,672,2620,420,950,1707,1335,1466,1459,812,533,2438,1235,1192,966,1950,740,1144,983,3204,5744,1858,703,630,1614,1216,727,706,1228,2706,2687,1941,1092,911,2637,1691,925,1306,1669,4002,3598,4970,4614,1533,3137,3864,903,920,2271,1193,1062,542,584,3428,1808,1457,3514,1521,421
1749,1351,2353,3103,1187,782,2730,950,530,1817,1445,1576,1569,922,643,2548,1345,1302,1076,2060,850,1254,1093,3314,5854,1968,813,740,1724,1326,837,816,1338,2816,2797,2051,1202,1021,2747,1801,1035,1416,1779,4112,3708,5080,4724,1643,3247,3974,1013,1030,2381,1303,1172,652,694,3538,1918,1567,3624,1631,531
2506,2108,3110,3860,1944,1539,3487,1707,1817,1287,2202,2333,2326,1679,1400,3305,2102,2059,1833,2817,1607,2011,1850,4071,6611,2725,1570,1497,2481,2083,1594,1573,2095,3573,3554,2808,1959,1778,3504,2558,1792,2173,2536,4869,4465,5837,5481,2400,4004,4731,1770,1787,3138,2060,1929,1409,1451,4295,2675,2324,4381,2388,1288
2134,1736,2738,3488,1572,1167,3115,1335,1445,2202,915,1961,1954,1307,1028,2933,1730,1687,1461,2445,1235,1639,1478,3699,6239,2353,1198,1125,2109,1711,1222,1201,1723,3201,3182,2436,1587,1406,3132,2186,1420,1801,2164,4497,4093,5465,5109,2028,3632,4359,1398,1415,2766,1688,1557,1037,1079,3923,2303,1952,4009,2016,916
2265,1867,2869,3619,1703,1298,3246,1466,1576,2333,1961,1046,2085,1438,1159,3064,1861,1818,1592,2576,1366,1770,1609,3830,6370,2484,1329,1256,2240,1842,1353,1332,1854,3332,3313,2567,1718,1537,3263,2317,1551,1932,2295,4628,4224,5596,5240,2159,3763,4490,1529,1546,2897,1819,1688,1168,1210,4054,2434,2083,4140,2147,1047
2258,1860,2862,3612,1696,1291,3239,1459,1569,2326,1954,2085,1039,1431,1152,3057,1854,1811,1585,2569,1359,1763,1602,3823,6363,2477,1322,1249,2233,1835,1346,1325,1847,3325,3306,2560,1711,1530,3256,2310,1544,1925,2288,4621,4217,5589,5233,2152,3756,4483,1522,1539,2890,1812,1681,1161,1203,4047,2427,2076,4133,2140,1040
1611,1213,2215,2965,1049,644,2592,812,922,1679,1307,1438,1431,392,505,2410,1207,1164,938,1922,712,1116,955,3176,5716,1830,675,602,1586,1188,699,678,1200,2678,2659,1913,1064,883,2609,1663,897,1278,1641,3974,3570,4942,4586,1505,3109,3836,875,892,2243,1165,1034,514,556,3400,1780,1429,3486,1493,393
1332,934,1936,2686,770,365,2313,533,643,1400,1028,1159,1152,505,113,2131,928,885,659,1643,433,837,676,2897,5437,1551,396,323,1307,909,420,399,921,2399,2380,1634,785,604,2330,1384,618,999,1362,3695,3291,4663,4307,1226,2830,3557,596,613,1964,886,755,235,277,3121,1501,1150,3207,1214,114
3237,2839,3841,4591,2675,2270,4218,2438,2548,3305,2933,3064,3057,2410,2131,2018,2833,2790,2564,3548,2338,2742,2581,4802,7342,3456,2301,2228,3212,2814,2325,2304,2826,4304,4285,3539,2690,2509,4235,3289,2523,2904,3267,5600,5196,6568,6212,3131,4735,5462,2501,2518,3869,2791,2660,2140,2182,5026,3406,3055,5112,3119,2019
2034,1636,2638,3388,1472,1067,3015,1235,1345,2102,1730,1861,1854,1207,928,2833,815,1587,1361,2345,1135,1539,1378,3599,6139,2253,1098,1025,2009,1611,1122,1101,1623,3101,3082,2336,1487,1306,3032,2086,1320,1701,2064,4397,3993,5365,5009,1928,3532,4259,1298,1315,2666,1588,1457,937,979,3823,2203,1852,3909,1916,816
1991,1593,2595,3345,1429,1024,2972,1192,1302,2059,1687,1818,1811,1164,885,2790,1587,772,1318,2302,1092,1496,1335,3556,6096,2210,1055,982,1966,1568,1079,1058,1580,3058,3039,2293,1444,1263,2989,2043,1277,1658,2021,4354,3950,5322,4966,1885,3489,4216,1255,1272,2623,1545,1414,894,936,3780,2160,1809,3866,1873,773
1765,1367,2369,3119,1203,798,2746,966,1076,1833,1461,1592,1585,938,659,2564,1361,1318,546,2076,866,1270,1109,3330,5870,1984,829,756,1740,1342,853,832,1354,2832,2813,2067,1218,1037,2763,1817,1051,1432,1795,4128,3724,5096,4740,1659,3263,3990,1029,1046,2397,1319,1188,668,710,3554,1934,1583,3640,1647,547
2749,2351,3353,4103,2187,1782,3730,1950,2060,2817,2445,2576,2569,1922,1643,3548,2345,2302,2076,1530,1850,2254,2093,4314,6854,2968,1813,1740,2724,2326,1837,1816,2338,3816,3797,3051,2202,2021,3747,2801,2035,2416,2779,5112,4708,6080,5724,2643,4247,4974,2013,2030,3381,2303,2172,1652,1694,4538,2918,2567,4624,2631,1531
1539,1141,2143,2893,977,572,2520,740,850,1607,1235,1366,1359,712,433,2338,1135,1092,866,1850,320,1044,883,3104,5644,1758,603,530,1514,1116,627,606,1128,2606,2587,1841,992,811,2537,1591,825,1206,1569,3902,3498,4870,4514,1433,3037,3764,803,820,2171,1093,962,442,484,3328,1708,1357,3414,1421,321
1943,1545,2547,3297,1381,976,2924,1144,1254,2011,1639,1770,1763,1116,837,2742,1539,1496,1270,2254,1044,724,1287,3508,6048,2162,1007,934,1918,1520,1031,1010,1532,3010,2991,2245,1396,1215,2941,1995,1229,1610,1973,4306,3902,5274,4918,1837,3441,4168,1207,1224,2575,1497,1366,846,888,3732,2112,1761,3818,1825,725
1782,1384,2386,3136,1220,815,2763,983,1093,1850,1478,1609,1602,955,676,2581,1378,1335,1109,2093,883,1287,563,3347,5887,2001,846,773,1757,1359,870,849,1371,2849,2830,2084,1235,1054,2780,1834,1068,1449,1812,4145,3741,5113,4757,1676,3280,4007,1046,1063,2414,1336,1205,685,727,3571,1951,1600,3657,1664,564
4003,3605,4607,5357,3441,3036,4984,3204,3314,4071,3699,3830,3823,3176,2897,4802,3599,3556,3330,4314,3104,3508,3347,2784,8108,4222,3067,2994,3978,3580,3091,3070,3592,5070,5051,4305,3456,3275,5001,4055,3289,3670,4033,6366,5962,7334,6978,3897,5501,6228,3267,3284,4635,3557,3426,2906,2948,5792,4172,3821,5878,3885,2785
6543,6145,7147,7897,5981,5576,7524,5744,5854,6611,6239,6370,6363,5716,5437,7342,6139,6096,5870,6854,5644,6048,5887,8108,5324,6762,5607,5534,6518,6120,5631,5610,6132,7610,7591,6845,5996,5815,7541,6595,5829,6210,6573,8906,8502,9874,9518,6437,8041,8768,5807,5824,7175,6097,5966,5446,5488,8332,6712,6361,8418,6425,5325
2657,2259,3261,4011,2095,1690,3638,1858,1968,2725,2353,2484,2477,1830,1551,3456,2253,2210,1984,2968,1758,2162,2001,4222,6762,1438,1721,1648,2632,2234,1745,1724,2246,3724,3705,2959,2110,1929,3655,2709,1943,2324,2687,5020,4616,5988,5632,2551,4155,4882,1921,1938,3289,2211,2080,1560,1602,4446,2826,2475,4532,2539,1439
1502,1104,2106,2856,940,535,2483,703,813,1570,1198,1329,1322,675,396,2301,1098,1055,829,1813,603,1007,846,3067,5607,1721,283,493,1477,1079,590,569,1091,2569,2550,1804,955,774,2500,1554,788,1169,1532,3865,3461,4833,4477,1396,3000,3727,766,783,2134,1056,925,405,447,3291,1671,1320,3377,1384,284
1429,1031,2033,2783,867,462,2410,630,740,1497,1125,1256,1249,602,323,2228,1025,982,756,1740,530,934,773,2994,5534,1648,493,210,1404,1006,517,496,1018,2496,2477,1731,882,701,2427,1481,715,1096,1459,3792,3388,4760,4404,1323,2927,3654,693,710,2061,983,852,332,374,3218,1598,1247,3304,1311,211
2413,2015,3017,3767,1851,1446,3394,1614,1724,2481,2109,2240,2233,1586,1307,3212,2009,1966,1740,2724,1514,1918,1757,3978,6518,2632,1477,1404,1194,1990,1501,1480,2002,3480,3461,2715,1866,1685,3411,2465,1699,2080,2443,4776,4372,5744,5388,2307,3911,4638,1677,1694,3045,1967,1836,1316,1358,4202,2582,2231,4288,2295,1195
2015,1617,2619,3369,1453,1048,2996,1216,1326,2083,1711,1842,1835,1188,909,2814,1611,1568,1342,2326,1116,1520,1359,3580,6120,2234,1079,1006,1990,796,1103,1082,1604,3082,3063,2317,1468,1287,3013,2067,1301,1682,2045,4378,3974,5346,4990,1909,3513,4240,1279,1296,2647,1569,1438,918,960,3804,2184,1833,3890,1897,797
1526,1128,2130,2880,964,559,2507,727,837,1594,1222,1353,1346,699,420,2325,1122,1079,853,1837,627,1031,870,3091,5631,1745,590,517,1501,1103,307,593,1115,2593,2574,1828,979,798,2524,1578,812,1193,1556,3889,3485,4857,4501,1420,3024,3751,790,807,2158,1080,949,429,471,3315,1695,1344,3401,1408,308
1505,1107,2109,2859,943,538,2486,706,816,1573,1201,1332,1325,678,399,2304,1101,1058,832,1816,606,1010,849,3070,5610,1724,569,496,1480,1082,593,286,1094,2572,2553,1807,958,777,2503,1557,791,1172,1535,3868,3464,4836,4480,1399,3003,3730,769,786,2137,1059,928,408,450,3294,1674,1323,3380,1387,287
2027,1629,2631,3381,1465,1060,3008,1228,1338,2095,1723,1854,1847,1200,921,2826,1623,1580,1354,2338,1128,1532,1371,3592,6132,2246,1091,1018,2002,1604,1115,1094,808,3094,3075,2329,1480,1299,3025,2079,1313,1694,2057,4390,3986,5358,5002,1921,3525,4252,1291,1308,2659,1581,1450,930,972,3816,2196,1845,3902,1909,809
3505,3107,4109,4859,2943,2538,4486,2706,2816,3573,3201,3332,3325,2678,2399,4304,3101,3058,2832,3816,2606,3010,2849,5070,7610,3724,2569,2496,3480,3082,2593,2572,3094,2286,4553,3807,2958,2777,4503,3557,2791,3172,3535,5868,5464,6836,6480,3399,5003,5730,2769,2786,4137,3059,2928,2408,2450,5294,3674,3323,5380,3387,2287
3486,3088,4090,4840,2924,2519,4467,2687,2797,3554,3182,3313,3306,2659,2380,4285,3082,3039,2813,3797,2587,2991,2830,5051,7591,3705,2550,2477,3461,3063,2574,2553,3075,4553,2267,3788,2939,2758,4484,3538,2772,3153,3516,5849,5445,6817,6461,3380,4984,5711,2750,2767,4118,3040,2909,2389,2431,5275,3655,3304,5361,3368,2268
2740,2342,3344,4094,2178,1773,3721,1941,2051,2808,2436,2567,2560,1913,1634,3539,2336,2293,2067,3051,1841,2245,2084,4305,6845,2959,1804,1731,2715,2317,1828,1807,2329,3807,3788,1521,2193,2012,3738,2792,2026,2407,2770,5103,4699,6071,5715,2634,4238,4965,2004,2021,3372,2294,2163,1643,1685,4529,2909,2558,4615,2622,1522
1891,1493,2495,3245,1329,924,2872,1092,1202,1959,1587,1718,1711,1064,785,2690,1487,1444,1218,2202,992,1396,1235,3456,5996,2110,955,882,1866,1468,979,958,1480,2958,2939,2193,672,1163,2889,1943,1177,1558,1921,4254,3850,5222,4866,1785,3389,4116,1155,1172,2523,1445,1314,794,836,3680,2060,1709,3766,1773,673
1710,1312,2314,3064,1148,743,2691,911,1021,1778,1406,1537,1530,883,604,2509,1306,1263,1037,2021,811,1215,1054,3275,5815,1929,774,701,1685,1287,798,777,1299,2777,2758,2012,1163,491,2708,1762,996,1377,1740,4073,3669,5041,4685,1604,3208,3935,974,991,2342,1264,1133,613,655,3499,1879,1528,3585,1592,492
3436,3038,4040,4790,2874,2469,4417,2637,2747,3504,3132,3263,3256,2609,2330,4235,3032,2989,2763,3747,2537,2941,2780,5001,7541,3655,2500,2427,3411,3013,2524,2503,3025,4503,4484,3738,2889,2708,2217,3488,2722,3103,3466,5799,5395,6767,6411,3330,4934,5661,2700,2717,4068,2990,2859,2339,2381,5225,3605,3254,5311,3318,2218
2490,2092,3094,3844,1928,1523,3471,1691,1801,2558,2186,2317,2310,1663,1384,3289,2086,2043,1817,2801,1591,1995,1834,4055,6595,2709,1554,1481,2465,2067,1578,1557,2079,3557,3538,2792,1943,1762,3488,1271,1776,2157,2520,4853,4449,5821,5465,2384,3988,4715,1754,1771,3122,2044,1913,1393,1435,4279,2659,2308,4365,2372,1272
1724,1326,2328,3078,1162,757,2705,925,1035,1792,1420,1551,1544,897,618,2523,1320,1277,1051,2035,825,1229,1068,3289,5829,1943,788,715,1699,1301,812,791,1313,2791,2772,2026,1177,996,2722,1776,505,1391,1754,4087,3683,5055,4699,1618,3222,3949,988,1005,2356,1278,1147,627,669,3513,1893,1542,3599,1606,506
2105,1707,2709,3459,1543,1138,3086,1306,1416,2173,1801,1932,1925,1278,999,2904,1701,1658,1432,2416,1206,1610,1449,3670,6210,2324,1169,1096,2080,1682,1193,1172,1694,3172,3153,2407,1558,1377,3103,2157,1391,886,2135,4468,4064,5436,5080,1999,3603,4330,1369,1386,2737,1659,1528,1008,1050,3894,2274,1923,3980,1987,887
2468,2070,3072,3822,1906,1501,3449,1669,1779,2536,2164,2295,2288,1641,1362,3267,2064,2021,1795,2779,1569,1973,1812,4033,6573,2687,1532,1459,2443,2045,1556,1535,2057,3535,3516,2770,1921,1740,3466,2520,1754,2135,1249,4831,4427,5799,5443,2362,3966,4693,1732,1749,3100,2022,1891,1371,1413,4257,2637,2286,4343,2350,1250
4801,4403,5405,6155,4239,3834,5782,4002,4112,4869,4497,4628,4621,3974,3695,5600,4397,4354,4128,5112,3902,4306,4145,6366,8906,5020,3865,3792,4776,4378,3889,3868,4390,5868,5849,5103,4254,4073,5799,4853,4087,4468,4831,3582,6760,8132,7776,4695,6299,7026,4065,4082,5433,4355,4224,3704,3746,6590,4970,4619,6676,4683,3583
4397,3999,5001,5751,3835,3430,5378,3598,3708,4465,4093,4224,4217,3570,3291,5196,3993,3950,3724,4708,3498,3902,3741,5962,8502,4616,3461,3388,4372,3974,3485,3464,3986,5464,5445,4699,3850,3669,5395,4449,3683,4064,4427,6760,3178,7728,7372,4291,5895,6622,3661,3678,5029,3951,3820,3300,3342,6186,4566,4215,6272,4279,3179
5769,5371,6373,7123,5207,4802,6750,4970,5080,5837,5465,5596,5589,4942,4663,6568,5365,5322,5096,6080,4870,5274,5113,7334,9874,5988,4833,4760,5744,5346,4857,4836,5358,6836,6817,6071,5222,5041,6767,5821,5055,5436,5799,8132,7728,4550,8744,5663,7267,7994,5033,5050,6401,5323,5192,4672,4714,7558,5938,5587,7644,5651,4551
5413,5015,6017,6767,4851,4446,6394,4614,4724,5481,5109,5240,5233,4586,4307,6212,5009,4966,4740,5724,4514,4918,4757,6978,9518,5632,4477,4404,5388,4990,4501,4480,5002,6480,6461,5715,4866,4685,6411,5465,4699,5080,5443,7776,7372,8744,4194,5307,6911,7638,4677,4694,6045,4967,4836,4316,4358,7202,5582,5231,7288,5295,4195
2332,1934,2936,3686,1770,1365,3313,1533,1643,2400,2028,2159,2152,1505,1226,3131,1928,1885,1659,2643,1433,1837,1676,3897,6437,2551,1396,1323,2307,1909,1420,1399,1921,3399,3380,2634,1785,1604,3330,2384,1618,1999,2362,4695,4291,5663,5307,1113,3830,4557,1596,1613,2964,1886,1755,1235,1277,4121,2501,2150,4207,2214,1114
3936,3538,4540,5290,3374,2969,4917,3137,3247,4004,3632,3763,3756,3109,2830,4735,3532,3489,3263,4247,3037,3441,3280,5501,8041,4155,3000,2927,3911,3513,3024,3003,3525,5003,4984,4238,3389,3208,4934,3988,3222,3603,3966,6299,5895,7267,6911,3830,2717,6161,3200,3217,4568,3490,3359,2839,2881,5725,4105,3754,5811,3818,2718
4663,4265,5267,6017,4101,3696,5644,3864,3974,4731,4359,4490,4483,3836,3557,5462,4259,4216,3990,4974,3764,4168,4007,6228,8768,4882,3727,3654,4638,4240,3751,3730,4252,5730,5711,4965,4116,3935,5661,4715,3949,4330,4693,7026,6622,7994,7638,4557,6161,3444,3927,3944,5295,4217,4086,3566,3608,6452,4832,4481,6538,4545,3445
1702,1304,2306,3056,1140,735,2683,903,1013,1770,1398,1529,1522,875,596,2501,1298,1255,1029,2013,803,1207,1046,3267,5807,1921,766,693,1677,1279,790,769,1291,2769,2750,2004,1155,974,2700,1754,988,1369,1732,4065,3661,5033,4677,1596,3200,3927,483,983,2334,1256,1125,605,647,3491,1871,1520,3577,1584,484
1719,1321,2323,3073,1157,752,2700,920,1030,1787,1415,1546,1539,892,613,2518,1315,1272,1046,2030,820,1224,1063,3284,5824,1938,783,710,1694,1296,807,786,1308,2786,2767,2021,1172,991,2717,1771,1005,1386,1749,4082,3678,5050,4694,1613,3217,3944,983,500,2351,1273,1142,622,664,3508,1888,1537,3594,1601,501
3070,2672,3674,4424,2508,2103,4051,2271,2381,3138,2766,2897,2890,2243,1964,3869,2666,2623,2397,3381,2171,2575,2414,4635,7175,3289,2134,2061,3045,2647,2158,2137,2659,4137,4118,3372,2523,2342,4068,3122,2356,2737,3100,5433,5029,6401,6045,2964,4568,5295,2334,2351,1851,2624,2493,1973,2015,4859,3239,2888,4945,2952,1852
1992,1594,2596,3346,1430,1025,2973,1193,1303,2060,1688,1819,1812,1165,886,2791,1588,1545,1319,2303,1093,1497,1336,3557,6097,2211,1056,983,1967,1569,1080,1059,1581,3059,3040,2294,1445,1264,2990,2044,1278,1659,2022,4355,3951,5323,4967,1886,3490,4217,1256,1273,2624,773,1415,895,937,3781,2161,1810,3867,1874,774
1861,1463,2465,3215,1299,894,2842,1062,1172,1929,1557,1688,1681,1034,755,2660,1457,1414,1188,2172,962,1366,1205,3426,5966,2080,925,852,1836,1438,949,928,1450,2928,2909,2163,1314,1133,2859,1913,1147,1528,1891,4224,3820,5192,4836,1755,3359,4086,1125,1142,2493,1415,642,764,806,3650,2030,1679,3736,1743,643
1341,943,1945,2695,779,374,2322,542,652,1409,1037,1168,1161,514,235,2140,937,894,668,1652,442,846,685,2906,5446,1560,405,332,1316,918,429,408,930,2408,2389,1643,794,613,2339,1393,627,1008,1371,3704,3300,4672,4316,1235,2839,3566,605,622,1973,895,764,122,286,3130,1510,1159,3216,1223,123
1383,985,1987,2737,821,416,2364,584,694,1451,1079,1210,1203,556,277,2182,979,936,710,1694,484,888,727,2948,5488,1602,447,374,1358,960,471,450,972,2450,2431,1685,836,655,2381,1435,669,1050,1413,3746,3342,4714,4358,1277,2881,3608,647,664,2015,937,806,286,164,3172,1552,1201,3258,1265,165
4227,3829,4831,5581,3665,3260,5208,3428,3538,4295,3923,4054,4047,3400,3121,5026,3823,3780,3554,4538,3328,3732,3571,5792,8332,4446,3291,3218,4202,3804,3315,3294,3816,5294,5275,4529,3680,3499,5225,4279,3513,3894,4257,6590,6186,7558,7202,4121,5725,6452,3491,3508,4859,3781,3650,3130,3172,3008,4396,4045,6102,4109,3009
2607,2209,3211,3961,2045,1640,3588,1808,1918,2675,2303,2434,2427,1780,1501,3406,2203,2160,1934,2918,1708,2112,1951,4172,6712,2826,1671,1598,2582,2184,1695,1674,2196,3674,3655,2909,2060,1879,3605,2659,1893,2274,2637,4970,4566,5938,5582,2501,4105,4832,1871,1888,3239,2161,2030,1510,1552,4396,1388,2425,4482,2489,1389
2256,1858,2860,3610,1694,1289,3237,1457,1567,2324,1952,2083,2076,1429,1150,3055,1852,1809,1583,2567,1357,1761,1600,3821,6361,2475,1320,1247,2231,1833,1344,1323,1845,3323,3304,2558,1709,1528,3254,2308,1542,1923,2286,4619,4215,5587,5231,2150,3754,4481,1520,1537,2888,1810,1679,1159,1201,4045,2425,1037,4131,2138,1038
4313,3915,4917,5667,3751,3346,5294,3514,3624,4381,4009,4140,4133,3486,3207,5112,3909,3866,3640,4624,3414,3818,3657,5878,8418,4532,3377,3304,4288,3890,3401,3380,3902,5380,5361,4615,3766,3585,5311,4365,3599,3980,4343,6676,6272,7644,7288,4207,5811,6538,3577,3594,4945,3867,3736,3216,3258,6102,4482,4131,3094,4195,3095
2320,1922,2924,3674,1758,1353,3301,1521,1631,2388,2016,2147,2140,1493,1214,3119,1916,1873,1647,2631,1421,1825,1664,3885,6425,2539,1384,1311,2295,1897,1408,1387,1909,3387,3368,2622,1773,1592,3318,2372,1606,1987,2350,4683,4279,5651,5295,2214,3818,4545,1584,1601,2952,1874,1743,1223,1265,4109,2489,2138,4195,1101,1102
1220,822,1824,2574,658,253,2201,421,531,1288,916,1047,1040,393,114,2019,816,773,547,1531,321,725,564,2785,5325,1439,284,211,1195,797,308,287,809,2287,2268,1522,673,492,2218,1272,506,887,1250,3583,3179,4551,4195,1114,2718,3445,484,501,1852,774,643,123,165,3009,1389,1038,3095,1102,1
