2191,3430,4982,8109,3050,2452,5793,2574,3283,4668,4056,3791,3266,2836,2472,4799,3030,3854,3048,4180,2539,3263,3194,7851,12077,6644,3323,2430,3302,3820,2575,2491,3061,5120,6774,4580,2874,3060,5163,4070,2834,3432,3696,7182,8543,11382,13655,3870,6221,8732,3760,3538,7596,5195,4540,2808,2879,9840,7720,6334,6927,5720,2621
3430,1239,4030,7157,2098,1500,4841,1622,2331,3716,3104,2839,2314,1884,1520,3847,2078,2902,2096,3228,1587,2311,2242,6899,11125,5692,2371,1478,2350,2868,1623,1539,2109,4168,5822,3628,1922,2108,4211,3118,1882,2480,2744,6230,7591,10430,12703,2918,5269,7780,2808,2586,6644,4243,3588,1856,1927,8888,6768,5382,5975,4768,1669
4982,4030,2791,8709,3650,3052,6393,3174,3883,5268,4656,4391,3866,3436,3072,5399,3630,4454,3648,4780,3139,3863,3794,8451,12677,7244,3923,3030,3902,4420,3175,3091,3661,5720,7374,5180,3474,3660,5763,4670,3434,4032,4296,7782,9143,11982,14255,4470,6821,9332,4360,4138,8196,5795,5140,3408,3479,10440,8320,6934,7527,6320,3221
8109,7157,8709,5918,6777,6179,9520,6301,7010,8395,7783,7518,6993,6563,6199,8526,6757,7581,6775,7907,6266,6990,6921,11578,15804,10371,7050,6157,7029,7547,6302,6218,6788,8847,10501,8307,6601,6787,8890,7797,6561,7159,7423,10909,12270,15109,17382,7597,9948,12459,7487,7265,11323,8922,8267,6535,6606,13567,11447,10061,10654,9447,6348
3050,2098,3650,6777,859,1120,4461,1242,1951,3336,2724,2459,1934,1504,1140,3467,1698,2522,1716,2848,1207,1931,1862,6519,10745,5312,1991,1098,1970,2488,1243,1159,1729,3788,5442,3248,1542,1728,3831,2738,1502,2100,2364,5850,7211,10050,12323,2538,4889,7400,2428,2206,6264,3863,3208,1476,1547,8508,6388,5002,5595,4388,1289
2452,1500,3052,6179,1120,261,3863,644,1353,2738,2126,1861,1336,906,542,2869,1100,1924,1118,2250,609,1333,1264,5921,10147,4714,1393,500,1372,1890,645,561,1131,3190,4844,2650,944,1130,3233,2140,904,1502,1766,5252,6613,9452,11725,1940,4291,6802,1830,1608,5666,3265,2610,878,949,7910,5790,4404,4997,3790,691
5793,4841,6393,9520,4461,3863,3602,3985,4694,6079,5467,5202,4677,4247,3883,6210,4441,5265,4459,5591,3950,4674,4605,9262,13488,8055,4734,3841,4713,5231,3986,3902,4472,6531,8185,5991,4285,4471,6574,5481,4245,4843,5107,8593,9954,12793,15066,5281,7632,10143,5171,4949,9007,6606,5951,4219,4290,11251,9131,7745,8338,7131,4032
2574,1622,3174,6301,1242,644,3985,383,1475,2860,2248,1983,1458,1028,664,2991,1222,2046,1240,2372,731,1455,1386,6043,10269,4836,1515,622,1494,2012,767,683,1253,3312,4966,2772,1066,1252,3355,2262,1026,1624,1888,5374,6735,9574,11847,2062,4413,6924,1952,1730,5788,3387,2732,1000,1071,8032,5912,4526,5119,3912,813
3283,2331,3883,7010,1951,1353,4694,1475,1092,3569,2957,2692,2167,1737,1373,3700,1931,2755,1949,3081,1440,2164,2095,6752,10978,5545,2224,1331,2203,2721,1476,1392,1962,4021,5675,3481,1775,1961,4064,2971,1735,2333,2597,6083,7444,10283,12556,2771,5122,7633,2661,2439,6497,4096,3441,1709,1780,8741,6621,5235,5828,4621,1522
4668,3716,5268,8395,3336,2738,6079,2860,3569,2477,4342,4077,3552,3122,2758,5085,3316,4140,3334,4466,2825,3549,3480,8137,12363,6930,3609,2716,3588,4106,2861,2777,3347,5406,7060,4866,3160,3346,5449,4356,3120,3718,3982,7468,8829,11668,13941,4156,6507,9018,4046,3824,7882,5481,4826,3094,3165,10126,8006,6620,7213,6006,2907
4056,3104,4656,7783,2724,2126,5467,2248,2957,4342,1865,3465,2940,2510,2146,4473,2704,3528,2722,3854,2213,2937,2868,7525,11751,6318,2997,2104,2976,3494,2249,2165,2735,4794,6448,4254,2548,2734,4837,3744,2508,3106,3370,6856,8217,11056,13329,3544,5895,8406,3434,3212,7270,4869,4214,2482,2553,9514,7394,6008,6601,5394,2295
3791,2839,4391,7518,2459,1861,5202,1983,2692,4077,3465,1600,2675,2245,1881,4208,2439,3263,2457,3589,1948,2672,2603,7260,11486,6053,2732,1839,2711,3229,1984,1900,2470,4529,6183,3989,2283,2469,4572,3479,2243,2841,3105,6591,7952,10791,13064,3279,5630,8141,3169,2947,7005,4604,3949,2217,2288,9249,7129,5743,6336,5129,2030
3266,2314,3866,6993,1934,1336,4677,1458,2167,3552,2940,2675,1075,1720,1356,3683,1914,2738,1932,3064,1423,2147,2078,6735,10961,5528,2207,1314,2186,2704,1459,1375,1945,4004,5658,3464,1758,1944,4047,2954,1718,2316,2580,6066,7427,10266,12539,2754,5105,7616,2644,2422,6480,4079,3424,1692,1763,8724,6604,5218,5811,4604,1505
2836,1884,3436,6563,1504,906,4247,1028,1737,3122,2510,2245,1720,645,926,3253,1484,2308,1502,2634,993,1717,1648,6305,10531,5098,1777,884,1756,2274,1029,945,1515,3574,5228,3034,1328,1514,3617,2524,1288,1886,2150,5636,6997,9836,12109,2324,4675,7186,2214,1992,6050,3649,2994,1262,1333,8294,6174,4788,5381,4174,1075
2472,1520,3072,6199,1140,542,3883,664,1373,2758,2146,1881,1356,926,281,2889,1120,1944,1138,2270,629,1353,1284,5941,10167,4734,1413,520,1392,1910,665,581,1151,3210,4864,2670,964,1150,3253,2160,924,1522,1786,5272,6633,9472,11745,1960,4311,6822,1850,1628,5686,3285,2630,898,969,7930,5810,4424,5017,3810,711
4799,3847,5399,8526,3467,2869,6210,2991,3700,5085,4473,4208,3683,3253,2889,2608,3447,4271,3465,4597,2956,3680,3611,8268,12494,7061,3740,2847,3719,4237,2992,2908,3478,5537,7191,4997,3291,3477,5580,4487,3251,3849,4113,7599,8960,11799,14072,4287,6638,9149,4177,3955,8013,5612,4957,3225,3296,10257,8137,6751,7344,6137,3038
3030,2078,3630,6757,1698,1100,4441,1222,1931,3316,2704,2439,1914,1484,1120,3447,839,2502,1696,2828,1187,1911,1842,6499,10725,5292,1971,1078,1950,2468,1223,1139,1709,3768,5422,3228,1522,1708,3811,2718,1482,2080,2344,5830,7191,10030,12303,2518,4869,7380,2408,2186,6244,3843,3188,1456,1527,8488,6368,4982,5575,4368,1269
3854,2902,4454,7581,2522,1924,5265,2046,2755,4140,3528,3263,2738,2308,1944,4271,2502,1663,2520,3652,2011,2735,2666,7323,11549,6116,2795,1902,2774,3292,2047,1963,2533,4592,6246,4052,2346,2532,4635,3542,2306,2904,3168,6654,8015,10854,13127,3342,5693,8204,3232,3010,7068,4667,4012,2280,2351,9312,7192,5806,6399,5192,2093
3048,2096,3648,6775,1716,1118,4459,1240,1949,3334,2722,2457,1932,1502,1138,3465,1696,2520,857,2846,1205,1929,1860,6517,10743,5310,1989,1096,1968,2486,1241,1157,1727,3786,5440,3246,1540,1726,3829,2736,1500,2098,2362,5848,7209,10048,12321,2536,4887,7398,2426,2204,6262,3861,3206,1474,1545,8506,6386,5000,5593,4386,1287
4180,3228,4780,7907,2848,2250,5591,2372,3081,4466,3854,3589,3064,2634,2270,4597,2828,3652,2846,1989,2337,3061,2992,7649,11875,6442,3121,2228,3100,3618,2373,2289,2859,4918,6572,4378,2672,2858,4961,3868,2632,3230,3494,6980,8341,11180,13453,3668,6019,8530,3558,3336,7394,4993,4338,2606,2677,9638,7518,6132,6725,5518,2419
2539,1587,3139,6266,1207,609,3950,731,1440,2825,2213,1948,1423,993,629,2956,1187,2011,1205,2337,348,1420,1351,6008,10234,4801,1480,587,1459,1977,732,648,1218,3277,4931,2737,1031,1217,3320,2227,991,1589,1853,5339,6700,9539,11812,2027,4378,6889,1917,1695,5753,3352,2697,965,1036,7997,5877,4491,5084,3877,778
3263,2311,3863,6990,1931,1333,4674,1455,2164,3549,2937,2672,2147,1717,1353,3680,1911,2735,1929,3061,1420,1072,2075,6732,10958,5525,2204,1311,2183,2701,1456,1372,1942,4001,5655,3461,1755,1941,4044,2951,1715,2313,2577,6063,7424,10263,12536,2751,5102,7613,2641,2419,6477,4076,3421,1689,1760,8721,6601,5215,5808,4601,1502
3194,2242,3794,6921,1862,1264,4605,1386,2095,3480,2868,2603,2078,1648,1284,3611,1842,2666,1860,2992,1351,2075,1003,6663,10889,5456,2135,1242,2114,2632,1387,1303,1873,3932,5586,3392,1686,1872,3975,2882,1646,2244,2508,5994,7355,10194,12467,2682,5033,7544,2572,2350,6408,4007,3352,1620,1691,8652,6532,5146,5739,4532,1433
7851,6899,8451,11578,6519,5921,9262,6043,6752,8137,7525,7260,6735,6305,5941,8268,6499,7323,6517,7649,6008,6732,6663,5660,15546,10113,6792,5899,6771,7289,6044,5960,6530,8589,10243,8049,6343,6529,8632,7539,6303,6901,7165,10651,12012,14851,17124,7339,9690,12201,7229,7007,11065,8664,8009,6277,6348,13309,11189,9803,10396,9189,6090
12077,11125,12677,15804,10745,10147,13488,10269,10978,12363,11751,11486,10961,10531,10167,12494,10725,11549,10743,11875,10234,10958,10889,15546,9886,14339,11018,10125,10997,11515,10270,10186,10756,12815,14469,12275,10569,10755,12858,11765,10529,11127,11391,14877,16238,19077,21350,11565,13916,16427,11455,11233,15291,12890,12235,10503,10574,17535,15415,14029,14622,13415,10316
6644,5692,7244,10371,5312,4714,8055,4836,5545,6930,6318,6053,5528,5098,4734,7061,5292,6116,5310,6442,4801,5525,5456,10113,14339,4453,5585,4692,5564,6082,4837,4753,5323,7382,9036,6842,5136,5322,7425,6332,5096,5694,5958,9444,10805,13644,15917,6132,8483,10994,6022,5800,9858,7457,6802,5070,5141,12102,9982,8596,9189,7982,4883
3323,2371,3923,7050,1991,1393,4734,1515,2224,3609,2997,2732,2207,1777,1413,3740,1971,2795,1989,3121,1480,2204,2135,6792,11018,5585,1132,1371,2243,2761,1516,1432,2002,4061,5715,3521,1815,2001,4104,3011,1775,2373,2637,6123,7484,10323,12596,2811,5162,7673,2701,2479,6537,4136,3481,1749,1820,8781,6661,5275,5868,4661,1562
2430,1478,3030,6157,1098,500,3841,622,1331,2716,2104,1839,1314,884,520,2847,1078,1902,1096,2228,587,1311,1242,5899,10125,4692,1371,239,1350,1868,623,539,1109,3168,4822,2628,922,1108,3211,2118,882,1480,1744,5230,6591,9430,11703,1918,4269,6780,1808,1586,5644,3243,2588,856,927,7888,5768,4382,4975,3768,669
3302,2350,3902,7029,1970,1372,4713,1494,2203,3588,2976,2711,2186,1756,1392,3719,1950,2774,1968,3100,1459,2183,2114,6771,10997,5564,2243,1350,1111,2740,1495,1411,1981,4040,5694,3500,1794,1980,4083,2990,1754,2352,2616,6102,7463,10302,12575,2790,5141,7652,2680,2458,6516,4115,3460,1728,1799,8760,6640,5254,5847,4640,1541
3820,2868,4420,7547,2488,1890,5231,2012,2721,4106,3494,3229,2704,2274,1910,4237,2468,3292,2486,3618,1977,2701,2632,7289,11515,6082,2761,1868,2740,1629,2013,1929,2499,4558,6212,4018,2312,2498,4601,3508,2272,2870,3134,6620,7981,10820,13093,3308,5659,8170,3198,2976,7034,4633,3978,2246,2317,9278,7158,5772,6365,5158,2059
2575,1623,3175,6302,1243,645,3986,767,1476,2861,2249,1984,1459,1029,665,2992,1223,2047,1241,2373,732,1456,1387,6044,10270,4837,1516,623,1495,2013,384,684,1254,3313,4967,2773,1067,1253,3356,2263,1027,1625,1889,5375,6736,9575,11848,2063,4414,6925,1953,1731,5789,3388,2733,1001,1072,8033,5913,4527,5120,3913,814
2491,1539,3091,6218,1159,561,3902,683,1392,2777,2165,1900,1375,945,581,2908,1139,1963,1157,2289,648,1372,1303,5960,10186,4753,1432,539,1411,1929,684,300,1170,3229,4883,2689,983,1169,3272,2179,943,1541,1805,5291,6652,9491,11764,1979,4330,6841,1869,1647,5705,3304,2649,917,988,7949,5829,4443,5036,3829,730
3061,2109,3661,6788,1729,1131,4472,1253,1962,3347,2735,2470,1945,1515,1151,3478,1709,2533,1727,2859,1218,1942,1873,6530,10756,5323,2002,1109,1981,2499,1254,1170,870,3799,5453,3259,1553,1739,3842,2749,1513,2111,2375,5861,7222,10061,12334,2549,4900,7411,2439,2217,6275,3874,3219,1487,1558,8519,6399,5013,5606,4399,1300
5120,4168,5720,8847,3788,3190,6531,3312,4021,5406,4794,4529,4004,3574,3210,5537,3768,4592,3786,4918,3277,4001,3932,8589,12815,7382,4061,3168,4040,4558,3313,3229,3799,2929,7512,5318,3612,3798,5901,4808,3572,4170,4434,7920,9281,12120,14393,4608,6959,9470,4498,4276,8334,5933,5278,3546,3617,10578,8458,7072,7665,6458,3359
6774,5822,7374,10501,5442,4844,8185,4966,5675,7060,6448,6183,5658,5228,4864,7191,5422,6246,5440,6572,4931,5655,5586,10243,14469,9036,5715,4822,5694,6212,4967,4883,5453,7512,4583,6972,5266,5452,7555,6462,5226,5824,6088,9574,10935,13774,16047,6262,8613,11124,6152,5930,9988,7587,6932,5200,5271,12232,10112,8726,9319,8112,5013
4580,3628,5180,8307,3248,2650,5991,2772,3481,4866,4254,3989,3464,3034,2670,4997,3228,4052,3246,4378,2737,3461,3392,8049,12275,6842,3521,2628,3500,4018,2773,2689,3259,5318,6972,2389,3072,3258,5361,4268,3032,3630,3894,7380,8741,11580,13853,4068,6419,8930,3958,3736,7794,5393,4738,3006,3077,10038,7918,6532,7125,5918,2819
2874,1922,3474,6601,1542,944,4285,1066,1775,3160,2548,2283,1758,1328,964,3291,1522,2346,1540,2672,1031,1755,1686,6343,10569,5136,1815,922,1794,2312,1067,983,1553,3612,5266,3072,683,1552,3655,2562,1326,1924,2188,5674,7035,9874,12147,2362,4713,7224,2252,2030,6088,3687,3032,1300,1371,8332,6212,4826,5419,4212,1113
3060,2108,3660,6787,1728,1130,4471,1252,1961,3346,2734,2469,1944,1514,1150,3477,1708,2532,1726,2858,1217,1941,1872,6529,10755,5322,2001,1108,1980,2498,1253,1169,1739,3798,5452,3258,1552,869,3841,2748,1512,2110,2374,5860,7221,10060,12333,2548,4899,7410,2438,2216,6274,3873,3218,1486,1557,8518,6398,5012,5605,4398,1299
5163,4211,5763,8890,3831,3233,6574,3355,4064,5449,4837,4572,4047,3617,3253,5580,3811,4635,3829,4961,3320,4044,3975,8632,12858,7425,4104,3211,4083,4601,3356,3272,3842,5901,7555,5361,3655,3841,2972,4851,3615,4213,4477,7963,9324,12163,14436,4651,7002,9513,4541,4319,8377,5976,5321,3589,3660,10621,8501,7115,7708,6501,3402
4070,3118,4670,7797,2738,2140,5481,2262,2971,4356,3744,3479,2954,2524,2160,4487,2718,3542,2736,3868,2227,2951,2882,7539,11765,6332,3011,2118,2990,3508,2263,2179,2749,4808,6462,4268,2562,2748,4851,1879,2522,3120,3384,6870,8231,11070,13343,3558,5909,8420,3448,3226,7284,4883,4228,2496,2567,9528,7408,6022,6615,5408,2309
2834,1882,3434,6561,1502,904,4245,1026,1735,3120,2508,2243,1718,1288,924,3251,1482,2306,1500,2632,991,1715,1646,6303,10529,5096,1775,882,1754,2272,1027,943,1513,3572,5226,3032,1326,1512,3615,2522,643,1884,2148,5634,6995,9834,12107,2322,4673,7184,2212,1990,6048,3647,2992,1260,1331,8292,6172,4786,5379,4172,1073
3432,2480,4032,7159,2100,1502,4843,1624,2333,3718,3106,2841,2316,1886,1522,3849,2080,2904,2098,3230,1589,2313,2244,6901,11127,5694,2373,1480,2352,2870,1625,1541,2111,4170,5824,3630,1924,2110,4213,3120,1884,1241,2746,6232,7593,10432,12705,2920,5271,7782,2810,2588,6646,4245,3590,1858,1929,8890,6770,5384,5977,4770,1671
3696,2744,4296,7423,2364,1766,5107,1888,2597,3982,3370,3105,2580,2150,1786,4113,2344,3168,2362,3494,1853,2577,2508,7165,11391,5958,2637,1744,2616,3134,1889,1805,2375,4434,6088,3894,2188,2374,4477,3384,2148,2746,1505,6496,7857,10696,12969,3184,5535,8046,3074,2852,6910,4509,3854,2122,2193,9154,7034,5648,6241,5034,1935
7182,6230,7782,10909,5850,5252,8593,5374,6083,7468,6856,6591,6066,5636,5272,7599,5830,6654,5848,6980,5339,6063,5994,10651,14877,9444,6123,5230,6102,6620,5375,5291,5861,7920,9574,7380,5674,5860,7963,6870,5634,6232,6496,4991,11343,14182,16455,6670,9021,11532,6560,6338,10396,7995,7340,5608,5679,12640,10520,9134,9727,8520,5421
8543,7591,9143,12270,7211,6613,9954,6735,7444,8829,8217,7952,7427,6997,6633,8960,7191,8015,7209,8341,6700,7424,7355,12012,16238,10805,7484,6591,7463,7981,6736,6652,7222,9281,10935,8741,7035,7221,9324,8231,6995,7593,7857,11343,6352,15543,17816,8031,10382,12893,7921,7699,11757,9356,8701,6969,7040,14001,11881,10495,11088,9881,6782
11382,10430,11982,15109,10050,9452,12793,9574,10283,11668,11056,10791,10266,9836,9472,11799,10030,10854,10048,11180,9539,10263,10194,14851,19077,13644,10323,9430,10302,10820,9575,9491,10061,12120,13774,11580,9874,10060,12163,11070,9834,10432,10696,14182,15543,9191,20655,10870,13221,15732,10760,10538,14596,12195,11540,9808,9879,16840,14720,13334,13927,12720,9621
13655,12703,14255,17382,12323,11725,15066,11847,12556,13941,13329,13064,12539,12109,11745,14072,12303,13127,12321,13453,11812,12536,12467,17124,21350,15917,12596,11703,12575,13093,11848,11764,12334,14393,16047,13853,12147,12333,14436,13343,12107,12705,12969,16455,17816,20655,11464,13143,15494,18005,13033,12811,16869,14468,13813,12081,12152,19113,16993,15607,16200,14993,11894
3870,2918,4470,7597,2538,1940,5281,2062,2771,4156,3544,3279,2754,2324,1960,4287,2518,3342,2536,3668,2027,2751,2682,7339,11565,6132,2811,1918,2790,3308,2063,1979,2549,4608,6262,4068,2362,2548,4651,3558,2322,2920,3184,6670,8031,10870,13143,1679,5709,8220,3248,3026,7084,4683,4028,2296,2367,9328,7208,5822,6415,5208,2109
6221,5269,6821,9948,4889,4291,7632,4413,5122,6507,5895,5630,5105,4675,4311,6638,4869,5693,4887,6019,4378,5102,5033,9690,13916,8483,5162,4269,5141,5659,4414,4330,4900,6959,8613,6419,4713,4899,7002,5909,4673,5271,5535,9021,10382,13221,15494,5709,4030,10571,5599,5377,9435,7034,6379,4647,4718,11679,9559,8173,8766,7559,4460
8732,7780,9332,12459,7400,6802,10143,6924,7633,9018,8406,8141,7616,7186,6822,9149,7380,8204,7398,8530,6889,7613,7544,12201,16427,10994,7673,6780,7652,8170,6925,6841,7411,9470,11124,8930,7224,7410,9513,8420,7184,7782,8046,11532,12893,15732,18005,8220,10571,6541,8110,7888,11946,9545,8890,7158,7229,14190,12070,10684,11277,10070,6971
3760,2808,4360,7487,2428,1830,5171,1952,2661,4046,3434,3169,2644,2214,1850,4177,2408,3232,2426,3558,1917,2641,2572,7229,11455,6022,2701,1808,2680,3198,1953,1869,2439,4498,6152,3958,2252,2438,4541,3448,2212,2810,3074,6560,7921,10760,13033,3248,5599,8110,1569,2916,6974,4573,3918,2186,2257,9218,7098,5712,6305,5098,1999
3538,2586,4138,7265,2206,1608,4949,1730,2439,3824,3212,2947,2422,1992,1628,3955,2186,3010,2204,3336,1695,2419,2350,7007,11233,5800,2479,1586,2458,2976,1731,1647,2217,4276,5930,3736,2030,2216,4319,3226,1990,2588,2852,6338,7699,10538,12811,3026,5377,7888,2916,1347,6752,4351,3696,1964,2035,8996,6876,5490,6083,4876,1777
7596,6644,8196,11323,6264,5666,9007,5788,6497,7882,7270,7005,6480,6050,5686,8013,6244,7068,6262,7394,5753,6477,6408,11065,15291,9858,6537,5644,6516,7034,5789,5705,6275,8334,9988,7794,6088,6274,8377,7284,6048,6646,6910,10396,11757,14596,16869,7084,9435,11946,6974,6752,5405,8409,7754,6022,6093,13054,10934,9548,10141,8934,5835
5195,4243,5795,8922,3863,3265,6606,3387,4096,5481,4869,4604,4079,3649,3285,5612,3843,4667,3861,4993,3352,4076,4007,8664,12890,7457,4136,3243,4115,4633,3388,3304,3874,5933,7587,5393,3687,3873,5976,4883,3647,4245,4509,7995,9356,12195,14468,4683,7034,9545,4573,4351,8409,3004,5353,3621,3692,10653,8533,7147,7740,6533,3434
4540,3588,5140,8267,3208,2610,5951,2732,3441,4826,4214,3949,3424,2994,2630,4957,3188,4012,3206,4338,2697,3421,3352,8009,12235,6802,3481,2588,3460,3978,2733,2649,3219,5278,6932,4738,3032,3218,5321,4228,2992,3590,3854,7340,8701,11540,13813,4028,6379,8890,3918,3696,7754,5353,2349,2966,3037,9998,7878,6492,7085,5878,2779
2808,1856,3408,6535,1476,878,4219,1000,1709,3094,2482,2217,1692,1262,898,3225,1456,2280,1474,2606,965,1689,1620,6277,10503,5070,1749,856,1728,2246,1001,917,1487,3546,5200,3006,1300,1486,3589,2496,1260,1858,2122,5608,6969,9808,12081,2296,4647,7158,2186,1964,6022,3621,2966,617,1305,8266,6146,4760,5353,4146,1047
2879,1927,3479,6606,1547,949,4290,1071,1780,3165,2553,2288,1763,1333,969,3296,1527,2351,1545,2677,1036,1760,1691,6348,10574,5141,1820,927,1799,2317,1072,988,1558,3617,5271,3077,1371,1557,3660,2567,1331,1929,2193,5679,7040,9879,12152,2367,4718,7229,2257,2035,6093,3692,3037,1305,688,8337,6217,4831,5424,4217,1118
9840,8888,10440,13567,8508,7910,11251,8032,8741,10126,9514,9249,8724,8294,7930,10257,8488,9312,8506,9638,7997,8721,8652,13309,17535,12102,8781,7888,8760,9278,8033,7949,8519,10578,12232,10038,8332,8518,10621,9528,8292,8890,9154,12640,14001,16840,19113,9328,11679,14190,9218,8996,13054,10653,9998,8266,8337,7649,13178,11792,12385,11178,8079
7720,6768,8320,11447,6388,5790,9131,5912,6621,8006,7394,7129,6604,6174,5810,8137,6368,7192,6386,7518,5877,6601,6532,11189,15415,9982,6661,5768,6640,7158,5913,5829,6399,8458,10112,7918,6212,6398,8501,7408,6172,6770,7034,10520,11881,14720,16993,7208,9559,12070,7098,6876,10934,8533,7878,6146,6217,13178,5529,9672,10265,9058,5959
6334,5382,6934,10061,5002,4404,7745,4526,5235,6620,6008,5743,5218,4788,4424,6751,4982,5806,5000,6132,4491,5215,5146,9803,14029,8596,5275,4382,5254,5772,4527,4443,5013,7072,8726,6532,4826,5012,7115,6022,4786,5384,5648,9134,10495,13334,15607,5822,8173,10684,5712,5490,9548,7147,6492,4760,4831,11792,9672,4143,8879,7672,4573
6927,5975,7527,10654,5595,4997,8338,5119,5828,7213,6601,6336,5811,5381,5017,7344,5575,6399,5593,6725,5084,5808,5739,10396,14622,9189,5868,4975,5847,6365,5120,5036,5606,7665,9319,7125,5419,5605,7708,6615,5379,5977,6241,9727,11088,13927,16200,6415,8766,11277,6305,6083,10141,7740,7085,5353,5424,12385,10265,8879,4736,8265,5166
5720,4768,6320,9447,4388,3790,7131,3912,4621,6006,5394,5129,4604,4174,3810,6137,4368,5192,4386,5518,3877,4601,4532,9189,13415,7982,4661,3768,4640,5158,3913,3829,4399,6458,8112,5918,4212,4398,6501,5408,4172,4770,5034,8520,9881,12720,14993,5208,7559,10070,5098,4876,8934,6533,5878,4146,4217,11178,9058,7672,8265,3529,3959
2621,1669,3221,6348,1289,691,4032,813,1522,2907,2295,2030,1505,1075,711,3038,1269,2093,1287,2419,778,1502,1433,6090,10316,4883,1562,669,1541,2059,814,730,1300,3359,5013,2819,1113,1299,3402,2309,1073,1671,1935,5421,6782,9621,11894,2109,4460,6971,1999,1777,5835,3434,2779,1047,1118,8079,5959,4573,5166,3959,430
