41125,5392,5764,2370,368,252,2444,996,962,1644,1356,1016,746,476,80,2230,708,1924,544,1418,224,840,370,2790,4628,1580,322,204,784,924,336,330,360,1808,1386,1442,1126,530,2330,1014,516,984,2198,3016,3628,5898,13786,1512,3368,4360,644,532,3244,1488,1258,358,468,4144,1870,2080,3316,2206,1070
5392,31284,4684,632,104,52,2042,522,224,684,332,224,132,122,32,622,268,1034,322,528,88,182,206,472,524,270,86,216,214,236,102,74,106,428,216,270,1616,206,736,476,322,326,258,1334,1400,664,996,1704,408,584,358,170,1138,336,964,1320,134,432,422,316,260,378,262
5764,4684,66342,3038,8328,4220,1606,1958,1006,646,654,1162,184,3254,12,4606,326,1868,2550,156,34,136,12,188,86,222,154,78,84,128,118,12,38,1640,352,110,784,210,76,5160,112,168,114,2048,768,400,30000,148,60,34,14,18,1944,72,170,6,20,1954,3250,356,984,3592,44
2370,632,3038,83645,4544,724,9138,380,724,1020,4646,1184,1220,514,58,10374,444,336,336,348,126,150,2026,210,174,388,302,154,288,192,246,98,24,358,322,168,6934,4930,238,964,522,2190,226,4486,4000,1814,19784,168,160,30,28,38,664,1124,26,4,18,8446,1742,2436,594,6584,46
368,104,8328,4544,21935,4520,386,464,948,156,756,1990,282,1988,38,4892,446,194,894,34,42,10,16,32,22,76,86,40,36,6,44,10,2,1784,458,90,524,604,26,4098,292,174,28,402,236,156,2698,22,4,2,2,4,920,28,30,0,4,460,764,160,164,1760,4
252,52,4220,724,4520,10082,80,134,190,60,246,1234,514,1692,4,5576,218,12,16,2,0,0,2,0,4,4,26,2,8,2,2,0,2,58,14,0,126,54,6,438,68,14,2,30,12,44,1552,12,4,0,0,4,46,0,4,0,0,30,50,24,98,140,0
2444,2042,1606,9138,386,80,74800,7162,2888,14266,2558,2134,1028,626,1318,6854,3768,940,1528,3000,86,1348,3252,554,638,2010,508,956,820,976,864,174,44,580,378,28,1000,1942,420,358,360,874,958,1626,282,2654,4548,84,18,22,34,14,1338,660,122,4,0,412,136,130,164,5418,66
996,522,1958,380,464,134,7162,12157,3566,3318,976,2142,274,342,188,2102,168,1510,70,1688,10,428,206,846,156,140,192,42,164,68,72,40,6,746,158,18,646,108,78,244,180,116,150,62,24,1924,1692,32,14,2,2,10,62,16,14,2,0,56,16,10,366,294,12
962,224,1006,724,948,190,2888,3566,20393,9896,1460,5680,506,2036,308,3070,152,140,28,210,2,1126,64,204,160,136,124,14,96,40,12,22,0,422,112,14,182,256,70,414,770,274,212,26,60,394,1868,26,10,4,2,6,46,8,4,0,8,70,2,28,378,342,10
1644,684,646,1020,156,60,14266,3318,9896,43185,998,3000,2036,2060,1336,5382,1568,220,52,2044,30,13040,612,470,866,1362,104,6,116,46,186,70,8,280,178,32,1802,718,3090,240,1972,3880,2564,62,20,382,1278,164,6,12,24,8,2792,124,526,2,2,44,32,20,210,1384,6
1356,332,654,4646,756,246,2558,976,1460,998,32835,2960,1024,448,52,3254,442,972,116,930,54,214,538,2022,688,510,504,138,638,528,88,178,230,1236,3040,580,1236,610,1064,118,134,218,368,2366,2334,11566,1656,524,728,124,160,24,1356,626,368,8,40,1874,460,554,6568,920,34
1016,224,1162,1184,1990,1234,2134,2142,5680,3000,2960,35870,8260,5366,912,13152,822,28,24,88,6,320,120,58,142,178,70,34,30,14,126,14,10,1730,432,16,340,84,374,422,954,822,678,66,8,66,774,32,2,0,0,0,2162,140,28,0,0,32,6,14,192,178,4
746,132,184,1220,282,514,1028,274,506,2036,1024,8260,25329,1090,222,4796,5348,16,20,186,8,830,994,408,1444,2152,220,8,22,28,326,26,12,2574,472,48,444,98,2724,60,608,1312,2564,216,58,64,298,290,24,46,34,10,11772,1366,444,6,0,28,10,266,328,76,2
476,122,3254,514,1988,1692,626,342,2036,2060,448,5366,1090,16173,1066,3390,600,48,118,18,10,334,8,24,82,94,12,10,26,4,62,4,2,1374,134,20,164,106,286,3262,4552,1654,674,70,24,34,2530,22,10,2,0,2,544,24,26,0,0,40,104,74,236,128,2
80,32,12,58,38,4,1318,188,308,1336,52,912,222,1066,3396,964,224,4,10,16,0,52,44,12,34,72,6,0,0,0,6,0,2,1214,118,4,12,26,108,42,1188,656,674,10,2,0,6,2,0,0,0,0,212,10,22,0,0,0,2,2,4,2,2
2230,622,4606,10374,4892,5576,6854,2102,3070,5382,3254,13152,4796,3390,964,69417,5932,114,302,2132,68,816,408,144,164,622,462,54,38,130,962,44,18,768,384,20,4792,1118,1346,1288,2736,6280,494,654,122,288,4762,142,176,30,40,10,1672,1098,130,10,0,128,120,186,124,1416,14
708,268,326,444,446,218,3768,168,152,1568,442,822,5348,600,224,5932,24899,140,1310,418,214,1724,1048,410,1708,1702,196,102,102,594,8186,184,50,3780,1280,102,504,126,4442,3402,856,2702,3118,868,32,248,166,618,164,192,116,14,5320,268,470,14,4,12,34,62,304,104,2
1924,1034,1868,336,194,12,940,1510,140,220,972,28,16,48,4,114,140,26979,4226,3190,524,420,2338,2502,1864,1126,2410,974,2626,3152,290,1166,1348,5216,2070,3258,344,996,454,3222,74,130,1068,1456,440,3264,614,166,298,140,62,38,166,90,34,4,18,2278,340,94,690,376,48
544,322,2550,336,894,16,1528,70,28,52,116,24,20,118,10,302,1310,4226,23390,832,716,140,72,504,764,5530,338,224,408,1422,1230,196,188,8330,3086,1324,208,668,534,4842,78,302,948,7302,464,416,588,136,286,238,46,34,1050,566,56,6,56,310,492,200,302,650,14
1418,528,156,348,34,2,3000,1688,210,2044,930,88,186,18,16,2132,418,3190,832,49028,4012,6318,2308,2584,4110,2564,1090,1634,4972,2918,330,956,1920,6050,4024,324,358,238,1478,426,168,1546,976,858,126,4318,358,104,680,856,214,48,592,112,70,6,48,116,16,40,1398,248,10
224,88,34,126,42,0,86,10,2,30,54,6,8,10,0,68,214,524,716,4012,12387,1750,268,164,7210,100,98,44,648,932,366,220,792,1642,1190,342,40,126,732,118,12,52,814,2292,12,1680,20,104,952,512,390,50,134,84,28,16,236,38,8,48,42,64,0
840,182,136,150,10,0,1348,428,1126,13040,214,320,830,334,52,816,1724,420,140,6318,1750,28719,530,598,3028,1496,150,144,484,634,452,256,154,4440,1644,148,186,272,5786,202,1112,3192,5032,210,14,214,70,48,36,18,50,4,2124,70,470,0,4,30,8,8,112,28,0
370,206,12,2026,16,2,3252,206,64,612,538,120,994,8,44,408,1048,2338,72,2308,268,530,20605,2542,1476,442,1202,710,2692,4204,778,2804,772,656,646,92,86,96,168,16,20,52,214,974,1000,3570,400,196,276,220,284,100,2260,556,76,74,56,64,30,112,538,300,4
2790,472,188,210,32,0,554,846,204,470,2022,58,408,24,12,144,410,2502,504,2584,164,598,2542,101037,14378,19048,3242,378,1632,1434,198,1390,3676,1774,15334,5608,76,70,846,1068,308,418,2872,4288,372,27178,1416,8114,2684,2140,948,1018,3452,1234,256,164,278,778,950,11536,15772,976,22
4628,524,86,174,22,4,638,156,160,866,688,142,1444,82,34,164,1708,1864,764,4110,7210,3028,1476,14378,173192,17038,1462,178,1302,2948,812,1744,6646,8226,23436,13326,62,236,6264,294,398,316,16516,6512,372,65140,1292,2110,18602,40690,12304,8902,14064,8054,2508,692,2956,896,800,9060,6638,436,6
1580,270,222,388,76,4,2010,140,136,1362,510,178,2152,94,72,622,1702,1126,5530,2564,100,1496,442,19048,17038,56589,2516,56,188,318,198,52,212,806,2086,982,124,350,7162,5138,796,3546,8196,2940,672,4206,1990,12582,1206,4438,1142,502,7008,4342,1034,220,538,466,1122,5396,4738,1716,14
322,86,154,302,86,26,508,192,124,104,504,70,220,12,6,462,196,2410,338,1090,98,150,1202,3242,1462,2516,14597,248,346,378,156,284,376,832,1730,234,156,98,150,352,10,40,204,686,256,1906,230,154,136,172,68,26,698,312,36,14,6,148,448,1390,1260,766,4
204,216,78,154,40,2,956,42,14,6,138,34,8,10,0,54,102,974,224,1634,44,144,710,378,178,56,248,8547,1112,3096,120,408,62,1810,696,38,20,30,20,212,2,0,14,412,56,946,74,34,42,14,12,4,94,16,4,0,6,20,10,18,80,60,8
784,214,84,288,36,8,820,164,96,116,638,30,22,26,0,38,102,2626,408,4972,648,484,2692,1632,1302,188,346,1112,37755,7916,340,756,558,5764,2768,954,124,318,220,478,46,58,170,1140,994,17468,1088,150,784,458,138,56,172,74,16,20,58,1188,114,168,1428,720,6
924,236,128,192,6,2,976,68,40,46,528,14,28,4,0,130,594,3152,1422,2918,932,634,4204,1434,2948,318,378,3096,7916,31206,3380,3060,976,6976,4376,308,48,226,162,100,8,12,266,1802,1030,5220,852,138,454,382,258,54,442,194,16,54,152,80,52,378,1362,2872,6
336,102,118,246,44,2,864,72,12,186,88,126,326,62,6,962,8186,290,1230,330,366,452,778,198,812,198,156,120,340,3380,11656,684,96,3900,1694,40,54,74,818,312,44,142,742,1644,60,250,52,30,6,6,44,6,410,64,22,4,12,6,6,34,80,242,2
330,74,12,98,10,0,174,40,22,70,178,14,26,4,0,44,184,1166,196,956,220,256,2804,1390,1744,52,284,408,756,3060,684,10114,1670,3010,1648,154,38,72,456,28,10,6,238,632,244,2950,152,60,828,522,234,182,220,90,12,54,156,60,48,978,824,364,2
360,106,38,24,2,2,44,6,0,8,230,10,12,2,2,18,50,1348,188,1920,792,154,772,3676,6646,212,376,62,558,976,96,1670,25031,1474,7860,800,0,16,128,100,46,10,228,1060,348,14588,138,212,4442,2278,1584,658,512,2518,26,828,276,110,210,2134,940,160,0
1808,428,1640,358,1784,58,580,746,422,280,1236,1730,2574,1374,1214,768,3780,5216,8330,6050,1642,4440,656,1774,8226,806,832,1810,5764,6976,3900,3010,1474,80534,36966,4132,304,2462,1072,5360,896,824,4666,5564,622,1728,134,254,684,524,140,54,8286,1634,332,16,32,1638,430,164,1488,488,0
1386,216,352,322,458,14,378,158,112,178,3040,432,472,134,118,384,1280,2070,3086,4024,1190,1644,646,15334,23436,2086,1730,696,2768,4376,1694,1648,7860,36966,80104,6558,52,634,512,6224,1192,214,5038,5198,348,11196,220,384,1672,1038,466,194,7342,1926,114,116,90,1698,640,1006,3352,440,0
1442,270,110,168,90,0,28,18,14,32,580,16,48,20,4,20,102,3258,1324,324,342,148,92,5608,13326,982,234,38,954,308,40,154,800,4132,6558,48853,90,1238,3198,1618,196,268,3992,2398,702,13196,848,2452,8606,2886,502,778,532,678,198,62,226,21352,4768,1638,21754,478,2
1126,1616,784,6934,524,126,1000,646,182,1802,1236,340,444,164,12,4792,504,344,208,358,40,186,86,76,62,124,156,20,124,48,54,38,0,304,52,90,21641,3830,2460,500,180,972,214,154,160,842,1300,296,90,16,68,10,150,274,320,46,36,190,52,164,36,952,132
530,206,210,4930,604,54,1942,108,256,718,610,84,98,106,26,1118,126,996,668,238,126,272,96,70,236,350,98,30,318,226,74,72,16,2462,634,1238,3830,17898,2162,966,412,1132,272,1596,194,932,2774,100,82,18,28,6,102,774,38,8,14,3338,336,178,222,278,14
2330,736,76,238,26,6,420,78,70,3090,1064,374,2724,286,108,1346,4442,454,534,1478,732,5786,168,846,6264,7162,150,20,220,162,818,456,128,1072,512,3198,2460,2162,70739,648,2572,9406,19764,816,424,1008,590,3152,916,660,540,138,10876,488,17348,218,76,106,96,324,346,110,14
1014,476,5160,964,4098,438,358,244,414,240,118,422,60,3262,42,1288,3402,3222,4842,426,118,202,16,1068,294,5138,352,212,478,100,312,28,100,5360,6224,1618,500,966,648,47375,5030,4178,1060,958,128,438,770,124,48,22,14,8,122,50,110,2,2,940,1028,132,394,168,2
516,322,112,522,292,68,360,180,770,1972,134,954,608,4552,1188,2736,856,74,78,168,12,1112,20,308,398,796,10,2,46,8,44,10,46,896,1192,196,180,412,2572,5030,20754,13652,3290,58,6,286,232,136,58,22,22,4,714,64,152,0,0,100,100,32,120,26,2
984,326,168,2190,174,14,874,116,274,3880,218,822,1312,1654,656,6280,2702,130,302,1546,52,3192,52,418,316,3546,40,0,58,12,142,6,10,824,214,268,972,1132,9406,4178,13652,34442,8442,180,30,120,394,324,102,118,64,26,2168,418,494,14,8,66,56,278,406,44,12
2198,258,114,226,28,2,958,150,212,2564,368,678,2564,674,674,494,3118,1068,948,976,814,5032,214,2872,16516,8196,204,14,170,266,742,238,228,4666,5038,3992,214,272,19764,1060,3290,8442,41166,3020,142,926,246,1892,802,1030,566,210,10716,1218,2636,82,82,678,348,390,928,80,2
3016,1334,2048,4486,402,30,1626,62,26,62,2366,66,216,70,10,654,868,1456,7302,858,2292,210,974,4288,6512,2940,686,412,1140,1802,1644,632,1060,5564,5198,2398,154,1596,816,958,58,180,3020,120188,34878,7966,5414,1066,1006,1674,290,342,5236,11018,130,92,442,20788,7134,6844,13180,4238,18
3628,1400,768,4000,236,12,282,24,60,20,2334,8,58,24,2,122,32,440,464,126,12,14,1000,372,372,672,256,56,994,1030,60,244,348,622,348,702,160,194,424,128,6,30,142,34878,125661,20862,6040,240,754,194,132,116,300,400,22,250,1456,8236,12708,7490,9378,4998,80
5898,664,400,1814,156,44,2654,1924,394,382,11566,66,64,34,0,288,248,3264,416,4318,1680,214,3570,27178,65140,4206,1906,946,17468,5220,250,2950,14588,1728,11196,13196,842,932,1008,438,286,120,926,7966,20862,161233,17304,3070,16706,26690,7454,4750,3072,4016,248,982,3304,32460,2786,7090,9184,4796,60
13786,996,30000,19784,2698,1552,4548,1692,1868,1278,1656,774,298,2530,6,4762,166,614,588,358,20,70,400,1416,1292,1990,230,74,1088,852,52,152,138,134,220,848,1300,2774,590,770,232,394,246,5414,6040,17304,195372,1204,1084,848,332,192,1872,1304,112,102,412,20394,5850,12154,8358,23124,464
1512,1704,148,168,22,12,84,32,26,164,524,32,290,22,2,142,618,166,136,104,104,48,196,8114,2110,12582,154,34,150,138,30,60,212,254,384,2452,296,100,3152,124,136,324,1892,1066,240,3070,1204,40071,7720,3122,1312,288,3460,1128,1876,1792,232,404,154,686,8030,226,10
3368,408,60,160,4,4,18,14,10,6,728,2,24,10,0,176,164,298,286,680,952,36,276,2684,18602,1206,136,42,784,454,6,828,4442,684,1672,8606,90,82,916,48,58,102,802,1006,754,16706,1084,7720,113985,15988,2304,7056,356,3292,294,102,2948,1606,106,2154,4088,120,6
4360,584,34,30,2,0,22,2,4,12,124,0,46,2,0,30,192,140,238,856,512,18,220,2140,40690,4438,172,14,458,382,6,522,2278,524,1038,2886,16,18,660,22,22,118,1030,1674,194,26690,848,3122,15988,136805,2900,25456,992,12044,2026,4462,13060,404,116,3618,1322,174,6
644,358,14,28,2,0,34,2,2,24,160,0,34,0,0,40,116,62,46,214,390,50,284,948,12304,1142,68,12,138,258,44,234,1584,140,466,502,68,28,540,14,22,64,566,290,132,7454,332,1312,2304,2900,16750,1146,1736,1792,568,350,510,156,28,938,520,764,4
532,170,18,38,4,4,14,10,6,8,24,0,10,2,0,10,14,38,34,48,50,4,100,1018,8902,502,26,4,56,54,6,182,658,54,194,778,10,6,138,8,4,26,210,342,116,4750,192,288,7056,25456,1146,23002,314,2150,794,240,738,156,76,1964,738,112,0
3244,1138,1944,664,920,46,1338,62,46,2792,1356,2162,11772,544,212,1672,5320,166,1050,592,134,2124,2260,3452,14064,7008,698,94,172,442,410,220,512,8286,7342,532,150,102,10876,122,714,2168,10716,5236,300,3072,1872,3460,356,992,1736,314,70408,10518,14820,286,36,138,294,644,342,1726,0
1488,336,72,1124,28,0,660,16,8,124,626,140,1366,24,10,1098,268,90,566,112,84,70,556,1234,8054,4342,312,16,74,194,64,90,2518,1634,1926,678,274,774,488,50,64,418,1218,11018,400,4016,1304,1128,3292,12044,1792,2150,10518,36420,706,680,200,512,414,1828,428,712,6
1258,964,170,26,30,4,122,14,4,526,368,28,444,26,22,130,470,34,56,70,28,470,76,256,2508,1034,36,4,16,16,22,12,26,332,114,198,320,38,17348,110,152,494,2636,130,22,248,112,1876,294,2026,568,794,14820,706,29245,2056,48,2,12,26,58,88,4
358,1320,6,4,0,0,4,2,0,2,8,0,6,0,0,10,14,4,6,6,16,0,74,164,692,220,14,0,20,54,4,54,828,16,116,62,46,8,218,2,0,14,82,92,250,982,102,1792,102,4462,350,240,286,680,2056,6239,306,18,4,40,62,56,2
468,134,20,18,4,0,0,0,8,2,40,0,0,0,0,0,4,18,56,48,236,4,56,278,2956,538,6,6,58,152,12,156,276,32,90,226,36,14,76,2,0,8,82,442,1456,3304,412,232,2948,13060,510,738,36,200,48,306,11853,212,72,480,358,166,2
4144,432,1954,8446,460,30,412,56,70,44,1874,32,28,40,0,128,12,2278,310,116,38,30,64,778,896,466,148,20,1188,80,6,60,110,1638,1698,21352,190,3338,106,940,100,66,678,20788,8236,32460,20394,404,1606,404,156,156,138,512,2,18,212,111339,20242,2618,11698,3614,42
1870,422,3250,1742,764,50,136,16,2,32,460,6,10,104,2,120,34,340,492,16,8,8,30,950,800,1122,448,10,114,52,6,48,210,430,640,4768,52,336,96,1028,100,56,348,7134,12708,2786,5850,154,106,116,28,76,294,414,12,4,72,20242,67087,3870,6738,1358,72
2080,316,356,2436,160,24,130,10,28,20,554,14,266,74,2,186,62,94,200,40,48,8,112,11536,9060,5396,1390,18,168,378,34,978,2134,164,1006,1638,164,178,324,132,32,278,390,6844,7490,7090,12154,686,2154,3618,938,1964,644,1828,26,40,480,2618,3870,45760,6880,2086,22
3316,260,984,594,164,98,164,366,378,210,6568,192,328,236,4,124,304,690,302,1398,42,112,538,15772,6638,4738,1260,80,1428,1362,80,824,940,1488,3352,21754,36,222,346,394,120,406,928,13180,9378,9184,8358,8030,4088,1322,520,738,342,428,58,62,358,11698,6738,6880,96346,8134,24
2206,378,3592,6584,1760,140,5418,294,342,1384,920,178,76,128,2,1416,104,376,650,248,64,28,300,976,436,1716,766,60,720,2872,242,364,160,488,440,478,952,278,110,168,26,44,80,4238,4998,4796,23124,226,120,174,764,112,1726,712,88,56,166,3614,1358,2086,8134,52328,22
1070,262,44,46,4,0,66,12,10,6,34,4,2,2,2,14,2,48,14,10,0,0,4,22,6,14,4,8,6,6,2,2,0,0,0,2,132,14,14,2,2,12,2,18,80,60,464,10,6,6,4,0,0,6,4,2,2,42,72,22,24,22,1101
