41125,72409,107467,124770,63060,51207,115925,53282,61518,84310,73960,76995,66454,57298,44521,110542,66024,68104,64515,90153,53512,69844,61730,142162,214317,97714,55722,49672,78880,72331,52781,51239,66156,121659,121229,89978,62766,59023,111864,88500,61879,75567,82291,161313,166786,202358,236497,81196,155110,177930,57875,64127,111533,77545,70370,47364,52978,152464,108212,86885,137471,93453,42226
72409,31284,97626,114929,53219,41366,106084,43441,51677,74469,64119,67154,56613,47457,34680,100701,56183,58263,54674,80312,43671,60003,51889,132321,204476,87873,45881,39831,69039,62490,42940,41398,56315,111818,111388,80137,52925,49182,102023,78659,52038,65726,72450,151472,156945,192517,226656,71355,145269,168089,48034,54286,101692,67704,60529,37523,43137,142623,98371,77044,127630,83612,32385
107467,97626,66342,149987,88277,76424,141142,78499,86735,109527,99177,102212,91671,82515,69738,135759,91241,93321,89732,115370,78729,95061,86947,167379,239534,122931,80939,74889,104097,97548,77998,76456,91373,146876,146446,115195,87983,84240,137081,113717,87096,100784,107508,186530,192003,227575,261714,106413,180327,203147,83092,89344,136750,102762,95587,72581,78195,177681,133429,112102,162688,118670,67443
124770,114929,149987,83645,105580,93727,158445,95802,104038,126830,116480,119515,108974,99818,87041,153062,108544,110624,107035,132673,96032,112364,104250,184682,256837,140234,98242,92192,121400,114851,95301,93759,108676,164179,163749,132498,105286,101543,154384,131020,104399,118087,124811,203833,209306,244878,279017,123716,197630,220450,100395,106647,154053,120065,112890,89884,95498,194984,150732,129405,179991,135973,84746
63060,53219,88277,105580,21935,32017,96735,34092,42328,65120,54770,57805,47264,38108,25331,91352,46834,48914,45325,70963,34322,50654,42540,122972,195127,78524,36532,30482,59690,53141,33591,32049,46966,102469,102039,70788,43576,39833,92674,69310,42689,56377,63101,142123,147596,183168,217307,62006,135920,158740,38685,44937,92343,58355,51180,28174,33788,133274,89022,67695,118281,74263,23036
51207,41366,76424,93727,32017,10082,84882,22239,30475,53267,42917,45952,35411,26255,13478,79499,34981,37061,33472,59110,22469,38801,30687,111119,183274,66671,24679,18629,47837,41288,21738,20196,35113,90616,90186,58935,31723,27980,80821,57457,30836,44524,51248,130270,135743,171315,205454,50153,124067,146887,26832,33084,80490,46502,39327,16321,21935,121421,77169,55842,106428,62410,11183
115925,106084,141142,158445,96735,84882,74800,86957,95193,117985,107635,110670,100129,90973,78196,144217,99699,101779,98190,123828,87187,103519,95405,175837,247992,131389,89397,83347,112555,106006,86456,84914,99831,155334,154904,123653,96441,92698,145539,122175,95554,109242,115966,194988,200461,236033,270172,114871,188785,211605,91550,97802,145208,111220,104045,81039,86653,186139,141887,120560,171146,127128,75901
53282,43441,78499,95802,34092,22239,86957,12157,32550,55342,44992,48027,37486,28330,15553,81574,37056,39136,35547,61185,24544,40876,32762,113194,185349,68746,26754,20704,49912,43363,23813,22271,37188,92691,92261,61010,33798,30055,82896,59532,32911,46599,53323,132345,137818,173390,207529,52228,126142,148962,28907,35159,82565,48577,41402,18396,24010,123496,79244,57917,108503,64485,13258
61518,51677,86735,104038,42328,30475,95193,32550,20393,63578,53228,56263,45722,36566,23789,89810,45292,47372,43783,69421,32780,49112,40998,121430,193585,76982,34990,28940,58148,51599,32049,30507,45424,100927,100497,69246,42034,38291,91132,67768,41147,54835,61559,140581,146054,181626,215765,60464,134378,157198,37143,43395,90801,56813,49638,26632,32246,131732,87480,66153,116739,72721,21494
84310,74469,109527,126830,65120,53267,117985,55342,63578,43185,76020,79055,68514,59358,46581,112602,68084,70164,66575,92213,55572,71904,63790,144222,216377,99774,57782,51732,80940,74391,54841,53299,68216,123719,123289,92038,64826,61083,113924,90560,63939,77627,84351,163373,168846,204418,238557,83256,157170,179990,59935,66187,113593,79605,72430,49424,55038,154524,110272,88945,139531,95513,44286
73960,64119,99177,116480,54770,42917,107635,44992,53228,76020,32835,68705,58164,49008,36231,102252,57734,59814,56225,81863,45222,61554,53440,133872,206027,89424,47432,41382,70590,64041,44491,42949,57866,113369,112939,81688,54476,50733,103574,80210,53589,67277,74001,153023,158496,194068,228207,72906,146820,169640,49585,55837,103243,69255,62080,39074,44688,144174,99922,78595,129181,85163,33936
76995,67154,102212,119515,57805,45952,110670,48027,56263,79055,68705,35870,61199,52043,39266,105287,60769,62849,59260,84898,48257,64589,56475,136907,209062,92459,50467,44417,73625,67076,47526,45984,60901,116404,115974,84723,57511,53768,106609,83245,56624,70312,77036,156058,161531,197103,231242,75941,149855,172675,52620,58872,106278,72290,65115,42109,47723,147209,102957,81630,132216,88198,36971
66454,56613,91671,108974,47264,35411,100129,37486,45722,68514,58164,61199,25329,41502,28725,94746,50228,52308,48719,74357,37716,54048,45934,126366,198521,81918,39926,33876,63084,56535,36985,35443,50360,105863,105433,74182,46970,43227,96068,72704,46083,59771,66495,145517,150990,186562,220701,65400,139314,162134,42079,48331,95737,61749,54574,31568,37182,136668,92416,71089,121675,77657,26430
57298,47457,82515,99818,38108,26255,90973,28330,36566,59358,49008,52043,41502,16173,19569,85590,41072,43152,39563,65201,28560,44892,36778,117210,189365,72762,30770,24720,53928,47379,27829,26287,41204,96707,96277,65026,37814,34071,86912,63548,36927,50615,57339,136361,141834,177406,211545,56244,130158,152978,32923,39175,86581,52593,45418,22412,28026,127512,83260,61933,112519,68501,17274
44521,34680,69738,87041,25331,13478,78196,15553,23789,46581,36231,39266,28725,19569,3396,72813,28295,30375,26786,52424,15783,32115,24001,104433,176588,59985,17993,11943,41151,34602,15052,13510,28427,83930,83500,52249,25037,21294,74135,50771,24150,37838,44562,123584,129057,164629,198768,43467,117381,140201,20146,26398,73804,39816,32641,9635,15249,114735,70483,49156,99742,55724,4497
110542,100701,135759,153062,91352,79499,144217,81574,89810,112602,102252,105287,94746,85590,72813,69417,94316,96396,92807,118445,81804,98136,90022,170454,242609,126006,84014,77964,107172,100623,81073,79531,94448,149951,149521,118270,91058,87315,140156,116792,90171,103859,110583,189605,195078,230650,264789,109488,183402,206222,86167,92419,139825,105837,98662,75656,81270,180756,136504,115177,165763,121745,70518
66024,56183,91241,108544,46834,34981,99699,37056,45292,68084,57734,60769,50228,41072,28295,94316,24899,51878,48289,73927,37286,53618,45504,125936,198091,81488,39496,33446,62654,56105,36555,35013,49930,105433,105003,73752,46540,42797,95638,72274,45653,59341,66065,145087,150560,186132,220271,64970,138884,161704,41649,47901,95307,61319,54144,31138,36752,136238,91986,70659,121245,77227,26000
68104,58263,93321,110624,48914,37061,101779,39136,47372,70164,59814,62849,52308,43152,30375,96396,51878,26979,50369,76007,39366,55698,47584,128016,200171,83568,41576,35526,64734,58185,38635,37093,52010,107513,107083,75832,48620,44877,97718,74354,47733,61421,68145,147167,152640,188212,222351,67050,140964,163784,43729,49981,97387,63399,56224,33218,38832,138318,94066,72739,123325,79307,28080
64515,54674,89732,107035,45325,33472,98190,35547,43783,66575,56225,59260,48719,39563,26786,92807,48289,50369,23390,72418,35777,52109,43995,124427,196582,79979,37987,31937,61145,54596,35046,33504,48421,103924,103494,72243,45031,41288,94129,70765,44144,57832,64556,143578,149051,184623,218762,63461,137375,160195,40140,46392,93798,59810,52635,29629,35243,134729,90477,69150,119736,75718,24491
90153,80312,115370,132673,70963,59110,123828,61185,69421,92213,81863,84898,74357,65201,52424,118445,73927,76007,72418,49028,61415,77747,69633,150065,222220,105617,63625,57575,86783,80234,60684,59142,74059,129562,129132,97881,70669,66926,119767,96403,69782,83470,90194,169216,174689,210261,244400,89099,163013,185833,65778,72030,119436,85448,78273,55267,60881,160367,116115,94788,145374,101356,50129
53512,43671,78729,96032,34322,22469,87187,24544,32780,55572,45222,48257,37716,28560,15783,81804,37286,39366,35777,61415,12387,41106,32992,113424,185579,68976,26984,20934,50142,43593,24043,22501,37418,92921,92491,61240,34028,30285,83126,59762,33141,46829,53553,132575,138048,173620,207759,52458,126372,149192,29137,35389,82795,48807,41632,18626,24240,123726,79474,58147,108733,64715,13488
69844,60003,95061,112364,50654,38801,103519,40876,49112,71904,61554,64589,54048,44892,32115,98136,53618,55698,52109,77747,41106,28719,49324,129756,201911,85308,43316,37266,66474,59925,40375,38833,53750,109253,108823,77572,50360,46617,99458,76094,49473,63161,69885,148907,154380,189952,224091,68790,142704,165524,45469,51721,99127,65139,57964,34958,40572,140058,95806,74479,125065,81047,29820
61730,51889,86947,104250,42540,30687,95405,32762,40998,63790,53440,56475,45934,36778,24001,90022,45504,47584,43995,69633,32992,49324,20605,121642,193797,77194,35202,29152,58360,51811,32261,30719,45636,101139,100709,69458,42246,38503,91344,67980,41359,55047,61771,140793,146266,181838,215977,60676,134590,157410,37355,43607,91013,57025,49850,26844,32458,131944,87692,66365,116951,72933,21706
142162,132321,167379,184682,122972,111119,175837,113194,121430,144222,133872,136907,126366,117210,104433,170454,125936,128016,124427,150065,113424,129756,121642,101037,274229,157626,115634,109584,138792,132243,112693,111151,126068,181571,181141,149890,122678,118935,171776,148412,121791,135479,142203,221225,226698,262270,296409,141108,215022,237842,117787,124039,171445,137457,130282,107276,112890,212376,168124,146797,197383,153365,102138
214317,204476,239534,256837,195127,183274,247992,185349,193585,216377,206027,209062,198521,189365,176588,242609,198091,200171,196582,222220,185579,201911,193797,274229,173192,229781,187789,181739,210947,204398,184848,183306,198223,253726,253296,222045,194833,191090,243931,220567,193946,207634,214358,293380,298853,334425,368564,213263,287177,309997,189942,196194,243600,209612,202437,179431,185045,284531,240279,218952,269538,225520,174293
97714,87873,122931,140234,78524,66671,131389,68746,76982,99774,89424,92459,81918,72762,59985,126006,81488,83568,79979,105617,68976,85308,77194,157626,229781,56589,71186,65136,94344,87795,68245,66703,81620,137123,136693,105442,78230,74487,127328,103964,77343,91031,97755,176777,182250,217822,251961,96660,170574,193394,73339,79591,126997,93009,85834,62828,68442,167928,123676,102349,152935,108917,57690
55722,45881,80939,98242,36532,24679,89397,26754,34990,57782,47432,50467,39926,30770,17993,84014,39496,41576,37987,63625,26984,43316,35202,115634,187789,71186,14597,23144,52352,45803,26253,24711,39628,95131,94701,63450,36238,32495,85336,61972,35351,49039,55763,134785,140258,175830,209969,54668,128582,151402,31347,37599,85005,51017,43842,20836,26450,125936,81684,60357,110943,66925,15698
49672,39831,74889,92192,30482,18629,83347,20704,28940,51732,41382,44417,33876,24720,11943,77964,33446,35526,31937,57575,20934,37266,29152,109584,181739,65136,23144,8547,46302,39753,20203,18661,33578,89081,88651,57400,30188,26445,79286,55922,29301,42989,49713,128735,134208,169780,203919,48618,122532,145352,25297,31549,78955,44967,37792,14786,20400,119886,75634,54307,104893,60875,9648
78880,69039,104097,121400,59690,47837,112555,49912,58148,80940,70590,73625,63084,53928,41151,107172,62654,64734,61145,86783,50142,66474,58360,138792,210947,94344,52352,46302,37755,68961,49411,47869,62786,118289,117859,86608,59396,55653,108494,85130,58509,72197,78921,157943,163416,198988,233127,77826,151740,174560,54505,60757,108163,74175,67000,43994,49608,149094,104842,83515,134101,90083,38856
72331,62490,97548,114851,53141,41288,106006,43363,51599,74391,64041,67076,56535,47379,34602,100623,56105,58185,54596,80234,43593,59925,51811,132243,204398,87795,45803,39753,68961,31206,42862,41320,56237,111740,111310,80059,52847,49104,101945,78581,51960,65648,72372,151394,156867,192439,226578,71277,145191,168011,47956,54208,101614,67626,60451,37445,43059,142545,98293,76966,127552,83534,32307
52781,42940,77998,95301,33591,21738,86456,23813,32049,54841,44491,47526,36985,27829,15052,81073,36555,38635,35046,60684,24043,40375,32261,112693,184848,68245,26253,20203,49411,42862,11656,21770,36687,92190,91760,60509,33297,29554,82395,59031,32410,46098,52822,131844,137317,172889,207028,51727,125641,148461,28406,34658,82064,48076,40901,17895,23509,122995,78743,57416,108002,63984,12757
51239,41398,76456,93759,32049,20196,84914,22271,30507,53299,42949,45984,35443,26287,13510,79531,35013,37093,33504,59142,22501,38833,30719,111151,183306,66703,24711,18661,47869,41320,21770,10114,35145,90648,90218,58967,31755,28012,80853,57489,30868,44556,51280,130302,135775,171347,205486,50185,124099,146919,26864,33116,80522,46534,39359,16353,21967,121453,77201,55874,106460,62442,11215
66156,56315,91373,108676,46966,35113,99831,37188,45424,68216,57866,60901,50360,41204,28427,94448,49930,52010,48421,74059,37418,53750,45636,126068,198223,81620,39628,33578,62786,56237,36687,35145,25031,105565,105135,73884,46672,42929,95770,72406,45785,59473,66197,145219,150692,186264,220403,65102,139016,161836,41781,48033,95439,61451,54276,31270,36884,136370,92118,70791,121377,77359,26132
121659,111818,146876,164179,102469,90616,155334,92691,100927,123719,113369,116404,105863,96707,83930,149951,105433,107513,103924,129562,92921,109253,101139,181571,253726,137123,95131,89081,118289,111740,92190,90648,105565,80534,160638,129387,102175,98432,151273,127909,101288,114976,121700,200722,206195,241767,275906,120605,194519,217339,97284,103536,150942,116954,109779,86773,92387,191873,147621,126294,176880,132862,81635
121229,111388,146446,163749,102039,90186,154904,92261,100497,123289,112939,115974,105433,96277,83500,149521,105003,107083,103494,129132,92491,108823,100709,181141,253296,136693,94701,88651,117859,111310,91760,90218,105135,160638,80104,128957,101745,98002,150843,127479,100858,114546,121270,200292,205765,241337,275476,120175,194089,216909,96854,103106,150512,116524,109349,86343,91957,191443,147191,125864,176450,132432,81205
89978,80137,115195,132498,70788,58935,123653,61010,69246,92038,81688,84723,74182,65026,52249,118270,73752,75832,72243,97881,61240,77572,69458,149890,222045,105442,63450,57400,86608,80059,60509,58967,73884,129387,128957,48853,70494,66751,119592,96228,69607,83295,90019,169041,174514,210086,244225,88924,162838,185658,65603,71855,119261,85273,78098,55092,60706,160192,115940,94613,145199,101181,49954
62766,52925,87983,105286,43576,31723,96441,33798,42034,64826,54476,57511,46970,37814,25037,91058,46540,48620,45031,70669,34028,50360,42246,122678,194833,78230,36238,30188,59396,52847,33297,31755,46672,102175,101745,70494,21641,39539,92380,69016,42395,56083,62807,141829,147302,182874,217013,61712,135626,158446,38391,44643,92049,58061,50886,27880,33494,132980,88728,67401,117987,73969,22742
59023,49182,84240,101543,39833,27980,92698,30055,38291,61083,50733,53768,43227,34071,21294,87315,42797,44877,41288,66926,30285,46617,38503,118935,191090,74487,32495,26445,55653,49104,29554,28012,42929,98432,98002,66751,39539,17898,88637,65273,38652,52340,59064,138086,143559,179131,213270,57969,131883,154703,34648,40900,88306,54318,47143,24137,29751,129237,84985,63658,114244,70226,18999
111864,102023,137081,154384,92674,80821,145539,82896,91132,113924,103574,106609,96068,86912,74135,140156,95638,97718,94129,119767,83126,99458,91344,171776,243931,127328,85336,79286,108494,101945,82395,80853,95770,151273,150843,119592,92380,88637,70739,118114,91493,105181,111905,190927,196400,231972,266111,110810,184724,207544,87489,93741,141147,107159,99984,76978,82592,182078,137826,116499,167085,123067,71840
88500,78659,113717,131020,69310,57457,122175,59532,67768,90560,80210,83245,72704,63548,50771,116792,72274,74354,70765,96403,59762,76094,67980,148412,220567,103964,61972,55922,85130,78581,59031,57489,72406,127909,127479,96228,69016,65273,118114,47375,68129,81817,88541,167563,173036,208608,242747,87446,161360,184180,64125,70377,117783,83795,76620,53614,59228,158714,114462,93135,143721,99703,48476
61879,52038,87096,104399,42689,30836,95554,32911,41147,63939,53589,56624,46083,36927,24150,90171,45653,47733,44144,69782,33141,49473,41359,121791,193946,77343,35351,29301,58509,51960,32410,30868,45785,101288,100858,69607,42395,38652,91493,68129,20754,55196,61920,140942,146415,181987,216126,60825,134739,157559,37504,43756,91162,57174,49999,26993,32607,132093,87841,66514,117100,73082,21855
75567,65726,100784,118087,56377,44524,109242,46599,54835,77627,67277,70312,59771,50615,37838,103859,59341,61421,57832,83470,46829,63161,55047,135479,207634,91031,49039,42989,72197,65648,46098,44556,59473,114976,114546,83295,56083,52340,105181,81817,55196,34442,75608,154630,160103,195675,229814,74513,148427,171247,51192,57444,104850,70862,63687,40681,46295,145781,101529,80202,130788,86770,35543
82291,72450,107508,124811,63101,51248,115966,53323,61559,84351,74001,77036,66495,57339,44562,110583,66065,68145,64556,90194,53553,69885,61771,142203,214358,97755,55763,49713,78921,72372,52822,51280,66197,121700,121270,90019,62807,59064,111905,88541,61920,75608,41166,161354,166827,202399,236538,81237,155151,177971,57916,64168,111574,77586,70411,47405,53019,152505,108253,86926,137512,93494,42267
161313,151472,186530,203833,142123,130270,194988,132345,140581,163373,153023,156058,145517,136361,123584,189605,145087,147167,143578,169216,132575,148907,140793,221225,293380,176777,134785,128735,157943,151394,131844,130302,145219,200722,200292,169041,141829,138086,190927,167563,140942,154630,161354,120188,245849,281421,315560,160259,234173,256993,136938,143190,190596,156608,149433,126427,132041,231527,187275,165948,216534,172516,121289
166786,156945,192003,209306,147596,135743,200461,137818,146054,168846,158496,161531,150990,141834,129057,195078,150560,152640,149051,174689,138048,154380,146266,226698,298853,182250,140258,134208,163416,156867,137317,135775,150692,206195,205765,174514,147302,143559,196400,173036,146415,160103,166827,245849,125661,286894,321033,165732,239646,262466,142411,148663,196069,162081,154906,131900,137514,237000,192748,171421,222007,177989,126762
202358,192517,227575,244878,183168,171315,236033,173390,181626,204418,194068,197103,186562,177406,164629,230650,186132,188212,184623,210261,173620,189952,181838,262270,334425,217822,175830,169780,198988,192439,172889,171347,186264,241767,241337,210086,182874,179131,231972,208608,181987,195675,202399,281421,286894,161233,356605,201304,275218,298038,177983,184235,231641,197653,190478,167472,173086,272572,228320,206993,257579,213561,162334
236497,226656,261714,279017,217307,205454,270172,207529,215765,238557,228207,231242,220701,211545,198768,264789,220271,222351,218762,244400,207759,224091,215977,296409,368564,251961,209969,203919,233127,226578,207028,205486,220403,275906,275476,244225,217013,213270,266111,242747,216126,229814,236538,315560,321033,356605,195372,235443,309357,332177,212122,218374,265780,231792,224617,201611,207225,306711,262459,241132,291718,247700,196473
81196,71355,106413,123716,62006,50153,114871,52228,60464,83256,72906,75941,65400,56244,43467,109488,64970,67050,63461,89099,52458,68790,60676,141108,213263,96660,54668,48618,77826,71277,51727,50185,65102,120605,120175,88924,61712,57969,110810,87446,60825,74513,81237,160259,165732,201304,235443,40071,154056,176876,56821,63073,110479,76491,69316,46310,51924,151410,107158,85831,136417,92399,41172
155110,145269,180327,197630,135920,124067,188785,126142,134378,157170,146820,149855,139314,130158,117381,183402,138884,140964,137375,163013,126372,142704,134590,215022,287177,170574,128582,122532,151740,145191,125641,124099,139016,194519,194089,162838,135626,131883,184724,161360,134739,148427,155151,234173,239646,275218,309357,154056,113985,250790,130735,136987,184393,150405,143230,120224,125838,225324,181072,159745,210331,166313,115086
177930,168089,203147,220450,158740,146887,211605,148962,157198,179990,169640,172675,162134,152978,140201,206222,161704,163784,160195,185833,149192,165524,157410,237842,309997,193394,151402,145352,174560,168011,148461,146919,161836,217339,216909,185658,158446,154703,207544,184180,157559,171247,177971,256993,262466,298038,332177,176876,250790,136805,153555,159807,207213,173225,166050,143044,148658,248144,203892,182565,233151,189133,137906
57875,48034,83092,100395,38685,26832,91550,28907,37143,59935,49585,52620,42079,32923,20146,86167,41649,43729,40140,65778,29137,45469,37355,117787,189942,73339,31347,25297,54505,47956,28406,26864,41781,97284,96854,65603,38391,34648,87489,64125,37504,51192,57916,136938,142411,177983,212122,56821,130735,153555,16750,39752,87158,53170,45995,22989,28603,128089,83837,62510,113096,69078,17851
64127,54286,89344,106647,44937,33084,97802,35159,43395,66187,55837,58872,48331,39175,26398,92419,47901,49981,46392,72030,35389,51721,43607,124039,196194,79591,37599,31549,60757,54208,34658,33116,48033,103536,103106,71855,44643,40900,93741,70377,43756,57444,64168,143190,148663,184235,218374,63073,136987,159807,39752,23002,93410,59422,52247,29241,34855,134341,90089,68762,119348,75330,24103
111533,101692,136750,154053,92343,80490,145208,82565,90801,113593,103243,106278,95737,86581,73804,139825,95307,97387,93798,119436,82795,99127,91013,171445,243600,126997,85005,78955,108163,101614,82064,80522,95439,150942,150512,119261,92049,88306,141147,117783,91162,104850,111574,190596,196069,231641,265780,110479,184393,207213,87158,93410,70408,106828,99653,76647,82261,181747,137495,116168,166754,122736,71509
77545,67704,102762,120065,58355,46502,111220,48577,56813,79605,69255,72290,61749,52593,39816,105837,61319,63399,59810,85448,48807,65139,57025,137457,209612,93009,51017,44967,74175,67626,48076,46534,61451,116954,116524,85273,58061,54318,107159,83795,57174,70862,77586,156608,162081,197653,231792,76491,150405,173225,53170,59422,106828,36420,65665,42659,48273,147759,103507,82180,132766,88748,37521
70370,60529,95587,112890,51180,39327,104045,41402,49638,72430,62080,65115,54574,45418,32641,98662,54144,56224,52635,78273,41632,57964,49850,130282,202437,85834,43842,37792,67000,60451,40901,39359,54276,109779,109349,78098,50886,47143,99984,76620,49999,63687,70411,149433,154906,190478,224617,69316,143230,166050,45995,52247,99653,65665,29245,35484,41098,140584,96332,75005,125591,81573,30346
47364,37523,72581,89884,28174,16321,81039,18396,26632,49424,39074,42109,31568,22412,9635,75656,31138,33218,29629,55267,18626,34958,26844,107276,179431,62828,20836,14786,43994,37445,17895,16353,31270,86773,86343,55092,27880,24137,76978,53614,26993,40681,47405,126427,131900,167472,201611,46310,120224,143044,22989,29241,76647,42659,35484,6239,18092,117578,73326,51999,102585,58567,7340
52978,43137,78195,95498,33788,21935,86653,24010,32246,55038,44688,47723,37182,28026,15249,81270,36752,38832,35243,60881,24240,40572,32458,112890,185045,68442,26450,20400,49608,43059,23509,21967,36884,92387,91957,60706,33494,29751,82592,59228,32607,46295,53019,132041,137514,173086,207225,51924,125838,148658,28603,34855,82261,48273,41098,18092,11853,123192,78940,57613,108199,64181,12954
152464,142623,177681,194984,133274,121421,186139,123496,131732,154524,144174,147209,136668,127512,114735,180756,136238,138318,134729,160367,123726,140058,131944,212376,284531,167928,125936,119886,149094,142545,122995,121453,136370,191873,191443,160192,132980,129237,182078,158714,132093,145781,152505,231527,237000,272572,306711,151410,225324,248144,128089,134341,181747,147759,140584,117578,123192,111339,178426,157099,207685,163667,112440
108212,98371,133429,150732,89022,77169,141887,79244,87480,110272,99922,102957,92416,83260,70483,136504,91986,94066,90477,116115,79474,95806,87692,168124,240279,123676,81684,75634,104842,98293,78743,77201,92118,147621,147191,115940,88728,84985,137826,114462,87841,101529,108253,187275,192748,228320,262459,107158,181072,203892,83837,90089,137495,103507,96332,73326,78940,178426,67087,112847,163433,119415,68188
86885,77044,112102,129405,67695,55842,120560,57917,66153,88945,78595,81630,71089,61933,49156,115177,70659,72739,69150,94788,58147,74479,66365,146797,218952,102349,60357,54307,83515,76966,57416,55874,70791,126294,125864,94613,67401,63658,116499,93135,66514,80202,86926,165948,171421,206993,241132,85831,159745,182565,62510,68762,116168,82180,75005,51999,57613,157099,112847,45760,142106,98088,46861
137471,127630,162688,179991,118281,106428,171146,108503,116739,139531,129181,132216,121675,112519,99742,165763,121245,123325,119736,145374,108733,125065,116951,197383,269538,152935,110943,104893,134101,127552,108002,106460,121377,176880,176450,145199,117987,114244,167085,143721,117100,130788,137512,216534,222007,257579,291718,136417,210331,233151,113096,119348,166754,132766,125591,102585,108199,207685,163433,142106,96346,148674,97447
93453,83612,118670,135973,74263,62410,127128,64485,72721,95513,85163,88198,77657,68501,55724,121745,77227,79307,75718,101356,64715,81047,72933,153365,225520,108917,66925,60875,90083,83534,63984,62442,77359,132862,132432,101181,73969,70226,123067,99703,73082,86770,93494,172516,177989,213561,247700,92399,166313,189133,69078,75330,122736,88748,81573,58567,64181,163667,119415,98088,148674,52328,53429
42226,32385,67443,84746,23036,11183,75901,13258,21494,44286,33936,36971,26430,17274,4497,70518,26000,28080,24491,50129,13488,29820,21706,102138,174293,57690,15698,9648,38856,32307,12757,11215,26132,81635,81205,49954,22742,18999,71840,48476,21855,35543,42267,121289,126762,162334,196473,41172,115086,137906,17851,24103,71509,37521,30346,7340,12954,112440,68188,46861,97447,53429,1101
