352,771,1512,1389,753,587,1520,539,807,797,828,967,560,710,357,1690,792,768,837,1333,659,752,730,2169,2126,531,513,634,921,949,683,563,830,2147,1846,1028,776,566,1458,1394,816,1091,681,2247,1907,2145,1717,951,1826,1973,362,381,381,366,380,353,358,1579,1019,588,1596,1106,352
771,419,1579,1456,820,654,1587,606,874,864,895,1034,627,777,424,1757,859,835,904,1400,726,819,797,2236,2193,598,580,701,988,1016,750,630,897,2214,1913,1095,843,633,1525,1461,883,1158,748,2314,1974,2212,1784,1018,1893,2040,429,448,448,433,447,420,425,1646,1086,655,1663,1173,419
1512,1579,1160,2197,1561,1395,2328,1347,1615,1605,1636,1775,1368,1518,1165,2498,1600,1576,1645,2141,1467,1560,1538,2977,2934,1339,1321,1442,1729,1757,1491,1371,1638,2955,2654,1836,1584,1374,2266,2202,1624,1899,1489,3055,2715,2953,2525,1759,2634,2781,1170,1189,1189,1174,1188,1161,1166,2387,1827,1396,2404,1914,1160
1389,1456,2197,1037,1438,1272,2205,1224,1492,1482,1513,1652,1245,1395,1042,2375,1477,1453,1522,2018,1344,1437,1415,2854,2811,1216,1198,1319,1606,1634,1368,1248,1515,2832,2531,1713,1461,1251,2143,2079,1501,1776,1366,2932,2592,2830,2402,1636,2511,2658,1047,1066,1066,1051,1065,1038,1043,2264,1704,1273,2281,1791,1037
753,820,1561,1438,401,636,1569,588,856,846,877,1016,609,759,406,1739,841,817,886,1382,708,801,779,2218,2175,580,562,683,970,998,732,612,879,2196,1895,1077,825,615,1507,1443,865,1140,730,2296,1956,2194,1766,1000,1875,2022,411,430,430,415,429,402,407,1628,1068,637,1645,1155,401
587,654,1395,1272,636,235,1403,422,690,680,711,850,443,593,240,1573,675,651,720,1216,542,635,613,2052,2009,414,396,517,804,832,566,446,713,2030,1729,911,659,449,1341,1277,699,974,564,2130,1790,2028,1600,834,1709,1856,245,264,264,249,263,236,241,1462,902,471,1479,989,235
1520,1587,2328,2205,1569,1403,1168,1355,1623,1613,1644,1783,1376,1526,1173,2506,1608,1584,1653,2149,1475,1568,1546,2985,2942,1347,1329,1450,1737,1765,1499,1379,1646,2963,2662,1844,1592,1382,2274,2210,1632,1907,1497,3063,2723,2961,2533,1767,2642,2789,1178,1197,1197,1182,1196,1169,1174,2395,1835,1404,2412,1922,1168
539,606,1347,1224,588,422,1355,187,642,632,663,802,395,545,192,1525,627,603,672,1168,494,587,565,2004,1961,366,348,469,756,784,518,398,665,1982,1681,863,611,401,1293,1229,651,926,516,2082,1742,1980,1552,786,1661,1808,197,216,216,201,215,188,193,1414,854,423,1431,941,187
807,874,1615,1492,856,690,1623,642,455,900,931,1070,663,813,460,1793,895,871,940,1436,762,855,833,2272,2229,634,616,737,1024,1052,786,666,933,2250,1949,1131,879,669,1561,1497,919,1194,784,2350,2010,2248,1820,1054,1929,2076,465,484,484,469,483,456,461,1682,1122,691,1699,1209,455
797,864,1605,1482,846,680,1613,632,900,445,921,1060,653,803,450,1783,885,861,930,1426,752,845,823,2262,2219,624,606,727,1014,1042,776,656,923,2240,1939,1121,869,659,1551,1487,909,1184,774,2340,2000,2238,1810,1044,1919,2066,455,474,474,459,473,446,451,1672,1112,681,1689,1199,445
828,895,1636,1513,877,711,1644,663,931,921,476,1091,684,834,481,1814,916,892,961,1457,783,876,854,2293,2250,655,637,758,1045,1073,807,687,954,2271,1970,1152,900,690,1582,1518,940,1215,805,2371,2031,2269,1841,1075,1950,2097,486,505,505,490,504,477,482,1703,1143,712,1720,1230,476
967,1034,1775,1652,1016,850,1783,802,1070,1060,1091,615,823,973,620,1953,1055,1031,1100,1596,922,1015,993,2432,2389,794,776,897,1184,1212,946,826,1093,2410,2109,1291,1039,829,1721,1657,1079,1354,944,2510,2170,2408,1980,1214,2089,2236,625,644,644,629,643,616,621,1842,1282,851,1859,1369,615
560,627,1368,1245,609,443,1376,395,663,653,684,823,208,566,213,1546,648,624,693,1189,515,608,586,2025,1982,387,369,490,777,805,539,419,686,2003,1702,884,632,422,1314,1250,672,947,537,2103,1763,2001,1573,807,1682,1829,218,237,237,222,236,209,214,1435,875,444,1452,962,208
710,777,1518,1395,759,593,1526,545,813,803,834,973,566,358,363,1696,798,774,843,1339,665,758,736,2175,2132,537,519,640,927,955,689,569,836,2153,1852,1034,782,572,1464,1400,822,1097,687,2253,1913,2151,1723,957,1832,1979,368,387,387,372,386,359,364,1585,1025,594,1602,1112,358
357,424,1165,1042,406,240,1173,192,460,450,481,620,213,363,5,1343,445,421,490,986,312,405,383,1822,1779,184,166,287,574,602,336,216,483,1800,1499,681,429,219,1111,1047,469,744,334,1900,1560,1798,1370,604,1479,1626,15,34,34,19,33,6,11,1232,672,241,1249,759,5
1690,1757,2498,2375,1739,1573,2506,1525,1793,1783,1814,1953,1546,1696,1343,1338,1778,1754,1823,2319,1645,1738,1716,3155,3112,1517,1499,1620,1907,1935,1669,1549,1816,3133,2832,2014,1762,1552,2444,2380,1802,2077,1667,3233,2893,3131,2703,1937,2812,2959,1348,1367,1367,1352,1366,1339,1344,2565,2005,1574,2582,2092,1338
792,859,1600,1477,841,675,1608,627,895,885,916,1055,648,798,445,1778,440,856,925,1421,747,840,818,2257,2214,619,601,722,1009,1037,771,651,918,2235,1934,1116,864,654,1546,1482,904,1179,769,2335,1995,2233,1805,1039,1914,2061,450,469,469,454,468,441,446,1667,1107,676,1684,1194,440
768,835,1576,1453,817,651,1584,603,871,861,892,1031,624,774,421,1754,856,416,901,1397,723,816,794,2233,2190,595,577,698,985,1013,747,627,894,2211,1910,1092,840,630,1522,1458,880,1155,745,2311,1971,2209,1781,1015,1890,2037,426,445,445,430,444,417,422,1643,1083,652,1660,1170,416
837,904,1645,1522,886,720,1653,672,940,930,961,1100,693,843,490,1823,925,901,485,1466,792,885,863,2302,2259,664,646,767,1054,1082,816,696,963,2280,1979,1161,909,699,1591,1527,949,1224,814,2380,2040,2278,1850,1084,1959,2106,495,514,514,499,513,486,491,1712,1152,721,1729,1239,485
1333,1400,2141,2018,1382,1216,2149,1168,1436,1426,1457,1596,1189,1339,986,2319,1421,1397,1466,981,1288,1381,1359,2798,2755,1160,1142,1263,1550,1578,1312,1192,1459,2776,2475,1657,1405,1195,2087,2023,1445,1720,1310,2876,2536,2774,2346,1580,2455,2602,991,1010,1010,995,1009,982,987,2208,1648,1217,2225,1735,981
659,726,1467,1344,708,542,1475,494,762,752,783,922,515,665,312,1645,747,723,792,1288,307,707,685,2124,2081,486,468,589,876,904,638,518,785,2102,1801,983,731,521,1413,1349,771,1046,636,2202,1862,2100,1672,906,1781,1928,317,336,336,321,335,308,313,1534,974,543,1551,1061,307
752,819,1560,1437,801,635,1568,587,855,845,876,1015,608,758,405,1738,840,816,885,1381,707,400,778,2217,2174,579,561,682,969,997,731,611,878,2195,1894,1076,824,614,1506,1442,864,1139,729,2295,1955,2193,1765,999,1874,2021,410,429,429,414,428,401,406,1627,1067,636,1644,1154,400
730,797,1538,1415,779,613,1546,565,833,823,854,993,586,736,383,1716,818,794,863,1359,685,778,378,2195,2152,557,539,660,947,975,709,589,856,2173,1872,1054,802,592,1484,1420,842,1117,707,2273,1933,2171,1743,977,1852,1999,388,407,407,392,406,379,384,1605,1045,614,1622,1132,378
2169,2236,2977,2854,2218,2052,2985,2004,2272,2262,2293,2432,2025,2175,1822,3155,2257,2233,2302,2798,2124,2217,2195,1817,3591,1996,1978,2099,2386,2414,2148,2028,2295,3612,3311,2493,2241,2031,2923,2859,2281,2556,2146,3712,3372,3610,3182,2416,3291,3438,1827,1846,1846,1831,1845,1818,1823,3044,2484,2053,3061,2571,1817
2126,2193,2934,2811,2175,2009,2942,1961,2229,2219,2250,2389,1982,2132,1779,3112,2214,2190,2259,2755,2081,2174,2152,3591,1774,1953,1935,2056,2343,2371,2105,1985,2252,3569,3268,2450,2198,1988,2880,2816,2238,2513,2103,3669,3329,3567,3139,2373,3248,3395,1784,1803,1803,1788,1802,1775,1780,3001,2441,2010,3018,2528,1774
531,598,1339,1216,580,414,1347,366,634,624,655,794,387,537,184,1517,619,595,664,1160,486,579,557,1996,1953,179,340,461,748,776,510,390,657,1974,1673,855,603,393,1285,1221,643,918,508,2074,1734,1972,1544,778,1653,1800,189,208,208,193,207,180,185,1406,846,415,1423,933,179
513,580,1321,1198,562,396,1329,348,616,606,637,776,369,519,166,1499,601,577,646,1142,468,561,539,1978,1935,340,161,443,730,758,492,372,639,1956,1655,837,585,375,1267,1203,625,900,490,2056,1716,1954,1526,760,1635,1782,171,190,190,175,189,162,167,1388,828,397,1405,915,161
634,701,1442,1319,683,517,1450,469,737,727,758,897,490,640,287,1620,722,698,767,1263,589,682,660,2099,2056,461,443,282,851,879,613,493,760,2077,1776,958,706,496,1388,1324,746,1021,611,2177,1837,2075,1647,881,1756,1903,292,311,311,296,310,283,288,1509,949,518,1526,1036,282
921,988,1729,1606,970,804,1737,756,1024,1014,1045,1184,777,927,574,1907,1009,985,1054,1550,876,969,947,2386,2343,748,730,851,569,1166,900,780,1047,2364,2063,1245,993,783,1675,1611,1033,1308,898,2464,2124,2362,1934,1168,2043,2190,579,598,598,583,597,570,575,1796,1236,805,1813,1323,569
949,1016,1757,1634,998,832,1765,784,1052,1042,1073,1212,805,955,602,1935,1037,1013,1082,1578,904,997,975,2414,2371,776,758,879,1166,597,928,808,1075,2392,2091,1273,1021,811,1703,1639,1061,1336,926,2492,2152,2390,1962,1196,2071,2218,607,626,626,611,625,598,603,1824,1264,833,1841,1351,597
683,750,1491,1368,732,566,1499,518,786,776,807,946,539,689,336,1669,771,747,816,1312,638,731,709,2148,2105,510,492,613,900,928,331,542,809,2126,1825,1007,755,545,1437,1373,795,1070,660,2226,1886,2124,1696,930,1805,1952,341,360,360,345,359,332,337,1558,998,567,1575,1085,331
563,630,1371,1248,612,446,1379,398,666,656,687,826,419,569,216,1549,651,627,696,1192,518,611,589,2028,1985,390,372,493,780,808,542,211,689,2006,1705,887,635,425,1317,1253,675,950,540,2106,1766,2004,1576,810,1685,1832,221,240,240,225,239,212,217,1438,878,447,1455,965,211
830,897,1638,1515,879,713,1646,665,933,923,954,1093,686,836,483,1816,918,894,963,1459,785,878,856,2295,2252,657,639,760,1047,1075,809,689,478,2273,1972,1154,902,692,1584,1520,942,1217,807,2373,2033,2271,1843,1077,1952,2099,488,507,507,492,506,479,484,1705,1145,714,1722,1232,478
2147,2214,2955,2832,2196,2030,2963,1982,2250,2240,2271,2410,2003,2153,1800,3133,2235,2211,2280,2776,2102,2195,2173,3612,3569,1974,1956,2077,2364,2392,2126,2006,2273,1795,3289,2471,2219,2009,2901,2837,2259,2534,2124,3690,3350,3588,3160,2394,3269,3416,1805,1824,1824,1809,1823,1796,1801,3022,2462,2031,3039,2549,1795
1846,1913,2654,2531,1895,1729,2662,1681,1949,1939,1970,2109,1702,1852,1499,2832,1934,1910,1979,2475,1801,1894,1872,3311,3268,1673,1655,1776,2063,2091,1825,1705,1972,3289,1494,2170,1918,1708,2600,2536,1958,2233,1823,3389,3049,3287,2859,2093,2968,3115,1504,1523,1523,1508,1522,1495,1500,2721,2161,1730,2738,2248,1494
1028,1095,1836,1713,1077,911,1844,863,1131,1121,1152,1291,884,1034,681,2014,1116,1092,1161,1657,983,1076,1054,2493,2450,855,837,958,1245,1273,1007,887,1154,2471,2170,676,1100,890,1782,1718,1140,1415,1005,2571,2231,2469,2041,1275,2150,2297,686,705,705,690,704,677,682,1903,1343,912,1920,1430,676
776,843,1584,1461,825,659,1592,611,879,869,900,1039,632,782,429,1762,864,840,909,1405,731,824,802,2241,2198,603,585,706,993,1021,755,635,902,2219,1918,1100,424,638,1530,1466,888,1163,753,2319,1979,2217,1789,1023,1898,2045,434,453,453,438,452,425,430,1651,1091,660,1668,1178,424
566,633,1374,1251,615,449,1382,401,669,659,690,829,422,572,219,1552,654,630,699,1195,521,614,592,2031,1988,393,375,496,783,811,545,425,692,2009,1708,890,638,214,1320,1256,678,953,543,2109,1769,2007,1579,813,1688,1835,224,243,243,228,242,215,220,1441,881,450,1458,968,214
1458,1525,2266,2143,1507,1341,2274,1293,1561,1551,1582,1721,1314,1464,1111,2444,1546,1522,1591,2087,1413,1506,1484,2923,2880,1285,1267,1388,1675,1703,1437,1317,1584,2901,2600,1782,1530,1320,1106,2148,1570,1845,1435,3001,2661,2899,2471,1705,2580,2727,1116,1135,1135,1120,1134,1107,1112,2333,1773,1342,2350,1860,1106
1394,1461,2202,2079,1443,1277,2210,1229,1497,1487,1518,1657,1250,1400,1047,2380,1482,1458,1527,2023,1349,1442,1420,2859,2816,1221,1203,1324,1611,1639,1373,1253,1520,2837,2536,1718,1466,1256,2148,1042,1506,1781,1371,2937,2597,2835,2407,1641,2516,2663,1052,1071,1071,1056,1070,1043,1048,2269,1709,1278,2286,1796,1042
816,883,1624,1501,865,699,1632,651,919,909,940,1079,672,822,469,1802,904,880,949,1445,771,864,842,2281,2238,643,625,746,1033,1061,795,675,942,2259,1958,1140,888,678,1570,1506,464,1203,793,2359,2019,2257,1829,1063,1938,2085,474,493,493,478,492,465,470,1691,1131,700,1708,1218,464
1091,1158,1899,1776,1140,974,1907,926,1194,1184,1215,1354,947,1097,744,2077,1179,1155,1224,1720,1046,1139,1117,2556,2513,918,900,1021,1308,1336,1070,950,1217,2534,2233,1415,1163,953,1845,1781,1203,739,1068,2634,2294,2532,2104,1338,2213,2360,749,768,768,753,767,740,745,1966,1406,975,1983,1493,739
681,748,1489,1366,730,564,1497,516,784,774,805,944,537,687,334,1667,769,745,814,1310,636,729,707,2146,2103,508,490,611,898,926,660,540,807,2124,1823,1005,753,543,1435,1371,793,1068,329,2224,1884,2122,1694,928,1803,1950,339,358,358,343,357,330,335,1556,996,565,1573,1083,329
2247,2314,3055,2932,2296,2130,3063,2082,2350,2340,2371,2510,2103,2253,1900,3233,2335,2311,2380,2876,2202,2295,2273,3712,3669,2074,2056,2177,2464,2492,2226,2106,2373,3690,3389,2571,2319,2109,3001,2937,2359,2634,2224,1895,3450,3688,3260,2494,3369,3516,1905,1924,1924,1909,1923,1896,1901,3122,2562,2131,3139,2649,1895
1907,1974,2715,2592,1956,1790,2723,1742,2010,2000,2031,2170,1763,1913,1560,2893,1995,1971,2040,2536,1862,1955,1933,3372,3329,1734,1716,1837,2124,2152,1886,1766,2033,3350,3049,2231,1979,1769,2661,2597,2019,2294,1884,3450,1555,3348,2920,2154,3029,3176,1565,1584,1584,1569,1583,1556,1561,2782,2222,1791,2799,2309,1555
2145,2212,2953,2830,2194,2028,2961,1980,2248,2238,2269,2408,2001,2151,1798,3131,2233,2209,2278,2774,2100,2193,2171,3610,3567,1972,1954,2075,2362,2390,2124,2004,2271,3588,3287,2469,2217,2007,2899,2835,2257,2532,2122,3688,3348,1793,3158,2392,3267,3414,1803,1822,1822,1807,1821,1794,1799,3020,2460,2029,3037,2547,1793
1717,1784,2525,2402,1766,1600,2533,1552,1820,1810,1841,1980,1573,1723,1370,2703,1805,1781,1850,2346,1672,1765,1743,3182,3139,1544,1526,1647,1934,1962,1696,1576,1843,3160,2859,2041,1789,1579,2471,2407,1829,2104,1694,3260,2920,3158,1365,1964,2839,2986,1375,1394,1394,1379,1393,1366,1371,2592,2032,1601,2609,2119,1365
951,1018,1759,1636,1000,834,1767,786,1054,1044,1075,1214,807,957,604,1937,1039,1015,1084,1580,906,999,977,2416,2373,778,760,881,1168,1196,930,810,1077,2394,2093,1275,1023,813,1705,1641,1063,1338,928,2494,2154,2392,1964,599,2073,2220,609,628,628,613,627,600,605,1826,1266,835,1843,1353,599
1826,1893,2634,2511,1875,1709,2642,1661,1929,1919,1950,2089,1682,1832,1479,2812,1914,1890,1959,2455,1781,1874,1852,3291,3248,1653,1635,1756,2043,2071,1805,1685,1952,3269,2968,2150,1898,1688,2580,2516,1938,2213,1803,3369,3029,3267,2839,2073,1474,3095,1484,1503,1503,1488,1502,1475,1480,2701,2141,1710,2718,2228,1474
1973,2040,2781,2658,2022,1856,2789,1808,2076,2066,2097,2236,1829,1979,1626,2959,2061,2037,2106,2602,1928,2021,1999,3438,3395,1800,1782,1903,2190,2218,1952,1832,2099,3416,3115,2297,2045,1835,2727,2663,2085,2360,1950,3516,3176,3414,2986,2220,3095,1621,1631,1650,1650,1635,1649,1622,1627,2848,2288,1857,2865,2375,1621
362,429,1170,1047,411,245,1178,197,465,455,486,625,218,368,15,1348,450,426,495,991,317,410,388,1827,1784,189,171,292,579,607,341,221,488,1805,1504,686,434,224,1116,1052,474,749,339,1905,1565,1803,1375,609,1484,1631,10,39,39,24,38,11,16,1237,677,246,1254,764,10
381,448,1189,1066,430,264,1197,216,484,474,505,644,237,387,34,1367,469,445,514,1010,336,429,407,1846,1803,208,190,311,598,626,360,240,507,1824,1523,705,453,243,1135,1071,493,768,358,1924,1584,1822,1394,628,1503,1650,39,29,58,43,57,30,35,1256,696,265,1273,783,29
381,448,1189,1066,430,264,1197,216,484,474,505,644,237,387,34,1367,469,445,514,1010,336,429,407,1846,1803,208,190,311,598,626,360,240,507,1824,1523,705,453,243,1135,1071,493,768,358,1924,1584,1822,1394,628,1503,1650,39,58,29,43,57,30,35,1256,696,265,1273,783,29
366,433,1174,1051,415,249,1182,201,469,459,490,629,222,372,19,1352,454,430,499,995,321,414,392,1831,1788,193,175,296,583,611,345,225,492,1809,1508,690,438,228,1120,1056,478,753,343,1909,1569,1807,1379,613,1488,1635,24,43,43,14,42,15,20,1241,681,250,1258,768,14
380,447,1188,1065,429,263,1196,215,483,473,504,643,236,386,33,1366,468,444,513,1009,335,428,406,1845,1802,207,189,310,597,625,359,239,506,1823,1522,704,452,242,1134,1070,492,767,357,1923,1583,1821,1393,627,1502,1649,38,57,57,42,28,29,34,1255,695,264,1272,782,28
353,420,1161,1038,402,236,1169,188,456,446,477,616,209,359,6,1339,441,417,486,982,308,401,379,1818,1775,180,162,283,570,598,332,212,479,1796,1495,677,425,215,1107,1043,465,740,330,1896,1556,1794,1366,600,1475,1622,11,30,30,15,29,1,7,1228,668,237,1245,755,1
358,425,1166,1043,407,241,1174,193,461,451,482,621,214,364,11,1344,446,422,491,987,313,406,384,1823,1780,185,167,288,575,603,337,217,484,1801,1500,682,430,220,1112,1048,470,745,335,1901,1561,1799,1371,605,1480,1627,16,35,35,20,34,7,6,1233,673,242,1250,760,6
1579,1646,2387,2264,1628,1462,2395,1414,1682,1672,1703,1842,1435,1585,1232,2565,1667,1643,1712,2208,1534,1627,1605,3044,3001,1406,1388,1509,1796,1824,1558,1438,1705,3022,2721,1903,1651,1441,2333,2269,1691,1966,1556,3122,2782,3020,2592,1826,2701,2848,1237,1256,1256,1241,1255,1228,1233,1227,1894,1463,2471,1981,1227
1019,1086,1827,1704,1068,902,1835,854,1122,1112,1143,1282,875,1025,672,2005,1107,1083,1152,1648,974,1067,1045,2484,2441,846,828,949,1236,1264,998,878,1145,2462,2161,1343,1091,881,1773,1709,1131,1406,996,2562,2222,2460,2032,1266,2141,2288,677,696,696,681,695,668,673,1894,667,903,1911,1421,667
588,655,1396,1273,637,471,1404,423,691,681,712,851,444,594,241,1574,676,652,721,1217,543,636,614,2053,2010,415,397,518,805,833,567,447,714,2031,1730,912,660,450,1342,1278,700,975,565,2131,1791,2029,1601,835,1710,1857,246,265,265,250,264,237,242,1463,903,236,1480,990,236
1596,1663,2404,2281,1645,1479,2412,1431,1699,1689,1720,1859,1452,1602,1249,2582,1684,1660,1729,2225,1551,1644,1622,3061,3018,1423,1405,1526,1813,1841,1575,1455,1722,3039,2738,1920,1668,1458,2350,2286,1708,1983,1573,3139,2799,3037,2609,1843,2718,2865,1254,1273,1273,1258,1272,1245,1250,2471,1911,1480,1244,1998,1244
1106,1173,1914,1791,1155,989,1922,941,1209,1199,1230,1369,962,1112,759,2092,1194,1170,1239,1735,1061,1154,1132,2571,2528,933,915,1036,1323,1351,1085,965,1232,2549,2248,1430,1178,968,1860,1796,1218,1493,1083,2649,2309,2547,2119,1353,2228,2375,764,783,783,768,782,755,760,1981,1421,990,1998,754,754
352,419,1160,1037,401,235,1168,187,455,445,476,615,208,358,5,1338,440,416,485,981,307,400,378,1817,1774,179,161,282,569,597,331,211,478,1795,1494,676,424,214,1106,1042,464,739,329,1895,1555,1793,1365,599,1474,1621,10,29,29,14,28,1,6,1227,667,236,1244,754,0
