26366,47290,72554,81770,42250,34130,78095,35413,40748,54691,49468,51542,43732,38346,27826,77744,45103,44316,43473,62963,35699,46836,40449,95597,140021,55316,34525,33174,55647,47583,35220,34122,46040,86447,81423,61238,42983,38425,77140,62489,42415,51457,55145,114787,113254,138217,122596,54267,103112,115455,34223,39034,58712,42827,39273,30056,32387,98625,64765,50382,94722,58658,26474
47290,20924,67112,76328,36808,28688,72653,29971,35306,49249,44026,46100,38290,32904,22384,72302,39661,38874,38031,57521,30257,41394,35007,90155,134579,49874,29083,27732,50205,42141,29778,28680,40598,81005,75981,55796,37541,32983,71698,57047,36973,46015,49703,109345,107812,132775,117154,48825,97670,110013,28781,33592,53270,37385,33831,24614,26945,93183,59323,44940,89280,53216,21032
72554,67112,46188,101592,62072,53952,97917,55235,60570,74513,69290,71364,63554,58168,47648,97566,64925,64138,63295,82785,55521,66658,60271,115419,159843,75138,54347,52996,75469,67405,55042,53944,65862,106269,101245,81060,62805,58247,96962,82311,62237,71279,74967,134609,133076,158039,142418,74089,122934,135277,54045,58856,78534,62649,59095,49878,52209,118447,84587,70204,114544,78480,46296
81770,76328,101592,55404,71288,63168,107133,64451,69786,83729,78506,80580,72770,67384,56864,106782,74141,73354,72511,92001,64737,75874,69487,124635,169059,84354,63563,62212,84685,76621,64258,63160,75078,115485,110461,90276,72021,67463,106178,91527,71453,80495,84183,143825,142292,167255,151634,83305,132150,144493,63261,68072,87750,71865,68311,59094,61425,127663,93803,79420,123760,87696,55512
42250,36808,62072,71288,15884,23648,67613,24931,30266,44209,38986,41060,33250,27864,17344,67262,34621,33834,32991,52481,25217,36354,29967,85115,129539,44834,24043,22692,45165,37101,24738,23640,35558,75965,70941,50756,32501,27943,66658,52007,31933,40975,44663,104305,102772,127735,112114,43785,92630,104973,23741,28552,48230,32345,28791,19574,21905,88143,54283,39900,84240,48176,15992
34130,28688,53952,63168,23648,7764,59493,16811,22146,36089,30866,32940,25130,19744,9224,59142,26501,25714,24871,44361,17097,28234,21847,76995,121419,36714,15923,14572,37045,28981,16618,15520,27438,67845,62821,42636,24381,19823,58538,43887,23813,32855,36543,96185,94652,119615,103994,35665,84510,96853,15621,20432,40110,24225,20671,11454,13785,80023,46163,31780,76120,40056,7872
78095,72653,97917,107133,67613,59493,51729,60776,66111,80054,74831,76905,69095,63709,53189,103107,70466,69679,68836,88326,61062,72199,65812,120960,165384,80679,59888,58537,81010,72946,60583,59485,71403,111810,106786,86601,68346,63788,102503,87852,67778,76820,80508,140150,138617,163580,147959,79630,128475,140818,59586,64397,84075,68190,64636,55419,57750,123988,90128,75745,120085,84021,51837
35413,29971,55235,64451,24931,16811,60776,9047,23429,37372,32149,34223,26413,21027,10507,60425,27784,26997,26154,45644,18380,29517,23130,78278,122702,37997,17206,15855,38328,30264,17901,16803,28721,69128,64104,43919,25664,21106,59821,45170,25096,34138,37826,97468,95935,120898,105277,36948,85793,98136,16904,21715,41393,25508,21954,12737,15068,81306,47446,33063,77403,41339,9155
40748,35306,60570,69786,30266,22146,66111,23429,14382,42707,37484,39558,31748,26362,15842,65760,33119,32332,31489,50979,23715,34852,28465,83613,128037,43332,22541,21190,43663,35599,23236,22138,34056,74463,69439,49254,30999,26441,65156,50505,30431,39473,43161,102803,101270,126233,110612,42283,91128,103471,22239,27050,46728,30843,27289,18072,20403,86641,52781,38398,82738,46674,14490
54691,49249,74513,83729,44209,36089,80054,37372,42707,28325,51427,53501,45691,40305,29785,79703,47062,46275,45432,64922,37658,48795,42408,97556,141980,57275,36484,35133,57606,49542,37179,36081,47999,88406,83382,63197,44942,40384,79099,64448,44374,53416,57104,116746,115213,140176,124555,56226,105071,117414,36182,40993,60671,44786,41232,32015,34346,100584,66724,52341,96681,60617,28433
49468,44026,69290,78506,38986,30866,74831,32149,37484,51427,23102,48278,40468,35082,24562,74480,41839,41052,40209,59699,32435,43572,37185,92333,136757,52052,31261,29910,52383,44319,31956,30858,42776,83183,78159,57974,39719,35161,73876,59225,39151,48193,51881,111523,109990,134953,119332,51003,99848,112191,30959,35770,55448,39563,36009,26792,29123,95361,61501,47118,91458,55394,23210
51542,46100,71364,80580,41060,32940,76905,34223,39558,53501,48278,25176,42542,37156,26636,76554,43913,43126,42283,61773,34509,45646,39259,94407,138831,54126,33335,31984,54457,46393,34030,32932,44850,85257,80233,60048,41793,37235,75950,61299,41225,50267,53955,113597,112064,137027,121406,53077,101922,114265,33033,37844,57522,41637,38083,28866,31197,97435,63575,49192,93532,57468,25284
43732,38290,63554,72770,33250,25130,69095,26413,31748,45691,40468,42542,17366,29346,18826,68744,36103,35316,34473,53963,26699,37836,31449,86597,131021,46316,25525,24174,46647,38583,26220,25122,37040,77447,72423,52238,33983,29425,68140,53489,33415,42457,46145,105787,104254,129217,113596,45267,94112,106455,25223,30034,49712,33827,30273,21056,23387,89625,55765,41382,85722,49658,17474
38346,32904,58168,67384,27864,19744,63709,21027,26362,40305,35082,37156,29346,11980,13440,63358,30717,29930,29087,48577,21313,32450,26063,81211,125635,40930,20139,18788,41261,33197,20834,19736,31654,72061,67037,46852,28597,24039,62754,48103,28029,37071,40759,100401,98868,123831,108210,39881,88726,101069,19837,24648,44326,28441,24887,15670,18001,84239,50379,35996,80336,44272,12088
27826,22384,47648,56864,17344,9224,53189,10507,15842,29785,24562,26636,18826,13440,1460,52838,20197,19410,18567,38057,10793,21930,15543,70691,115115,30410,9619,8268,30741,22677,10314,9216,21134,61541,56517,36332,18077,13519,52234,37583,17509,26551,30239,89881,88348,113311,97690,29361,78206,90549,9317,14128,33806,17921,14367,5150,7481,73719,39859,25476,69816,33752,1568
77744,72302,97566,106782,67262,59142,103107,60425,65760,79703,74480,76554,68744,63358,52838,51378,70115,69328,68485,87975,60711,71848,65461,120609,165033,80328,59537,58186,80659,72595,60232,59134,71052,111459,106435,86250,67995,63437,102152,87501,67427,76469,80157,139799,138266,163229,147608,79279,128124,140467,59235,64046,83724,67839,64285,55068,57399,123637,89777,75394,119734,83670,51486
45103,39661,64925,74141,34621,26501,70466,27784,33119,47062,41839,43913,36103,30717,20197,70115,18737,36687,35844,55334,28070,39207,32820,87968,132392,47687,26896,25545,48018,39954,27591,26493,38411,78818,73794,53609,35354,30796,69511,54860,34786,43828,47516,107158,105625,130588,114967,46638,95483,107826,26594,31405,51083,35198,31644,22427,24758,90996,57136,42753,87093,51029,18845
44316,38874,64138,73354,33834,25714,69679,26997,32332,46275,41052,43126,35316,29930,19410,69328,36687,17950,35057,54547,27283,38420,32033,87181,131605,46900,26109,24758,47231,39167,26804,25706,37624,78031,73007,52822,34567,30009,68724,54073,33999,43041,46729,106371,104838,129801,114180,45851,94696,107039,25807,30618,50296,34411,30857,21640,23971,90209,56349,41966,86306,50242,18058
43473,38031,63295,72511,32991,24871,68836,26154,31489,45432,40209,42283,34473,29087,18567,68485,35844,35057,17107,53704,26440,37577,31190,86338,130762,46057,25266,23915,46388,38324,25961,24863,36781,77188,72164,51979,33724,29166,67881,53230,33156,42198,45886,105528,103995,128958,113337,45008,93853,106196,24964,29775,49453,33568,30014,20797,23128,89366,55506,41123,85463,49399,17215
62963,57521,82785,92001,52481,44361,88326,45644,50979,64922,59699,61773,53963,48577,38057,87975,55334,54547,53704,36597,45930,57067,50680,105828,150252,65547,44756,43405,65878,57814,45451,44353,56271,96678,91654,71469,53214,48656,87371,72720,52646,61688,65376,125018,123485,148448,132827,64498,113343,125686,44454,49265,68943,53058,49504,40287,42618,108856,74996,60613,104953,68889,36705
35699,30257,55521,64737,25217,17097,61062,18380,23715,37658,32435,34509,26699,21313,10793,60711,28070,27283,26440,45930,9333,29803,23416,78564,122988,38283,17492,16141,38614,30550,18187,17089,29007,69414,64390,44205,25950,21392,60107,45456,25382,34424,38112,97754,96221,121184,105563,37234,86079,98422,17190,22001,41679,25794,22240,13023,15354,81592,47732,33349,77689,41625,9441
46836,41394,66658,75874,36354,28234,72199,29517,34852,48795,43572,45646,37836,32450,21930,71848,39207,38420,37577,57067,29803,20470,34553,89701,134125,49420,28629,27278,49751,41687,29324,28226,40144,80551,75527,55342,37087,32529,71244,56593,36519,45561,49249,108891,107358,132321,116700,48371,97216,109559,28327,33138,52816,36931,33377,24160,26491,92729,58869,44486,88826,52762,20578
40449,35007,60271,69487,29967,21847,65812,23130,28465,42408,37185,39259,31449,26063,15543,65461,32820,32033,31190,50680,23416,34553,14083,83314,127738,43033,22242,20891,43364,35300,22937,21839,33757,74164,69140,48955,30700,26142,64857,50206,30132,39174,42862,102504,100971,125934,110313,41984,90829,103172,21940,26751,46429,30544,26990,17773,20104,86342,52482,38099,82439,46375,14191
95597,90155,115419,124635,85115,76995,120960,78278,83613,97556,92333,94407,86597,81211,70691,120609,87968,87181,86338,105828,78564,89701,83314,69231,182886,98181,77390,76039,98512,90448,78085,76987,88905,129312,124288,104103,85848,81290,120005,105354,85280,94322,98010,157652,156119,181082,165461,97132,145977,158320,77088,81899,101577,85692,82138,72921,75252,141490,107630,93247,137587,101523,69339
140021,134579,159843,169059,129539,121419,165384,122702,128037,141980,136757,138831,131021,125635,115115,165033,132392,131605,130762,150252,122988,134125,127738,182886,113655,142605,121814,120463,142936,134872,122509,121411,133329,173736,168712,148527,130272,125714,164429,149778,129704,138746,142434,202076,200543,225506,209885,141556,190401,202744,121512,126323,146001,130116,126562,117345,119676,185914,152054,137671,182011,145947,113763
55316,49874,75138,84354,44834,36714,80679,37997,43332,57275,52052,54126,46316,40930,30410,80328,47687,46900,46057,65547,38283,49420,43033,98181,142605,28950,37109,35758,58231,50167,37804,36706,48624,89031,84007,63822,45567,41009,79724,65073,44999,54041,57729,117371,115838,140801,125180,56851,105696,118039,36807,41618,61296,45411,41857,32640,34971,101209,67349,52966,97306,61242,29058
34525,29083,54347,63563,24043,15923,59888,17206,22541,36484,31261,33335,25525,20139,9619,59537,26896,26109,25266,44756,17492,28629,22242,77390,121814,37109,8159,14967,37440,29376,17013,15915,27833,68240,63216,43031,24776,20218,58933,44282,24208,33250,36938,96580,95047,120010,104389,36060,84905,97248,16016,20827,40505,24620,21066,11849,14180,80418,46558,32175,76515,40451,8267
33174,27732,52996,62212,22692,14572,58537,15855,21190,35133,29910,31984,24174,18788,8268,58186,25545,24758,23915,43405,16141,27278,20891,76039,120463,35758,14967,6808,36089,28025,15662,14564,26482,66889,61865,41680,23425,18867,57582,42931,22857,31899,35587,95229,93696,118659,103038,34709,83554,95897,14665,19476,39154,23269,19715,10498,12829,79067,45207,30824,75164,39100,6916
55647,50205,75469,84685,45165,37045,81010,38328,43663,57606,52383,54457,46647,41261,30741,80659,48018,47231,46388,65878,38614,49751,43364,98512,142936,58231,37440,36089,29281,50498,38135,37037,48955,89362,84338,64153,45898,41340,80055,65404,45330,54372,58060,117702,116169,141132,125511,57182,106027,118370,37138,41949,61627,45742,42188,32971,35302,101540,67680,53297,97637,61573,29389
47583,42141,67405,76621,37101,28981,72946,30264,35599,49542,44319,46393,38583,33197,22677,72595,39954,39167,38324,57814,30550,41687,35300,90448,134872,50167,29376,28025,50498,21217,30071,28973,40891,81298,76274,56089,37834,33276,71991,57340,37266,46308,49996,109638,108105,133068,117447,49118,97963,110306,29074,33885,53563,37678,34124,24907,27238,93476,59616,45233,89573,53509,21325
35220,29778,55042,64258,24738,16618,60583,17901,23236,37179,31956,34030,26220,20834,10314,60232,27591,26804,25961,45451,18187,29324,22937,78085,122509,37804,17013,15662,38135,30071,8854,16610,28528,68935,63911,43726,25471,20913,59628,44977,24903,33945,37633,97275,95742,120705,105084,36755,85600,97943,16711,21522,41200,25315,21761,12544,14875,81113,47253,32870,77210,41146,8962
34122,28680,53944,63160,23640,15520,59485,16803,22138,36081,30858,32932,25122,19736,9216,59134,26493,25706,24863,44353,17089,28226,21839,76987,121411,36706,15915,14564,37037,28973,16610,7756,27430,67837,62813,42628,24373,19815,58530,43879,23805,32847,36535,96177,94644,119607,103986,35657,84502,96845,15613,20424,40102,24217,20663,11446,13777,80015,46155,31772,76112,40048,7864
46040,40598,65862,75078,35558,27438,71403,28721,34056,47999,42776,44850,37040,31654,21134,71052,38411,37624,36781,56271,29007,40144,33757,88905,133329,48624,27833,26482,48955,40891,28528,27430,19674,79755,74731,54546,36291,31733,70448,55797,35723,44765,48453,108095,106562,131525,115904,47575,96420,108763,27531,32342,52020,36135,32581,23364,25695,91933,58073,43690,88030,51966,19782
86447,81005,106269,115485,75965,67845,111810,69128,74463,88406,83183,85257,77447,72061,61541,111459,78818,78031,77188,96678,69414,80551,74164,129312,173736,89031,68240,66889,89362,81298,68935,67837,79755,60081,115138,94953,76698,72140,110855,96204,76130,85172,88860,148502,146969,171932,156311,87982,136827,149170,67938,72749,92427,76542,72988,63771,66102,132340,98480,84097,128437,92373,60189
81423,75981,101245,110461,70941,62821,106786,64104,69439,83382,78159,80233,72423,67037,56517,106435,73794,73007,72164,91654,64390,75527,69140,124288,168712,84007,63216,61865,84338,76274,63911,62813,74731,115138,55057,89929,71674,67116,105831,91180,71106,80148,83836,143478,141945,166908,151287,82958,131803,144146,62914,67725,87403,71518,67964,58747,61078,127316,93456,79073,123413,87349,55165
61238,55796,81060,90276,50756,42636,86601,43919,49254,63197,57974,60048,52238,46852,36332,86250,53609,52822,51979,71469,44205,55342,48955,104103,148527,63822,43031,41680,64153,56089,43726,42628,54546,94953,89929,34872,51489,46931,85646,70995,50921,59963,63651,123293,121760,146723,131102,62773,111618,123961,42729,47540,67218,51333,47779,38562,40893,107131,73271,58888,103228,67164,34980
42983,37541,62805,72021,32501,24381,68346,25664,30999,44942,39719,41793,33983,28597,18077,67995,35354,34567,33724,53214,25950,37087,30700,85848,130272,45567,24776,23425,45898,37834,25471,24373,36291,76698,71674,51489,16617,28676,67391,52740,32666,41708,45396,105038,103505,128468,112847,44518,93363,105706,24474,29285,48963,33078,29524,20307,22638,88876,55016,40633,84973,48909,16725
38425,32983,58247,67463,27943,19823,63788,21106,26441,40384,35161,37235,29425,24039,13519,63437,30796,30009,29166,48656,21392,32529,26142,81290,125714,41009,20218,18867,41340,33276,20913,19815,31733,72140,67116,46931,28676,12059,62833,48182,28108,37150,40838,100480,98947,123910,108289,39960,88805,101148,19916,24727,44405,28520,24966,15749,18080,84318,50458,36075,80415,44351,12167
77140,71698,96962,106178,66658,58538,102503,59821,65156,79099,73876,75950,68140,62754,52234,102152,69511,68724,67881,87371,60107,71244,64857,120005,164429,79724,58933,57582,80055,71991,59628,58530,70448,110855,105831,85646,67391,62833,50774,86897,66823,75865,79553,139195,137662,162625,147004,78675,127520,139863,58631,63442,83120,67235,63681,54464,56795,123033,89173,74790,119130,83066,50882
62489,57047,82311,91527,52007,43887,87852,45170,50505,64448,59225,61299,53489,48103,37583,87501,54860,54073,53230,72720,45456,56593,50206,105354,149778,65073,44282,42931,65404,57340,44977,43879,55797,96204,91180,70995,52740,48182,86897,36123,52172,61214,64902,124544,123011,147974,132353,64024,112869,125212,43980,48791,68469,52584,49030,39813,42144,108382,74522,60139,104479,68415,36231
42415,36973,62237,71453,31933,23813,67778,25096,30431,44374,39151,41225,33415,28029,17509,67427,34786,33999,33156,52646,25382,36519,30132,85280,129704,44999,24208,22857,45330,37266,24903,23805,35723,76130,71106,50921,32666,28108,66823,52172,16049,41140,44828,104470,102937,127900,112279,43950,92795,105138,23906,28717,48395,32510,28956,19739,22070,88308,54448,40065,84405,48341,16157
51457,46015,71279,80495,40975,32855,76820,34138,39473,53416,48193,50267,42457,37071,26551,76469,43828,43041,42198,61688,34424,45561,39174,94322,138746,54041,33250,31899,54372,46308,33945,32847,44765,85172,80148,59963,41708,37150,75865,61214,41140,25091,53870,113512,111979,136942,121321,52992,101837,114180,32948,37759,57437,41552,37998,28781,31112,97350,63490,49107,93447,57383,25199
55145,49703,74967,84183,44663,36543,80508,37826,43161,57104,51881,53955,46145,40759,30239,80157,47516,46729,45886,65376,38112,49249,42862,98010,142434,57729,36938,35587,58060,49996,37633,36535,48453,88860,83836,63651,45396,40838,79553,64902,44828,53870,28779,117200,115667,140630,125009,56680,105525,117868,36636,41447,61125,45240,41686,32469,34800,101038,67178,52795,97135,61071,28887
114787,109345,134609,143825,104305,96185,140150,97468,102803,116746,111523,113597,105787,100401,89881,139799,107158,106371,105528,125018,97754,108891,102504,157652,202076,117371,96580,95229,117702,109638,97275,96177,108095,148502,143478,123293,105038,100480,139195,124544,104470,113512,117200,88421,175309,200272,184651,116322,165167,177510,96278,101089,120767,104882,101328,92111,94442,160680,126820,112437,156777,120713,88529
113254,107812,133076,142292,102772,94652,138617,95935,101270,115213,109990,112064,104254,98868,88348,138266,105625,104838,103995,123485,96221,107358,100971,156119,200543,115838,95047,93696,116169,108105,95742,94644,106562,146969,141945,121760,103505,98947,137662,123011,102937,111979,115667,175309,86888,198739,183118,114789,163634,175977,94745,99556,119234,103349,99795,90578,92909,159147,125287,110904,155244,119180,86996
138217,132775,158039,167255,127735,119615,163580,120898,126233,140176,134953,137027,129217,123831,113311,163229,130588,129801,128958,148448,121184,132321,125934,181082,225506,140801,120010,118659,141132,133068,120705,119607,131525,171932,166908,146723,128468,123910,162625,147974,127900,136942,140630,200272,198739,111851,208081,139752,188597,200940,119708,124519,144197,128312,124758,115541,117872,184110,150250,135867,180207,144143,111959
122596,117154,142418,151634,112114,103994,147959,105277,110612,124555,119332,121406,113596,108210,97690,147608,114967,114180,113337,132827,105563,116700,110313,165461,209885,125180,104389,103038,125511,117447,105084,103986,115904,156311,151287,131102,112847,108289,147004,132353,112279,121321,125009,184651,183118,208081,96230,124131,172976,185319,104087,108898,128576,112691,109137,99920,102251,168489,134629,120246,164586,128522,96338
54267,48825,74089,83305,43785,35665,79630,36948,42283,56226,51003,53077,45267,39881,29361,79279,46638,45851,45008,64498,37234,48371,41984,97132,141556,56851,36060,34709,57182,49118,36755,35657,47575,87982,82958,62773,44518,39960,78675,64024,43950,52992,56680,116322,114789,139752,124131,27901,104647,116990,35758,40569,60247,44362,40808,31591,33922,100160,66300,51917,96257,60193,28009
103112,97670,122934,132150,92630,84510,128475,85793,91128,105071,99848,101922,94112,88726,78206,128124,95483,94696,93853,113343,86079,97216,90829,145977,190401,105696,84905,83554,106027,97963,85600,84502,96420,136827,131803,111618,93363,88805,127520,112869,92795,101837,105525,165167,163634,188597,172976,104647,76746,165835,84603,89414,109092,93207,89653,80436,82767,149005,115145,100762,145102,109038,76854
115455,110013,135277,144493,104973,96853,140818,98136,103471,117414,112191,114265,106455,101069,90549,140467,107826,107039,106196,125686,98422,109559,103172,158320,202744,118039,97248,95897,118370,110306,97943,96845,108763,149170,144146,123961,105706,101148,139863,125212,105138,114180,117868,177510,175977,200940,185319,116990,165835,89089,96946,101757,121435,105550,101996,92779,95110,161348,127488,113105,157445,121381,89197
34223,28781,54045,63261,23741,15621,59586,16904,22239,36182,30959,33033,25223,19837,9317,59235,26594,25807,24964,44454,17190,28327,21940,77088,121512,36807,16016,14665,37138,29074,16711,15613,27531,67938,62914,42729,24474,19916,58631,43980,23906,32948,36636,96278,94745,119708,104087,35758,84603,96946,7857,20525,40203,24318,20764,11547,13878,80116,46256,31873,76213,40149,7965
39034,33592,58856,68072,28552,20432,64397,21715,27050,40993,35770,37844,30034,24648,14128,64046,31405,30618,29775,49265,22001,33138,26751,81899,126323,41618,20827,19476,41949,33885,21522,20424,32342,72749,67725,47540,29285,24727,63442,48791,28717,37759,41447,101089,99556,124519,108898,40569,89414,101757,20525,12668,45014,29129,25575,16358,18689,84927,51067,36684,81024,44960,12776
58712,53270,78534,87750,48230,40110,84075,41393,46728,60671,55448,57522,49712,44326,33806,83724,51083,50296,49453,68943,41679,52816,46429,101577,146001,61296,40505,39154,61627,53563,41200,40102,52020,92427,87403,67218,48963,44405,83120,68469,48395,57437,61125,120767,119234,144197,128576,60247,109092,121435,40203,45014,32346,48807,45253,36036,38367,104605,70745,56362,100702,64638,32454
42827,37385,62649,71865,32345,24225,68190,25508,30843,44786,39563,41637,33827,28441,17921,67839,35198,34411,33568,53058,25794,36931,30544,85692,130116,45411,24620,23269,45742,37678,25315,24217,36135,76542,71518,51333,33078,28520,67235,52584,32510,41552,45240,104882,103349,128312,112691,44362,93207,105550,24318,29129,48807,16461,29368,20151,22482,88720,54860,40477,84817,48753,16569
39273,33831,59095,68311,28791,20671,64636,21954,27289,41232,36009,38083,30273,24887,14367,64285,31644,30857,30014,49504,22240,33377,26990,82138,126562,41857,21066,19715,42188,34124,21761,20663,32581,72988,67964,47779,29524,24966,63681,49030,28956,37998,41686,101328,99795,124758,109137,40808,89653,101996,20764,25575,45253,29368,12907,16597,18928,85166,51306,36923,81263,45199,13015
30056,24614,49878,59094,19574,11454,55419,12737,18072,32015,26792,28866,21056,15670,5150,55068,22427,21640,20797,40287,13023,24160,17773,72921,117345,32640,11849,10498,32971,24907,12544,11446,23364,63771,58747,38562,20307,15749,54464,39813,19739,28781,32469,92111,90578,115541,99920,31591,80436,92779,11547,16358,36036,20151,16597,3690,9711,75949,42089,27706,72046,35982,3798
32387,26945,52209,61425,21905,13785,57750,15068,20403,34346,29123,31197,23387,18001,7481,57399,24758,23971,23128,42618,15354,26491,20104,75252,119676,34971,14180,12829,35302,27238,14875,13777,25695,66102,61078,40893,22638,18080,56795,42144,22070,31112,34800,94442,92909,117872,102251,33922,82767,95110,13878,18689,38367,22482,18928,9711,6021,78280,44420,30037,74377,38313,6129
98625,93183,118447,127663,88143,80023,123988,81306,86641,100584,95361,97435,89625,84239,73719,123637,90996,90209,89366,108856,81592,92729,86342,141490,185914,101209,80418,79067,101540,93476,81113,80015,91933,132340,127316,107131,88876,84318,123033,108382,88308,97350,101038,160680,159147,184110,168489,100160,149005,161348,80116,84927,104605,88720,85166,75949,78280,72259,110658,96275,140615,104551,72367
64765,59323,84587,93803,54283,46163,90128,47446,52781,66724,61501,63575,55765,50379,39859,89777,57136,56349,55506,74996,47732,58869,52482,107630,152054,67349,46558,45207,67680,59616,47253,46155,58073,98480,93456,73271,55016,50458,89173,74522,54448,63490,67178,126820,125287,150250,134629,66300,115145,127488,46256,51067,70745,54860,51306,42089,44420,110658,38399,62415,106755,70691,38507
50382,44940,70204,79420,39900,31780,75745,33063,38398,52341,47118,49192,41382,35996,25476,75394,42753,41966,41123,60613,33349,44486,38099,93247,137671,52966,32175,30824,53297,45233,32870,31772,43690,84097,79073,58888,40633,36075,74790,60139,40065,49107,52795,112437,110904,135867,120246,51917,100762,113105,31873,36684,56362,40477,36923,27706,30037,96275,62415,24016,92372,56308,24124
94722,89280,114544,123760,84240,76120,120085,77403,82738,96681,91458,93532,85722,80336,69816,119734,87093,86306,85463,104953,77689,88826,82439,137587,182011,97306,76515,75164,97637,89573,77210,76112,88030,128437,123413,103228,84973,80415,119130,104479,84405,93447,97135,156777,155244,180207,164586,96257,145102,157445,76213,81024,100702,84817,81263,72046,74377,140615,106755,92372,68356,100648,68464
58658,53216,78480,87696,48176,40056,84021,41339,46674,60617,55394,57468,49658,44272,33752,83670,51029,50242,49399,68889,41625,52762,46375,101523,145947,61242,40451,39100,61573,53509,41146,40048,51966,92373,87349,67164,48909,44351,83066,68415,48341,57383,61071,120713,119180,144143,128522,60193,109038,121381,40149,44960,64638,48753,45199,35982,38313,104551,70691,56308,100648,32292,32400
26474,21032,46296,55512,15992,7872,51837,9155,14490,28433,23210,25284,17474,12088,1568,51486,18845,18058,17215,36705,9441,20578,14191,69339,113763,29058,8267,6916,29389,21325,8962,7864,19782,60189,55165,34980,16725,12167,50882,36231,16157,25199,28887,88529,86996,111959,96338,28009,76854,89197,7965,12776,32454,16569,13015,3798,6129,72367,38507,24124,68464,32400,108
