4806,216,284,652,644,54
216,591,98,238,38,2
284,98,881,336,424,10
652,238,336,4481,2060,58
644,38,424,2060,21195,256
54,2,10,58,256,472
