4806,5397,5687,9287,26001,5278
5397,591,1472,5072,21786,1063
5687,1472,881,5362,22076,1353
9287,5072,5362,4481,25676,4953
26001,21786,22076,25676,21195,21667
5278,1063,1353,4953,21667,472
