1.00000000,0.04156126,0.04301293,0.01797309,0.00721953,0.00735384,0.01833594,0.02767662,0.02254018,0.01262321,0.01910882,0.01579155,0.00545929,0.01198921,0.00035137,0.01759583,0.00766284,0.03309738,0.00675736,0.01541379,0.00824931,0.01058394,0.00389145,0.02087599,0.01649123,0.00523498,0.00456216,0.00479559,0.01024215,0.00766349,0.00612037,0.00679942,0.00631238,0.01411224,0.01000046,0.01669022,0.01686183,0.00587268,0.01132824,0.01000723,0.00852651,0.00761649,0.01230769,0.01912033,0.02172548,0.02297846,0.04228346,0.01653514,0.01785925,0.01696721,0.00393507,0.00673504,0.00956546,0.00544794,0.00482509,0.00366239,0.00261481,0.03196552,0.01152409,0.02802902,0.02777135,0.02800659,0.00176118
0.04156126,1.00000000,0.03735441,0.00504599,0.00135909,0.00176478,0.01573557,0.01497753,0.00260573,0.00634921,0.00620636,0.00192942,0.00170732,0.00061331,0.00000000,0.00444404,0.00327362,0.02268283,0.00508121,0.00409353,0.00258763,0.00186324,0.00335465,0.00307904,0.00268798,0.00122264,0.00104371,0.00542206,0.00282675,0.00364647,0.00162848,0.00074906,0.00121771,0.00289855,0.00168437,0.00246019,0.04249210,0.00241313,0.00711458,0.00472946,0.00398804,0.00136716,0.00243680,0.00925926,0.00834606,0.00352157,0.00421133,0.05306216,0.00404842,0.00525540,0.00681083,0.00126843,0.00733221,0.00219367,0.00905401,0.02525515,0.00237570,0.00217707,0.00167020,0.00447382,0.00140325,0.00218565,0.00073368
0.04301293,0.03735441,1.00000000,0.03172882,0.07884737,0.05765983,0.01520231,0.01860856,0.01073826,0.00320208,0.00444488,0.00749312,0.00213688,0.03331525,0.00000000,0.03159712,0.00335980,0.01970861,0.01728696,0.00153411,0.00023325,0.00072236,0.00021995,0.00066007,0.00016251,0.00035659,0.00110348,0.00071591,0.00072431,0.00099182,0.00104384,0.00060035,0.00000000,0.00689087,0.00199867,0.00077320,0.00795978,0.00224387,0.00061359,0.03695850,0.00132114,0.00110026,0.00021626,0.01036215,0.00563603,0.00163160,0.09313429,0.00230139,0.00011820,0.00011847,0.00013774,0.00040123,0.00965754,0.00039923,0.00066432,0.00000000,0.00000000,0.00423522,0.01222433,0.00541067,0.00359688,0.04891956,0.00000000
0.01797309,0.00504599,0.03172882,1.00000000,0.04447089,0.01104492,0.05481576,0.00395184,0.00407467,0.00174154,0.04225637,0.00591601,0.00146493,0.00723589,0.00000000,0.05477096,0.00104275,0.00304166,0.00249948,0.00148112,0.00023974,0.00105725,0.01072114,0.00079109,0.00043887,0.00036670,0.00302877,0.00343600,0.00157218,0.00081214,0.00035757,0.00086457,0.00020325,0.00080413,0.00121803,0.00192847,0.07052383,0.02719932,0.00093706,0.00616713,0.00416320,0.02267085,0.00044366,0.01033041,0.02478442,0.00990322,0.05270676,0.00075252,0.00017976,0.00018018,0.00000000,0.00013803,0.00065466,0.00151047,0.00000000,0.00000000,0.00000000,0.05034567,0.01170526,0.00432900,0.00196198,0.06327141,0.00000000
0.00721953,0.00135909,0.07884737,0.04447089,1.00000000,0.14475108,0.00382062,0.01659751,0.02882272,0.00166682,0.01537071,0.03345100,0.00783392,0.03916901,0.00000000,0.05429780,0.01874522,0.00330340,0.02213740,0.00038506,0.00075367,0.00000000,0.00044454,0.00008284,0.00021635,0.00026185,0.00196519,0.00026406,0.00093009,0.00000000,0.00124131,0.00026777,0.00000000,0.02651531,0.00508833,0.00056770,0.01312071,0.00800310,0.00011843,0.04552846,0.00571864,0.00126733,0.00064461,0.00291313,0.00159708,0.00147139,0.00688064,0.00031903,0.00008112,0.00000000,0.00037509,0.00000000,0.00885361,0.00102722,0.00102302,0.00000000,0.00000000,0.00464965,0.01104752,0.00129116,0.00067185,0.01531802,0.00000000
0.00735384,0.00176478,0.05765983,0.01104492,0.14475108,1.00000000,0.00086156,0.00627082,0.01046824,0.00094888,0.00529222,0.03336831,0.03137403,0.07477451,0.00000000,0.05474586,0.01211672,0.00081978,0.00000000,0.00000000,0.00000000,0.00000000,0.00000000,0.00000000,0.00000000,0.00000000,0.00252313,0.00000000,0.00000000,0.00023232,0.00000000,0.00000000,0.00023288,0.00131821,0.00021664,0.00000000,0.00503979,0.00037182,0.00013774,0.00754107,0.00418513,0.00019499,0.00000000,0.00022670,0.00016715,0.00006922,0.00809961,0.00058997,0.00000000,0.00000000,0.00000000,0.00000000,0.00143438,0.00000000,0.00000000,0.00000000,0.00000000,0.00020900,0.00126402,0.00028877,0.00064970,0.00253024,0.00000000
0.01833594,0.01573557,0.01520231,0.05481576,0.00382062,0.00086156,1.00000000,0.08289544,0.03133489,0.08271908,0.03300508,0.02209993,0.00530842,0.00646393,0.00086935,0.04001224,0.01959787,0.00670948,0.01181957,0.02137439,0.00041797,0.01441138,0.01714824,0.00220832,0.00210732,0.00063772,0.00622849,0.01301125,0.00589677,0.00893663,0.01549259,0.00171600,0.00018071,0.00367943,0.00181188,0.00031657,0.00976905,0.01447744,0.00078384,0.00288743,0.00175350,0.00445303,0.00185483,0.00639776,0.00133415,0.00834079,0.00750857,0.00042164,0.00005581,0.00005594,0.00000000,0.00011803,0.00056402,0.00047004,0.00011734,0.00000000,0.00000000,0.00256991,0.00114482,0.00039076,0.00068713,0.00893334,0.00012430
0.02767662,0.01497753,0.01860856,0.00395184,0.01659751,0.00627082,0.08289544,1.00000000,0.13430330,0.06439483,0.03146734,0.05203455,0.01303538,0.01438228,0.00075873,0.02080949,0.00440798,0.01595026,0.00268587,0.01384187,0.00035261,0.01568826,0.00357728,0.00411843,0.00070744,0.00037390,0.00703206,0.00264901,0.00263827,0.00161142,0.00658921,0.00193050,0.00023076,0.01622889,0.00258858,0.00050835,0.02178764,0.00366435,0.00191794,0.00428638,0.01072778,0.00483746,0.00740846,0.00030136,0.00033321,0.00331332,0.00429369,0.00019514,0.00044713,0.00000000,0.00000000,0.00000000,0.00000000,0.00000000,0.00000000,0.00000000,0.00000000,0.00000000,0.00000000,0.00000000,0.00086258,0.00188590,0.00000000
0.02254018,0.00260573,0.01073826,0.00407467,0.02882272,0.01046824,0.03133489,0.13430330,1.00000000,0.16418480,0.04302878,0.15706263,0.01226827,0.07399933,0.00130378,0.03020578,0.00611862,0.00448526,0.00078763,0.00262140,0.00000000,0.02796353,0.00023055,0.00041983,0.00058373,0.00027341,0.00147037,0.00082747,0.00047699,0.00037545,0.00051726,0.00167926,0.00000000,0.00626986,0.00126774,0.00029051,0.00312989,0.00188578,0.00048295,0.00390602,0.01042384,0.00503983,0.00400668,0.00000000,0.00023099,0.00012928,0.00237567,0.00016373,0.00008220,0.00000000,0.00039928,0.00000000,0.00000000,0.00036245,0.00000000,0.00000000,0.00000000,0.00000000,0.00000000,0.00000000,0.00136485,0.00122516,0.00000000
0.01262321,0.00634921,0.00320208,0.00174154,0.00166682,0.00094888,0.08271908,0.06439483,0.16418480,1.00000000,0.01140590,0.03277421,0.01379628,0.03754499,0.00134138,0.04008869,0.01948673,0.00223755,0.00069450,0.01311594,0.00000000,0.17325499,0.00557936,0.00246217,0.00215487,0.00368791,0.00245008,0.00023221,0.00014346,0.00033289,0.00395822,0.00023507,0.00000000,0.00202856,0.00082301,0.00052872,0.04055906,0.00204871,0.01439170,0.00284791,0.02636372,0.04347190,0.01932927,0.00013390,0.00000000,0.00018575,0.00060110,0.00044192,0.00000000,0.00007808,0.00000000,0.00000000,0.00421607,0.00029070,0.00028969,0.00000000,0.00000000,0.00000000,0.00000000,0.00000000,0.00082278,0.00012458,0.00000000
0.01910882,0.00620636,0.00444488,0.04225637,0.01537071,0.00529222,0.03300508,0.03146734,0.04302878,0.01140590,1.00000000,0.04349144,0.01540350,0.01631569,0.00000000,0.03217746,0.00782579,0.01638300,0.00203735,0.01006990,0.00107980,0.00243627,0.00815692,0.01061237,0.00289326,0.00156635,0.00973409,0.00518368,0.00549218,0.00309522,0.00085507,0.00364922,0.00505875,0.01108033,0.02159769,0.00363825,0.02105639,0.01635901,0.00989664,0.00151188,0.00339213,0.00631957,0.00358220,0.01095072,0.01456627,0.05527746,0.01026824,0.00505853,0.00231178,0.00085021,0.00030157,0.00000000,0.00331168,0.00112029,0.00195394,0.00030581,0.00030066,0.01631078,0.00771775,0.00717387,0.01987533,0.01250383,0.00000000
0.01579155,0.00192942,0.00749312,0.00591601,0.03345100,0.03336831,0.02209993,0.05203455,0.15706263,0.03277421,0.04349144,1.00000000,0.08022864,0.10720562,0.00113266,0.09201235,0.00794029,0.00033827,0.00063401,0.00112867,0.00000000,0.00259509,0.00017960,0.00007610,0.00046868,0.00020458,0.00064781,0.00000000,0.00000000,0.00000000,0.00176574,0.00020818,0.00000000,0.00823397,0.00208968,0.00000000,0.00962975,0.00080931,0.00136655,0.00247959,0.01187648,0.00921222,0.00227154,0.00012914,0.00007033,0.00035927,0.00122668,0.00027255,0.00000000,0.00000000,0.00000000,0.00000000,0.00069053,0.00000000,0.00000000,0.00000000,0.00000000,0.00008458,0.00011652,0.00017495,0.00130571,0.00163237,0.00000000
0.00545929,0.00170732,0.00213688,0.00146493,0.00783392,0.03137403,0.00530842,0.01303538,0.01226827,0.01379628,0.01540350,0.08022864,1.00000000,0.01204313,0.00000000,0.02493560,0.08043088,0.00079093,0.00023869,0.00044507,0.00000000,0.01458230,0.00086994,0.00127036,0.00140449,0.00722413,0.00039817,0.00000000,0.00018517,0.00000000,0.00604534,0.00000000,0.00000000,0.00762507,0.00298970,0.00050038,0.01127194,0.00000000,0.01271387,0.00052914,0.01048743,0.01843406,0.02386569,0.00029924,0.00008265,0.00013716,0.00034074,0.00268276,0.00017736,0.00000000,0.00000000,0.00000000,0.01932584,0.00160428,0.00106270,0.00000000,0.00000000,0.00000000,0.00000000,0.00750730,0.00106741,0.00015487,0.00000000
0.01198921,0.00061331,0.03331525,0.00723589,0.03916901,0.07477451,0.00646393,0.01438228,0.07399933,0.03754499,0.01631569,0.10720562,0.01204313,1.00000000,0.00408441,0.03896537,0.01730731,0.00174501,0.00341297,0.00039830,0.00026871,0.00847545,0.00023585,0.00042330,0.00044093,0.00056180,0.00121102,0.00000000,0.00016150,0.00000000,0.00344919,0.00028773,0.00000000,0.01437790,0.00206754,0.00014734,0.00212993,0.00055333,0.00158827,0.04765896,0.09905755,0.02907409,0.01251422,0.00056503,0.00015516,0.00019515,0.01771677,0.00033278,0.00016573,0.00000000,0.00000000,0.00000000,0.00165755,0.00000000,0.00000000,0.00000000,0.00000000,0.00009529,0.00096498,0.00182315,0.00433071,0.00372491,0.00000000
0.00035137,0.00000000,0.00000000,0.00000000,0.00000000,0.00000000,0.00086935,0.00075873,0.00130378,0.00134138,0.00000000,0.00113266,0.00000000,0.00408441,1.00000000,0.00047973,0.00000000,0.00000000,0.00000000,0.00000000,0.00000000,0.00000000,0.00000000,0.00000000,0.00000000,0.00000000,0.00000000,0.00000000,0.00000000,0.00000000,0.00000000,0.00000000,0.00000000,0.00000000,0.00000000,0.00000000,0.00000000,0.00000000,0.00000000,0.00000000,0.00601025,0.00102696,0.00000000,0.00000000,0.00000000,0.00000000,0.00000000,0.00000000,0.00000000,0.00000000,0.00000000,0.00000000,0.00000000,0.00000000,0.00000000,0.00000000,0.00000000,0.00000000,0.00000000,0.00000000,0.00000000,0.00000000,0.00000000
0.01759583,0.00444404,0.03159712,0.05477096,0.05429780,0.05474586,0.04001224,0.02080949,0.03020578,0.04008869,0.03217746,0.09201235,0.02493560,0.03896537,0.00047973,1.00000000,0.05430720,0.00074634,0.00269893,0.01178063,0.00030438,0.00647102,0.00183141,0.00078010,0.00096242,0.00082521,0.00593377,0.00062096,0.00032450,0.00043999,0.00666431,0.00041623,0.00008808,0.00373303,0.00270079,0.00000000,0.03610508,0.00307724,0.00370125,0.01007904,0.01852268,0.02723991,0.00208937,0.00221751,0.00068333,0.00079044,0.01773373,0.00123513,0.00071419,0.00000000,0.00011708,0.00000000,0.00513605,0.00250114,0.00045413,0.00000000,0.00000000,0.00132299,0.00082160,0.00047517,0.00098193,0.01008742,0.00000000
0.00766284,0.00327362,0.00335980,0.00104275,0.01874522,0.01211672,0.01959787,0.00440798,0.00611862,0.01948673,0.00782579,0.00794029,0.08043088,0.01730731,0.00000000,0.05430720,1.00000000,0.00231147,0.03400143,0.00258017,0.00207924,0.02571402,0.01898081,0.00120783,0.00794963,0.00983921,0.00332481,0.00411125,0.00117664,0.00976613,0.22280622,0.00391917,0.00102987,0.04139066,0.01616499,0.00094671,0.00584685,0.00118441,0.03332575,0.04074570,0.01716124,0.04399069,0.03878449,0.00548576,0.00037045,0.00093870,0.00091342,0.00816080,0.00126233,0.00087053,0.00165893,0.00000000,0.04222437,0.00367141,0.00792562,0.00101078,0.00033069,0.00000000,0.00038163,0.00140140,0.00157890,0.00063650,0.00000000
0.03309738,0.02268283,0.01970861,0.00304166,0.00330340,0.00081978,0.00670948,0.01595026,0.00448526,0.00223755,0.01638300,0.00033827,0.00079093,0.00174501,0.00000000,0.00074634,0.00231147,1.00000000,0.08993946,0.02875750,0.01140974,0.00988142,0.03092437,0.01545557,0.00795372,0.00185063,0.03573961,0.03146247,0.03320602,0.05630961,0.00826757,0.03921038,0.02168520,0.03925901,0.01618575,0.01483701,0.00528724,0.02032838,0.00761225,0.01982854,0.00134370,0.00302741,0.02035734,0.00716223,0.00335558,0.00949022,0.00196032,0.00160449,0.00081364,0.00065298,0.00038030,0.00000000,0.00061747,0.00034674,0.00034530,0.00000000,0.00000000,0.00989083,0.00214004,0.00195207,0.00163737,0.00200776,0.00000000
0.00675736,0.00508121,0.01728696,0.00249948,0.02213740,0.00000000,0.01181957,0.00268587,0.00078763,0.00069450,0.00203735,0.00063401,0.00023869,0.00341297,0.00000000,0.00269893,0.03400143,0.08993946,1.00000000,0.00748374,0.01612717,0.00311555,0.00226384,0.00378087,0.00449865,0.04905480,0.00407955,0.01012780,0.00543239,0.01607250,0.04170465,0.00634998,0.00582391,0.11961034,0.04380104,0.01377262,0.00301091,0.01653478,0.00670150,0.06477146,0.00142704,0.00599475,0.01196649,0.05799357,0.00310904,0.00068787,0.00091258,0.00196108,0.00031528,0.00094877,0.00000000,0.00030836,0.01100261,0.00579180,0.00000000,0.00000000,0.00000000,0.00269942,0.00444557,0.00039944,0.00148437,0.00584684,0.00000000
0.01541379,0.00409353,0.00153411,0.00148112,0.00038506,0.00000000,0.02137439,0.01384187,0.00262140,0.01311594,0.01006990,0.00112867,0.00044507,0.00039830,0.00000000,0.01178063,0.00258017,0.02875750,0.00748374,1.00000000,0.05702677,0.07905089,0.02442645,0.01615272,0.01847713,0.00163447,0.01745713,0.03493580,0.04016236,0.03416870,0.00590863,0.01549921,0.02884730,0.05096667,0.02228559,0.00190821,0.00228862,0.00073697,0.00730956,0.00390591,0.00232929,0.00672196,0.00423001,0.00311625,0.00037360,0.01558582,0.00146492,0.00032680,0.00301877,0.00578985,0.00089654,0.00017259,0.00113150,0.00051445,0.00000000,0.00000000,0.00035797,0.00182956,0.00000000,0.00026462,0.00225056,0.00153573,0.00000000
0.00824931,0.00258763,0.00023325,0.00023974,0.00075367,0.00000000,0.00041797,0.00035261,0.00000000,0.00000000,0.00107980,0.00000000,0.00000000,0.00026871,0.00000000,0.00030438,0.00207924,0.01140974,0.01612717,0.05702677,1.00000000,0.03431022,0.00805667,0.00250638,0.06100100,0.00000000,0.00225352,0.00415584,0.00702513,0.01133144,0.00767141,0.00881834,0.01681774,0.01650619,0.00924710,0.00601969,0.00000000,0.00403497,0.01153158,0.00155632,0.00069021,0.00129318,0.01198562,0.00976476,0.00000000,0.00997828,0.00008410,0.00316603,0.00945089,0.00693682,0.00735918,0.00352912,0.00168350,0.00049480,0.00245942,0.00116245,0.00450324,0.00030444,0.00030241,0.00106738,0.00042019,0.00045400,0.00000000
0.01058394,0.00186324,0.00072236,0.00105725,0.00000000,0.00000000,0.01441138,0.01568826,0.02796353,0.17325499,0.00243627,0.00259509,0.01458230,0.00847545,0.00000000,0.00647102,0.02571402,0.00988142,0.00311555,0.07905089,0.03431022,1.00000000,0.00763440,0.00268566,0.01810694,0.00545162,0.00344052,0.00699388,0.00719910,0.00683611,0.01083755,0.00607441,0.00316094,0.05165960,0.01062779,0.00261618,0.00174064,0.00268949,0.04330004,0.00339886,0.02727689,0.04426405,0.06775485,0.00143501,0.00000000,0.00107269,0.00015378,0.00077095,0.00015945,0.00007997,0.00104076,0.00032263,0.00429553,0.00063755,0.00158781,0.00000000,0.00000000,0.00018232,0.00000000,0.00000000,0.00047012,0.00038840,0.00000000
0.00389145,0.00335465,0.00021995,0.01072114,0.00044454,0.00000000,0.01714824,0.00357728,0.00023055,0.00557936,0.00815692,0.00017960,0.00086994,0.00023585,0.00000000,0.00183141,0.01898081,0.03092437,0.00226384,0.02442645,0.00805667,0.00763440,1.00000000,0.01573995,0.01030737,0.00058173,0.01729016,0.02583676,0.04316310,0.06950563,0.01727447,0.13448636,0.02864430,0.00385171,0.00448430,0.00135034,0.00218675,0.00028633,0.00173633,0.00060761,0.00020555,0.00033718,0.00140417,0.00505824,0.00516917,0.02242549,0.00169239,0.00254755,0.00368324,0.00226757,0.00437637,0.00159872,0.00863707,0.00275645,0.00039193,0.00000000,0.00043573,0.00038564,0.00014021,0.00070323,0.00069735,0.00392900,0.00000000
0.02087599,0.00307904,0.00066007,0.00079109,0.00008284,0.00000000,0.00220832,0.00411843,0.00041983,0.00246217,0.01061237,0.00007610,0.00127036,0.00042330,0.00000000,0.00078010,0.00120783,0.01545557,0.00378087,0.01615272,0.00250638,0.00268566,0.01573995,1.00000000,0.04549448,0.07565849,0.02157537,0.00364365,0.01495382,0.00930636,0.00160442,0.01263100,0.04514958,0.01142376,0.09689328,0.03195898,0.00049403,0.00045190,0.00307004,0.00784760,0.00297499,0.00436924,0.01333896,0.01633616,0.00152409,0.06401577,0.00230224,0.06485884,0.00993954,0.00862467,0.00152176,0.00138972,0.00391726,0.00118677,0.00059268,0.00061156,0.00030404,0.00161609,0.00380849,0.02559554,0.05706985,0.00265333,0.00000000
0.01649123,0.00268798,0.00016251,0.00043887,0.00021635,0.00000000,0.00210732,0.00070744,0.00058373,0.00215487,0.00289326,0.00046868,0.00140449,0.00044093,0.00000000,0.00096242,0.00794963,0.00795372,0.00449865,0.01847713,0.06100100,0.01810694,0.01030737,0.04549448,1.00000000,0.00859006,0.00972228,0.00203546,0.00842105,0.01360967,0.00499443,0.01430705,0.03498220,0.03227358,0.11158356,0.04659286,0.00014347,0.00147745,0.02421044,0.00153440,0.00407518,0.00183018,0.04970492,0.01222013,0.00108423,0.12356812,0.00238795,0.00963587,0.03927088,0.06801570,0.01115640,0.01381693,0.01745229,0.00613085,0.00721537,0.00155086,0.00437299,0.00222898,0.00151520,0.01136905,0.01618098,0.00036377,0.00000000
0.00523498,0.00122264,0.00035659,0.00036670,0.00026185,0.00000000,0.00063772,0.00037390,0.00027341,0.00368791,0.00156635,0.00020458,0.00722413,0.00056180,0.00000000,0.00082521,0.00983921,0.00185063,0.04905480,0.00163447,0.00000000,0.00545162,0.00058173,0.07565849,0.00859006,1.00000000,0.00839664,0.00073368,0.00129870,0.00090344,0.00067408,0.00074808,0.00226398,0.00121003,0.00609300,0.00902256,0.00051374,0.00035556,0.03291345,0.04530401,0.01075269,0.05008093,0.09212357,0.00277019,0.00008273,0.00301980,0.00127894,0.06182796,0.00177525,0.00365191,0.00186916,0.00219539,0.01354708,0.00968002,0.00801496,0.00192431,0.00123839,0.00175393,0.00387477,0.01422197,0.01485360,0.00263709,0.00000000
0.00456216,0.00104371,0.00110348,0.00302877,0.00196519,0.00252313,0.00622849,0.00703206,0.00147037,0.00245008,0.00973409,0.00064781,0.00039817,0.00121102,0.00000000,0.00593377,0.00332481,0.03573961,0.00407955,0.01745713,0.00225352,0.00344052,0.01729016,0.02157537,0.00972228,0.00839664,1.00000000,0.00769542,0.00798753,0.00455581,0.00332103,0.01655287,0.00913462,0.00657989,0.01329963,0.00314246,0.00440044,0.00117394,0.00308729,0.00233132,0.00050916,0.00060066,0.00209832,0.00412229,0.00177500,0.01935236,0.00113324,0.00262573,0.00190753,0.00464904,0.00222552,0.00191693,0.00102171,0.00124805,0.00061939,0.00000000,0.00000000,0.00095384,0.00290557,0.00871132,0.00714207,0.02245739,0.00000000
0.00479559,0.00542206,0.00071591,0.00343600,0.00026406,0.00000000,0.01301125,0.00264901,0.00082747,0.00023221,0.00518368,0.00000000,0.00000000,0.00000000,0.00000000,0.00062096,0.00411125,0.03146247,0.01012780,0.03493580,0.00415584,0.00699388,0.02583676,0.00364365,0.00203546,0.00073368,0.00769542,1.00000000,0.02743561,0.13855079,0.00647359,0.02763581,0.00205245,0.01811138,0.00847367,0.00083991,0.00077700,0.00143859,0.00027207,0.00279367,0.00000000,0.00000000,0.00028082,0.00375249,0.00058062,0.00880421,0.00085496,0.00057960,0.00044508,0.00026798,0.00000000,0.00000000,0.00274914,0.00054720,0.00000000,0.00000000,0.00000000,0.00020703,0.00015576,0.00056275,0.00150118,0.00077948,0.00000000
0.01024215,0.00282675,0.00072431,0.00157218,0.00093009,0.00000000,0.00589677,0.00263827,0.00047699,0.00014346,0.00549218,0.00000000,0.00018517,0.00016150,0.00000000,0.00032450,0.00117664,0.03320602,0.00543239,0.04016236,0.00702513,0.00719910,0.04316310,0.01495382,0.00842105,0.00129870,0.00798753,0.02743561,1.00000000,0.11799703,0.00839436,0.02092169,0.01177472,0.05151209,0.02085593,0.01450621,0.00183908,0.00514280,0.00139790,0.00225911,0.00132023,0.00050739,0.00192771,0.00662977,0.01019022,0.11457637,0.00577974,0.00267857,0.00568427,0.00469009,0.00070805,0.00044903,0.00144434,0.00044529,0.00044410,0.00000000,0.00023546,0.02020366,0.00198151,0.00144741,0.00608841,0.00242331,0.00000000
0.00766349,0.00364647,0.00099182,0.00081214,0.00000000,0.00023232,0.00893663,0.00161142,0.00037545,0.00033289,0.00309522,0.00000000,0.00000000,0.00000000,0.00000000,0.00043999,0.00976613,0.05630961,0.01607250,0.03416870,0.01133144,0.00683611,0.06950563,0.00930636,0.01360967,0.00090344,0.00455581,0.13855079,0.11799703,1.00000000,0.08217405,0.07598434,0.02546620,0.04777250,0.02775636,0.00091449,0.00035955,0.00066934,0.00143607,0.00097630,0.00000000,0.00014449,0.00190024,0.01071476,0.00283482,0.01779557,0.00485147,0.00189022,0.00564338,0.00302408,0.00183234,0.00057282,0.00231720,0.00141683,0.00000000,0.00000000,0.00060892,0.00044006,0.00049252,0.00190277,0.00444344,0.00998029,0.00000000
0.00612037,0.00162848,0.00104384,0.00035757,0.00124131,0.00000000,0.01549259,0.00658921,0.00051726,0.00395822,0.00085507,0.00176574,0.00604534,0.00344919,0.00000000,0.00666431,0.22280622,0.00826757,0.04170465,0.00590863,0.00767141,0.01083755,0.01727447,0.00160442,0.00499443,0.00067408,0.00332103,0.00647359,0.00839436,0.08217405,1.00000000,0.01873374,0.00151319,0.04683862,0.02059808,0.00048434,0.00024378,0.00066192,0.00579557,0.00592936,0.00136550,0.00146507,0.01209890,0.01533301,0.00016264,0.00182685,0.00016754,0.00055381,0.00000000,0.00000000,0.00055127,0.00049237,0.00412626,0.00096688,0.00000000,0.00000000,0.00000000,0.00000000,0.00000000,0.00052701,0.00094073,0.00150252,0.00000000
0.00679942,0.00074906,0.00060035,0.00086457,0.00026777,0.00000000,0.00171600,0.00193050,0.00167926,0.00023507,0.00364922,0.00020818,0.00000000,0.00028773,0.00000000,0.00041623,0.00391917,0.03921038,0.00634998,0.01549921,0.00881834,0.00607441,0.13448636,0.01263100,0.01430705,0.00074808,0.01655287,0.02763581,0.02092169,0.07598434,0.01873374,1.00000000,0.06693595,0.03114739,0.01887708,0.00389797,0.00026257,0.00036657,0.00205522,0.00093777,0.00024387,0.00019354,0.00427533,0.00376733,0.00191611,0.01221869,0.00103057,0.00175661,0.01189465,0.00843617,0.00591911,0.00748201,0.00422535,0.00507042,0.00000000,0.00610376,0.00196014,0.00052040,0.00000000,0.00171355,0.00442120,0.00172902,0.00000000
0.00631238,0.00121771,0.00000000,0.00020325,0.00000000,0.00023288,0.00018071,0.00023076,0.00000000,0.00000000,0.00505875,0.00000000,0.00000000,0.00000000,0.00000000,0.00008808,0.00102987,0.02168520,0.00582391,0.02884730,0.01681774,0.00316094,0.02864430,0.04514958,0.03498220,0.00226398,0.00913462,0.00205245,0.01177472,0.02546620,0.00151319,0.06693595,1.00000000,0.01870591,0.09478845,0.01504448,0.00000000,0.00022364,0.00154833,0.00228063,0.00119781,0.00014471,0.00361767,0.00872432,0.00196406,0.06291013,0.00112045,0.00378622,0.03705996,0.02165140,0.01317402,0.00459638,0.00542145,0.03211596,0.00000000,0.01771287,0.00335980,0.00070475,0.00135618,0.02116301,0.00889534,0.00111036,0.00000000
0.01411224,0.00289855,0.00689087,0.00080413,0.02651531,0.00131821,0.00367943,0.01622889,0.00626986,0.00202856,0.01108033,0.00823397,0.00762507,0.01437790,0.00000000,0.00373303,0.04139066,0.03925901,0.11961034,0.05096667,0.01650619,0.05165960,0.00385171,0.01142376,0.03227358,0.00121003,0.00657989,0.01811138,0.05151209,0.04777250,0.04683862,0.03114739,0.01870591,1.00000000,0.22133156,0.02426542,0.00260976,0.03065382,0.00377395,0.04049052,0.00772359,0.00453275,0.02720560,0.02075719,0.00224176,0.00908849,0.00025363,0.00363816,0.00509051,0.00119714,0.00052135,0.00050981,0.02049020,0.00609446,0.00071016,0.00010477,0.00031248,0.01148320,0.00290909,0.00043210,0.00674604,0.00152439,0.00000000
0.01000046,0.00168437,0.00199867,0.00121803,0.00508833,0.00021664,0.00181188,0.00258858,0.00126774,0.00082301,0.02159769,0.00208968,0.00298970,0.00206754,0.00000000,0.00270079,0.01616499,0.01618575,0.04380104,0.02228559,0.00924710,0.01062779,0.00448430,0.09689328,0.11158356,0.00609300,0.01329963,0.00847367,0.02085593,0.02775636,0.02059808,0.01887708,0.09478845,0.22133156,1.00000000,0.03218884,0.00038132,0.00478240,0.00486409,0.03251803,0.02040438,0.00168798,0.03424926,0.02190092,0.00101686,0.04856502,0.00092767,0.00415078,0.00694172,0.00403950,0.00207267,0.00071267,0.02360552,0.00579436,0.00070851,0.00085826,0.00012177,0.00546364,0.00237566,0.00206226,0.01153243,0.00245333,0.00000000
0.01669022,0.00246019,0.00077320,0.00192847,0.00056770,0.00000000,0.00031657,0.00050835,0.00029051,0.00052872,0.00363825,0.00000000,0.00050038,0.00014734,0.00000000,0.00000000,0.00094671,0.01483701,0.01377262,0.00190821,0.00601969,0.00261618,0.00135034,0.03195898,0.04659286,0.00902256,0.00314246,0.00083991,0.01450621,0.00091449,0.00048434,0.00389797,0.01504448,0.02426542,0.03218884,1.00000000,0.00084270,0.00827883,0.02525919,0.00306236,0.00269833,0.00318453,0.02815249,0.01230138,0.00698661,0.05202978,0.00628531,0.02975697,0.04809218,0.01729625,0.00248344,0.00495148,0.00275659,0.00570137,0.00509954,0.00104471,0.00185874,0.12423081,0.04607914,0.00939381,0.19610648,0.00558226,0.00000000
0.01686183,0.04249210,0.00795978,0.07052383,0.01312071,0.00503979,0.00976905,0.02178764,0.00312989,0.04055906,0.02105639,0.00962975,0.01127194,0.00212993,0.00000000,0.03610508,0.00584685,0.00528724,0.00301091,0.00228862,0.00000000,0.00174064,0.00218675,0.00049403,0.00014347,0.00051374,0.00440044,0.00077700,0.00183908,0.00035955,0.00024378,0.00026257,0.00000000,0.00260976,0.00038132,0.00084270,1.00000000,0.08334389,0.03122799,0.00955781,0.00375940,0.01033430,0.00190355,0.00131111,0.00158814,0.00101875,0.00202122,0.00599086,0.00016128,0.00024268,0.00109489,0.00000000,0.00059710,0.00166973,0.00731748,0.00037120,0.00109091,0.00101593,0.00092263,0.00148274,0.00038121,0.00356130,0.00000000
0.00587268,0.00241313,0.00224387,0.02719932,0.00800310,0.00037182,0.01447744,0.00366435,0.00188578,0.00204871,0.01635901,0.00080931,0.00000000,0.00055333,0.00000000,0.00307724,0.00118441,0.02032838,0.01653478,0.00073697,0.00403497,0.00268949,0.00028633,0.00045190,0.00147745,0.00035556,0.00117394,0.00143859,0.00514280,0.00066934,0.00066192,0.00036657,0.00022364,0.03065382,0.00478240,0.00827883,0.08334389,1.00000000,0.03468908,0.01025843,0.00094351,0.01130795,0.00219328,0.00686004,0.00107062,0.00259829,0.00330985,0.00114014,0.00035334,0.00017728,0.00000000,0.00000000,0.00132217,0.00156740,0.00000000,0.00000000,0.00059898,0.02328922,0.00507185,0.00192281,0.00095618,0.00246116,0.00000000
0.01132824,0.00711458,0.00061359,0.00093706,0.00011843,0.00013774,0.00078384,0.00191794,0.00048295,0.01439170,0.00989664,0.00136655,0.01271387,0.00158827,0.00000000,0.00370125,0.03332575,0.00761225,0.00670150,0.00730956,0.01153158,0.04330004,0.00173633,0.00307004,0.02421044,0.03291345,0.00308729,0.00027207,0.00139790,0.00143607,0.00579557,0.00205522,0.00154833,0.00377395,0.00486409,0.02525919,0.03122799,0.03468908,1.00000000,0.00632495,0.03950057,0.07786159,0.12229253,0.00422657,0.00047867,0.00093772,0.00036689,0.02349232,0.00409037,0.00321726,0.00337079,0.00046533,0.01535200,0.00077107,0.07650273,0.00048512,0.00048077,0.00069845,0.00081249,0.00085251,0.00057212,0.00018064,0.00000000
0.01000723,0.00472946,0.03695850,0.00616713,0.04552846,0.00754107,0.00288743,0.00428638,0.00390602,0.00284791,0.00151188,0.00247959,0.00052914,0.04765896,0.00000000,0.01007904,0.04074570,0.01982854,0.06477146,0.00390591,0.00155632,0.00339886,0.00060761,0.00784760,0.00153440,0.04530401,0.00233132,0.00279367,0.00225911,0.00097630,0.00592936,0.00093777,0.00228063,0.04049052,0.03251803,0.00306236,0.00955781,0.01025843,0.00632495,1.00000000,0.09358289,0.07298979,0.01479008,0.00512467,0.00059245,0.00299564,0.00205817,0.00180018,0.00018683,0.00000000,0.00015635,0.00000000,0.00071372,0.00015036,0.00135084,0.00000000,0.00000000,0.00559257,0.00818287,0.00167124,0.00240300,0.00204672,0.00000000
0.00852651,0.00398804,0.00132114,0.00416320,0.00571864,0.00418513,0.00175350,0.01072778,0.01042384,0.02636372,0.00339213,0.01187648,0.01048743,0.09905755,0.00601025,0.01852268,0.01716124,0.00134370,0.00142704,0.00232929,0.00069021,0.02727689,0.00020555,0.00297499,0.00407518,0.01075269,0.00050916,0.00000000,0.00132023,0.00000000,0.00136550,0.00024387,0.00119781,0.00772359,0.02040438,0.00269833,0.00375940,0.00094351,0.03950057,0.09358289,1.00000000,0.30665569,0.07290837,0.00033821,0.00000000,0.00337553,0.00060811,0.00120573,0.00031513,0.00007903,0.00000000,0.00000000,0.00302073,0.00000000,0.00121267,0.00000000,0.00000000,0.00143891,0.00101536,0.00000000,0.00046361,0.00050803,0.00000000
0.00761649,0.00136716,0.00110026,0.02267085,0.00126733,0.00019499,0.00445303,0.00483746,0.00503983,0.04347190,0.00631957,0.00921222,0.01843406,0.02907409,0.00102696,0.02723991,0.04399069,0.00302741,0.00599475,0.00672196,0.00129318,0.04426405,0.00033718,0.00436924,0.00183018,0.05008093,0.00060066,0.00000000,0.00050739,0.00014449,0.00146507,0.00019354,0.00014471,0.00453275,0.00168798,0.00318453,0.01033430,0.01130795,0.07786159,0.07298979,0.30665569,1.00000000,0.16084778,0.00044164,0.00006858,0.00052743,0.00028125,0.00441472,0.00058142,0.00014577,0.00048798,0.00069517,0.00233645,0.00022973,0.00252005,0.00000000,0.00024340,0.00041031,0.00089430,0.00213833,0.00067502,0.00055928,0.00000000
0.01230769,0.00243680,0.00021626,0.00044366,0.00064461,0.00000000,0.00185483,0.00740846,0.00400668,0.01932927,0.00358220,0.00227154,0.02386569,0.01251422,0.00000000,0.00208937,0.03878449,0.02035734,0.01196649,0.00423001,0.01198562,0.06775485,0.00140417,0.01333896,0.04970492,0.09212357,0.00209832,0.00028082,0.00192771,0.00190024,0.01209890,0.00427533,0.00361767,0.02720560,0.03424926,0.02815249,0.00190355,0.00219328,0.12229253,0.01479008,0.07290837,0.16084778,1.00000000,0.00493253,0.00023214,0.00389471,0.00039798,0.01621711,0.00363606,0.00339910,0.00901639,0.00338728,0.01967536,0.00334014,0.01367079,0.00083542,0.00081633,0.00237473,0.00480307,0.00814295,0.00412047,0.00054934,0.00000000
0.01912033,0.00925926,0.01036215,0.01033041,0.00291313,0.00022670,0.00639776,0.00030136,0.00000000,0.00013390,0.01095072,0.00012914,0.00029924,0.00056503,0.00000000,0.00221751,0.00548576,0.00716223,0.05799357,0.00311625,0.00976476,0.00143501,0.00505824,0.01633616,0.01222013,0.00277019,0.00412229,0.00375249,0.00662977,0.01071476,0.01533301,0.00376733,0.00872432,0.02075719,0.02190092,0.01230138,0.00131111,0.00686004,0.00422657,0.00512467,0.00033821,0.00044164,0.00493253,1.00000000,0.14365371,0.01664746,0.01625834,0.00803467,0.00475657,0.00577306,0.00081944,0.00080512,0.00733630,0.01059560,0.00008019,0.00049352,0.00090064,0.06470849,0.02111375,0.04526067,0.07355999,0.03490760,0.00000000
0.02172548,0.00834606,0.00563603,0.02478442,0.00159708,0.00016715,0.00133415,0.00033321,0.00023099,0.00000000,0.01456627,0.00007033,0.00008265,0.00015516,0.00000000,0.00068333,0.00037045,0.00335558,0.00310904,0.00037360,0.00000000,0.00000000,0.00516917,0.00152409,0.00108423,0.00008273,0.00177500,0.00058062,0.01019022,0.00283482,0.00016264,0.00191611,0.00196406,0.00224176,0.00101686,0.00698661,0.00158814,0.00107062,0.00047867,0.00059245,0.00000000,0.00006858,0.00023214,0.14365371,1.00000000,0.04008284,0.02773227,0.00158206,0.00320451,0.00043781,0.00018290,0.00017934,0.00086621,0.00116180,0.00017855,0.00027551,0.00109639,0.03837561,0.07685971,0.04591205,0.05276113,0.02985453,0.00000000
0.02297846,0.00352157,0.00163160,0.00990322,0.00147139,0.00006922,0.00834079,0.00331332,0.00012928,0.00018575,0.05527746,0.00035927,0.00013716,0.00019515,0.00000000,0.00079044,0.00093870,0.00949022,0.00068787,0.01558582,0.00997828,0.00107269,0.02242549,0.06401577,0.12356812,0.00301980,0.01935236,0.00880421,0.11457637,0.01779557,0.00182685,0.01221869,0.06291013,0.00908849,0.04856502,0.05202978,0.00101875,0.00259829,0.00093772,0.00299564,0.00337553,0.00052743,0.00389471,0.01664746,0.04008284,1.00000000,0.07387112,0.01410064,0.05697944,0.08585256,0.00618595,0.00938795,0.00342197,0.00614394,0.00014616,0.00246794,0.00744740,0.12536619,0.01215473,0.00857226,0.02286200,0.01166548,0.00007572
0.04228346,0.00421133,0.09313429,0.05270676,0.00688064,0.00809961,0.00750857,0.00429369,0.00237567,0.00060110,0.01026824,0.00122668,0.00034074,0.01771677,0.00000000,0.01773373,0.00091342,0.00196032,0.00091258,0.00146492,0.00008410,0.00015378,0.00169239,0.00230224,0.00238795,0.00127894,0.00113324,0.00085496,0.00577974,0.00485147,0.00016754,0.00103057,0.00112045,0.00025363,0.00092767,0.00628531,0.00202122,0.00330985,0.00036689,0.00205817,0.00060811,0.00028125,0.00039798,0.01625834,0.02773227,0.07387112,1.00000000,0.00162217,0.00242137,0.00193093,0.00047279,0.00064860,0.00071524,0.00055402,0.00036894,0.00018994,0.00047234,0.04415153,0.01705301,0.02580337,0.03126279,0.12719725,0.00000000
0.01653514,0.05306216,0.00230139,0.00075252,0.00031903,0.00058997,0.00042164,0.00019514,0.00016373,0.00044192,0.00505853,0.00027255,0.00268276,0.00033278,0.00000000,0.00123513,0.00816080,0.00160449,0.00196108,0.00032680,0.00316603,0.00077095,0.00254755,0.06485884,0.00963587,0.06182796,0.00262573,0.00057960,0.00267857,0.00189022,0.00055381,0.00175661,0.00378622,0.00363816,0.00415078,0.02975697,0.00599086,0.00114014,0.02349232,0.00180018,0.00120573,0.00441472,0.01621711,0.00803467,0.00158206,0.01410064,0.00162217,1.00000000,0.08143774,0.01542736,0.00591862,0.00117041,0.01672205,0.00835364,0.02013190,0.01945622,0.00172202,0.00321186,0.00134801,0.00215374,0.02845528,0.00134885,0.00000000
0.01785925,0.00404842,0.00011820,0.00017976,0.00008112,0.00000000,0.00005581,0.00044713,0.00008220,0.00000000,0.00231178,0.00000000,0.00017736,0.00016573,0.00000000,0.00071419,0.00126233,0.00081364,0.00031528,0.00301877,0.00945089,0.00015945,0.00368324,0.00993954,0.03927088,0.00177525,0.00190753,0.00044508,0.00568427,0.00564338,0.00000000,0.01189465,0.03705996,0.00509051,0.00694172,0.04809218,0.00016128,0.00035334,0.00409037,0.00018683,0.00031513,0.00058142,0.00363606,0.00475657,0.00320451,0.05697944,0.00242137,0.08143774,1.00000000,0.04818850,0.00573519,0.01074540,0.00121240,0.00569086,0.00337203,0.00089401,0.00671738,0.00741738,0.00106952,0.00339011,0.00604500,0.00033435,0.00000000
0.01696721,0.00525540,0.00011847,0.00018018,0.00000000,0.00000000,0.00005594,0.00000000,0.00000000,0.00007808,0.00085021,0.00000000,0.00000000,0.00000000,0.00000000,0.00000000,0.00087053,0.00065298,0.00094877,0.00578985,0.00693682,0.00007997,0.00226757,0.00862467,0.06801570,0.00365191,0.00464904,0.00026798,0.00469009,0.00302408,0.00000000,0.00843617,0.02165140,0.00119714,0.00403950,0.01729625,0.00024268,0.00017728,0.00321726,0.00000000,0.00007903,0.00014577,0.00339910,0.00577306,0.00043781,0.08585256,0.00193093,0.01542736,0.04818850,1.00000000,0.00416915,0.05490234,0.00477372,0.02672218,0.00686621,0.01106901,0.03232844,0.00121135,0.00060318,0.00671920,0.00269255,0.00060340,0.00000000
0.00393507,0.00681083,0.00013774,0.00000000,0.00037509,0.00000000,0.00000000,0.00000000,0.00039928,0.00000000,0.00030157,0.00000000,0.00000000,0.00000000,0.00000000,0.00011708,0.00165893,0.00038030,0.00000000,0.00089654,0.00735918,0.00104076,0.00437637,0.00152176,0.01115640,0.00186916,0.00222552,0.00000000,0.00070805,0.00183234,0.00055127,0.00591911,0.01317402,0.00052135,0.00207267,0.00248344,0.00109489,0.00000000,0.00337079,0.00015635,0.00000000,0.00048798,0.00901639,0.00081944,0.00018290,0.00618595,0.00047279,0.00591862,0.00573519,0.00416915,1.00000000,0.01195815,0.02166745,0.01273885,0.01809325,0.00738916,0.01082251,0.00046841,0.00018871,0.00164406,0.00243754,0.00207802,0.00000000
0.00673504,0.00126843,0.00040123,0.00013803,0.00000000,0.00000000,0.00011803,0.00000000,0.00000000,0.00000000,0.00000000,0.00000000,0.00000000,0.00000000,0.00000000,0.00000000,0.00000000,0.00000000,0.00030836,0.00017259,0.00352912,0.00032263,0.00159872,0.00138972,0.01381693,0.00219539,0.00191693,0.00000000,0.00044903,0.00057282,0.00049237,0.00748201,0.00459638,0.00050981,0.00071267,0.00495148,0.00000000,0.00000000,0.00046533,0.00000000,0.00000000,0.00069517,0.00338728,0.00080512,0.00017934,0.00938795,0.00064860,0.00117041,0.01074540,0.05490234,0.01195815,1.00000000,0.00547517,0.03898213,0.00320684,0.00642055,0.00736377,0.00022840,0.00072516,0.00943396,0.00249347,0.00090736,0.00000000
0.00956546,0.00733221,0.00965754,0.00065466,0.00885361,0.00143438,0.00056402,0.00000000,0.00000000,0.00421607,0.00331168,0.00069053,0.01932584,0.00165755,0.00000000,0.00513605,0.04222437,0.00061747,0.01100261,0.00113150,0.00168350,0.00429553,0.00863707,0.00391726,0.01745229,0.01354708,0.00102171,0.00274914,0.00144434,0.00231720,0.00412626,0.00422535,0.00542145,0.02049020,0.02360552,0.00275659,0.00059710,0.00132217,0.01535200,0.00071372,0.00302073,0.00233645,0.01967536,0.00733630,0.00086621,0.00342197,0.00071524,0.01672205,0.00121240,0.00477372,0.02166745,0.00547517,1.00000000,0.05699088,0.04743976,0.00492368,0.00000000,0.00010930,0.00050774,0.00197206,0.00113449,0.00355751,0.00000000
0.00544794,0.00219367,0.00039923,0.00151047,0.00102722,0.00000000,0.00047004,0.00000000,0.00036245,0.00029070,0.00112029,0.00000000,0.00160428,0.00000000,0.00000000,0.00250114,0.00367141,0.00034674,0.00579180,0.00051445,0.00049480,0.00063755,0.00275645,0.00118677,0.00613085,0.00968002,0.00124805,0.00054720,0.00044529,0.00141683,0.00096688,0.00507042,0.03211596,0.00609446,0.00579436,0.00570137,0.00166973,0.00156740,0.00077107,0.00015036,0.00000000,0.00022973,0.00334014,0.01059560,0.00116180,0.00614394,0.00055402,0.00835364,0.00569086,0.02672218,0.01273885,0.03898213,0.05699088,1.00000000,0.00513875,0.06056018,0.00418702,0.00034114,0.00072027,0.00372093,0.00248242,0.00270368,0.00000000
0.00482509,0.00905401,0.00066432,0.00000000,0.00102302,0.00000000,0.00011734,0.00000000,0.00000000,0.00028969,0.00195394,0.00000000,0.00106270,0.00000000,0.00000000,0.00045413,0.00792562,0.00034530,0.00000000,0.00000000,0.00245942,0.00158781,0.00039193,0.00059268,0.00721537,0.00801496,0.00061939,0.00000000,0.00044410,0.00000000,0.00000000,0.00000000,0.00000000,0.00071016,0.00070851,0.00509954,0.00731748,0.00000000,0.07650273,0.00135084,0.00121267,0.00252005,0.01367079,0.00008019,0.00017855,0.00014616,0.00036894,0.02013190,0.00337203,0.00686621,0.01809325,0.00320684,0.04743976,0.00513875,1.00000000,0.03717472,0.00000000,0.00000000,0.00035936,0.00037044,0.00070826,0.00161871,0.00000000
0.00366239,0.02525515,0.00000000,0.00000000,0.00000000,0.00000000,0.00000000,0.00000000,0.00000000,0.00000000,0.00030581,0.00000000,0.00000000,0.00000000,0.00000000,0.00000000,0.00101078,0.00000000,0.00000000,0.00000000,0.00116245,0.00000000,0.00000000,0.00061156,0.00155086,0.00192431,0.00000000,0.00000000,0.00000000,0.00000000,0.00000000,0.00610376,0.01771287,0.00010477,0.00085826,0.00104471,0.00037120,0.00000000,0.00048512,0.00000000,0.00000000,0.00000000,0.00083542,0.00049352,0.00027551,0.00246794,0.00018994,0.01945622,0.00089401,0.01106901,0.00738916,0.00642055,0.00492368,0.06056018,0.03717472,1.00000000,0.04807692,0.00000000,0.00000000,0.00000000,0.00049026,0.00019057,0.00000000
0.00261481,0.00237570,0.00000000,0.00000000,0.00000000,0.00000000,0.00000000,0.00000000,0.00000000,0.00000000,0.00030066,0.00000000,0.00000000,0.00000000,0.00000000,0.00000000,0.00033069,0.00000000,0.00000000,0.00035797,0.00450324,0.00000000,0.00043573,0.00030404,0.00437299,0.00123839,0.00000000,0.00000000,0.00023546,0.00060892,0.00000000,0.00196014,0.00335980,0.00031248,0.00012177,0.00185874,0.00109091,0.00059898,0.00048077,0.00000000,0.00000000,0.00024340,0.00081633,0.00090064,0.00109639,0.00744740,0.00047234,0.00172202,0.00671738,0.03232844,0.01082251,0.00736377,0.00000000,0.00418702,0.00000000,0.04807692,1.00000000,0.00035090,0.00018836,0.00163733,0.00194766,0.00018855,0.00000000
