36064,63795,94893,107818,55644,45261,101710,47095,54117,73323,64816,67858,58674,50601,38739,98731,58672,59316,57133,80340,47303,61675,54009,124049,185723,81106,47834,43920,70587,63439,46625,45318,59167,108831,105931,79256,55836,51603,99335,79197,55155,67127,72738,143898,146382,177631,194333,71550,135972,154177,49107,55333,92064,64219,58818,41083,45661,131148,91342,72033,121921,79907,36746
63795,27731,86560,99485,47311,36928,93377,38762,45784,64990,56483,59525,50341,42268,30406,90398,50339,50983,48800,72007,38970,53342,45676,115716,177390,72773,39501,35587,62254,55106,38292,36985,50834,100498,97598,70923,47503,43270,91002,70864,46822,58794,64405,135565,138049,169298,186000,63217,127639,145844,40774,47000,83731,55886,50485,32750,37328,122815,83009,63700,113588,71574,28413
94893,86560,58829,130583,78409,68026,124475,69860,76882,96088,87581,90623,81439,73366,61504,121496,81437,82081,79898,103105,70068,84440,76774,146814,208488,103871,70599,66685,93352,86204,69390,68083,81932,131596,128696,102021,78601,74368,122100,101962,77920,89892,95503,166663,169147,200396,217098,94315,158737,176942,71872,78098,114829,86984,81583,63848,68426,153913,114107,94798,144686,102672,59511
107818,99485,130583,71754,91334,80951,137400,82785,89807,109013,100506,103548,94364,86291,74429,134421,94362,95006,92823,116030,82993,97365,89699,159739,221413,116796,83524,79610,106277,99129,82315,81008,94857,144521,141621,114946,91526,87293,135025,114887,90845,102817,108428,179588,182072,213321,230023,107240,171662,189867,84797,91023,127754,99909,94508,76773,81351,166838,127032,107723,157611,115597,72436
55644,47311,78409,91334,19580,28777,85226,30611,37633,56839,48332,51374,42190,34117,22255,82247,42188,42832,40649,63856,30819,45191,37525,107565,169239,64622,31350,27436,54103,46955,30141,28834,42683,92347,89447,62772,39352,35119,82851,62713,38671,50643,56254,127414,129898,161147,177849,55066,119488,137693,32623,38849,75580,47735,42334,24599,29177,114664,74858,55549,105437,63423,20262
45261,36928,68026,80951,28777,9197,74843,20228,27250,46456,37949,40991,31807,23734,11872,71864,31805,32449,30266,53473,20436,34808,27142,97182,158856,54239,20967,17053,43720,36572,19758,18451,32300,81964,79064,52389,28969,24736,72468,52330,28288,40260,45871,117031,119515,150764,167466,44683,109105,127310,22240,28466,65197,37352,31951,14216,18794,104281,64475,45166,95054,53040,9879
101710,93377,124475,137400,85226,74843,65646,76677,83699,102905,94398,97440,88256,80183,68321,128313,88254,88898,86715,109922,76885,91257,83591,153631,215305,110688,77416,73502,100169,93021,76207,74900,88749,138413,135513,108838,85418,81185,128917,108779,84737,96709,102320,173480,175964,207213,223915,101132,165554,183759,78689,84915,121646,93801,88400,70665,75243,160730,120924,101615,151503,109489,66328
47095,38762,69860,82785,30611,20228,76677,11031,29084,48290,39783,42825,33641,25568,13706,73698,33639,34283,32100,55307,22270,36642,28976,99016,160690,56073,22801,18887,45554,38406,21592,20285,34134,83798,80898,54223,30803,26570,74302,54164,30122,42094,47705,118865,121349,152598,169300,46517,110939,129144,24074,30300,67031,39186,33785,16050,20628,106115,66309,47000,96888,54874,11713
54117,45784,76882,89807,37633,27250,83699,29084,18053,55312,46805,49847,40663,32590,20728,80720,40661,41305,39122,62329,29292,43664,35998,106038,167712,63095,29823,25909,52576,45428,28614,27307,41156,90820,87920,61245,37825,33592,81324,61186,37144,49116,54727,125887,128371,159620,176322,53539,117961,136166,31096,37322,74053,46208,40807,23072,27650,113137,73331,54022,103910,61896,18735
73323,64990,96088,109013,56839,46456,102905,48290,55312,37259,66011,69053,59869,51796,39934,99926,59867,60511,58328,81535,48498,62870,55204,125244,186918,82301,49029,45115,71782,64634,47820,46513,60362,110026,107126,80451,57031,52798,100530,80392,56350,68322,73933,145093,147577,178826,195528,72745,137167,155372,50302,56528,93259,65414,60013,42278,46856,132343,92537,73228,123116,81102,37941
64816,56483,87581,100506,48332,37949,94398,39783,46805,66011,28752,60546,51362,43289,31427,91419,51360,52004,49821,73028,39991,54363,46697,116737,178411,73794,40522,36608,63275,56127,39313,38006,51855,101519,98619,71944,48524,44291,92023,71885,47843,59815,65426,136586,139070,170319,187021,64238,128660,146865,41795,48021,84752,56907,51506,33771,38349,123836,84030,64721,114609,72595,29434
67858,59525,90623,103548,51374,40991,97440,42825,49847,69053,60546,31794,54404,46331,34469,94461,54402,55046,52863,76070,43033,57405,49739,119779,181453,76836,43564,39650,66317,59169,42355,41048,54897,104561,101661,74986,51566,47333,95065,74927,50885,62857,68468,139628,142112,173361,190063,67280,131702,149907,44837,51063,87794,59949,54548,36813,41391,126878,87072,67763,117651,75637,32476
58674,50341,81439,94364,42190,31807,88256,33641,40663,59869,51362,54404,22610,37147,25285,85277,45218,45862,43679,66886,33849,48221,40555,110595,172269,67652,34380,30466,57133,49985,33171,31864,45713,95377,92477,65802,42382,38149,85881,65743,41701,53673,59284,130444,132928,164177,180879,58096,122518,140723,35653,41879,78610,50765,45364,27629,32207,117694,77888,58579,108467,66453,23292
50601,42268,73366,86291,34117,23734,80183,25568,32590,51796,43289,46331,37147,14537,17212,77204,37145,37789,35606,58813,25776,40148,32482,102522,164196,59579,26307,22393,49060,41912,25098,23791,37640,87304,84404,57729,34309,30076,77808,57670,33628,45600,51211,122371,124855,156104,172806,50023,114445,132650,27580,33806,70537,42692,37291,19556,24134,109621,69815,50506,100394,58380,15219
38739,30406,61504,74429,22255,11872,68321,13706,20728,39934,31427,34469,25285,17212,2675,65342,25283,25927,23744,46951,13914,28286,20620,90660,152334,47717,14445,10531,37198,30050,13236,11929,25778,75442,72542,45867,22447,18214,65946,45808,21766,33738,39349,110509,112993,144242,160944,38161,102583,120788,15718,21944,58675,30830,25429,7694,12272,97759,57953,38644,88532,46518,3357
98731,90398,121496,134421,82247,71864,128313,73698,80720,99926,91419,94461,85277,77204,65342,62667,85275,85919,83736,106943,73906,88278,80612,150652,212326,107709,74437,70523,97190,90042,73228,71921,85770,135434,132534,105859,82439,78206,125938,105800,81758,93730,99341,170501,172985,204234,220936,98153,162575,180780,75710,81936,118667,90822,85421,67686,72264,157751,117945,98636,148524,106510,63349
58672,50339,81437,94362,42188,31805,88254,33639,40661,59867,51360,54402,45218,37145,25283,85275,22608,45860,43677,66884,33847,48219,40553,110593,172267,67650,34378,30464,57131,49983,33169,31862,45711,95375,92475,65800,42380,38147,85879,65741,41699,53671,59282,130442,132926,164175,180877,58094,122516,140721,35651,41877,78608,50763,45362,27627,32205,117692,77886,58577,108465,66451,23290
59316,50983,82081,95006,42832,32449,88898,34283,41305,60511,52004,55046,45862,37789,25927,85919,45860,23252,44321,67528,34491,48863,41197,111237,172911,68294,35022,31108,57775,50627,33813,32506,46355,96019,93119,66444,43024,38791,86523,66385,42343,54315,59926,131086,133570,164819,181521,58738,123160,141365,36295,42521,79252,51407,46006,28271,32849,118336,78530,59221,109109,67095,23934
57133,48800,79898,92823,40649,30266,86715,32100,39122,58328,49821,52863,43679,35606,23744,83736,43677,44321,21069,65345,32308,46680,39014,109054,170728,66111,32839,28925,55592,48444,31630,30323,44172,93836,90936,64261,40841,36608,84340,64202,40160,52132,57743,128903,131387,162636,179338,56555,120977,139182,34112,40338,77069,49224,43823,26088,30666,116153,76347,57038,106926,64912,21751
80340,72007,103105,116030,63856,53473,109922,55307,62329,81535,73028,76070,66886,58813,46951,106943,66884,67528,65345,44276,55515,69887,62221,132261,193935,89318,56046,52132,78799,71651,54837,53530,67379,117043,114143,87468,64048,59815,107547,87409,63367,75339,80950,152110,154594,185843,202545,79762,144184,162389,57319,63545,100276,72431,67030,49295,53873,139360,99554,80245,130133,88119,44958
47303,38970,70068,82993,30819,20436,76885,22270,29292,48498,39991,43033,33849,25776,13914,73906,33847,34491,32308,55515,11239,36850,29184,99224,160898,56281,23009,19095,45762,38614,21800,20493,34342,84006,81106,54431,31011,26778,74510,54372,30330,42302,47913,119073,121557,152806,169508,46725,111147,129352,24282,30508,67239,39394,33993,16258,20836,106323,66517,47208,97096,55082,11921
61675,53342,84440,97365,45191,34808,91257,36642,43664,62870,54363,57405,48221,40148,28286,88278,48219,48863,46680,69887,36850,25611,43556,113596,175270,70653,37381,33467,60134,52986,36172,34865,48714,98378,95478,68803,45383,41150,88882,68744,44702,56674,62285,133445,135929,167178,183880,61097,125519,143724,38654,44880,81611,53766,48365,30630,35208,120695,80889,61580,111468,69454,26293
54009,45676,76774,89699,37525,27142,83591,28976,35998,55204,46697,49739,40555,32482,20620,80612,40553,41197,39014,62221,29184,43556,17945,105930,167604,62987,29715,25801,52468,45320,28506,27199,41048,90712,87812,61137,37717,33484,81216,61078,37036,49008,54619,125779,128263,159512,176214,53431,117853,136058,30988,37214,73945,46100,40699,22964,27542,113029,73223,53914,103802,61788,18627
124049,115716,146814,159739,107565,97182,153631,99016,106038,125244,116737,119779,110595,102522,90660,150652,110593,111237,109054,132261,99224,113596,105930,87985,237644,133027,99755,95841,122508,115360,98546,97239,111088,160752,157852,131177,107757,103524,151256,131118,107076,119048,124659,195819,198303,229552,246254,123471,187893,206098,101028,107254,143985,116140,110739,93004,97582,183069,143263,123954,173842,131828,88667
185723,177390,208488,221413,169239,158856,215305,160690,167712,186918,178411,181453,172269,164196,152334,212326,172267,172911,170728,193935,160898,175270,167604,237644,149659,194701,161429,157515,184182,177034,160220,158913,172762,222426,219526,192851,169431,165198,212930,192792,168750,180722,186333,257493,259977,291226,307928,185145,249567,267772,162702,168928,205659,177814,172413,154678,159256,244743,204937,185628,235516,193502,150341
81106,72773,103871,116796,64622,54239,110688,56073,63095,82301,73794,76836,67652,59579,47717,107709,67650,68294,66111,89318,56281,70653,62987,133027,194701,45042,56812,52898,79565,72417,55603,54296,68145,117809,114909,88234,64814,60581,108313,88175,64133,76105,81716,152876,155360,186609,203311,80528,144950,163155,58085,64311,101042,73197,67796,50061,54639,140126,100320,81011,130899,88885,45724
47834,39501,70599,83524,31350,20967,77416,22801,29823,49029,40522,43564,34380,26307,14445,74437,34378,35022,32839,56046,23009,37381,29715,99755,161429,56812,11770,19626,46293,39145,22331,21024,34873,84537,81637,54962,31542,27309,75041,54903,30861,42833,48444,119604,122088,153337,170039,47256,111678,129883,24813,31039,67770,39925,34524,16789,21367,106854,67048,47739,97627,55613,12452
43920,35587,66685,79610,27436,17053,73502,18887,25909,45115,36608,39650,30466,22393,10531,70523,30464,31108,28925,52132,19095,33467,25801,95841,157515,52898,19626,7856,42379,35231,18417,17110,30959,80623,77723,51048,27628,23395,71127,50989,26947,38919,44530,115690,118174,149423,166125,43342,107764,125969,20899,27125,63856,36011,30610,12875,17453,102940,63134,43825,93713,51699,8538
70587,62254,93352,106277,54103,43720,100169,45554,52576,71782,63275,66317,57133,49060,37198,97190,57131,57775,55592,78799,45762,60134,52468,122508,184182,79565,46293,42379,34523,61898,45084,43777,57626,107290,104390,77715,54295,50062,97794,77656,53614,65586,71197,142357,144841,176090,192792,70009,134431,152636,47566,53792,90523,62678,57277,39542,44120,129607,89801,70492,120380,78366,35205
63439,55106,86204,99129,46955,36572,93021,38406,45428,64634,56127,59169,49985,41912,30050,90042,49983,50627,48444,71651,38614,52986,45320,115360,177034,72417,39145,35231,61898,27375,37936,36629,50478,100142,97242,70567,47147,42914,90646,70508,46466,58438,64049,135209,137693,168942,185644,62861,127283,145488,40418,46644,83375,55530,50129,32394,36972,122459,82653,63344,113232,71218,28057
46625,38292,69390,82315,30141,19758,76207,21592,28614,47820,39313,42355,33171,25098,13236,73228,33169,33813,31630,54837,21800,36172,28506,98546,160220,55603,22331,18417,45084,37936,10561,19815,33664,83328,80428,53753,30333,26100,73832,53694,29652,41624,47235,118395,120879,152128,168830,46047,110469,128674,23604,29830,66561,38716,33315,15580,20158,105645,65839,46530,96418,54404,11243
45318,36985,68083,81008,28834,18451,74900,20285,27307,46513,38006,41048,31864,23791,11929,71921,31862,32506,30323,53530,20493,34865,27199,97239,158913,54296,21024,17110,43777,36629,19815,9254,32357,82021,79121,52446,29026,24793,72525,52387,28345,40317,45928,117088,119572,150821,167523,44740,109162,127367,22297,28523,65254,37409,32008,14273,18851,104338,64532,45223,95111,53097,9936
59167,50834,81932,94857,42683,32300,88749,34134,41156,60362,51855,54897,45713,37640,25778,85770,45711,46355,44172,67379,34342,48714,41048,111088,172762,68145,34873,30959,57626,50478,33664,32357,23103,95870,92970,66295,42875,38642,86374,66236,42194,54166,59777,130937,133421,164670,181372,58589,123011,141216,36146,42372,79103,51258,45857,28122,32700,118187,78381,59072,108960,66946,23785
108831,100498,131596,144521,92347,81964,138413,83798,90820,110026,101519,104561,95377,87304,75442,135434,95375,96019,93836,117043,84006,98378,90712,160752,222426,117809,84537,80623,107290,100142,83328,82021,95870,72767,142634,115959,92539,88306,136038,115900,91858,103830,109441,180601,183085,214334,231036,108253,172675,190880,85810,92036,128767,100922,95521,77786,82364,167851,128045,108736,158624,116610,73449
105931,97598,128696,141621,89447,79064,135513,80898,87920,107126,98619,101661,92477,84404,72542,132534,92475,93119,90936,114143,81106,95478,87812,157852,219526,114909,81637,77723,104390,97242,80428,79121,92970,142634,69867,113059,89639,85406,133138,113000,88958,100930,106541,177701,180185,211434,228136,105353,169775,187980,82910,89136,125867,98022,92621,74886,79464,164951,125145,105836,155724,113710,70549
79256,70923,102021,114946,62772,52389,108838,54223,61245,80451,71944,74986,65802,57729,45867,105859,65800,66444,64261,87468,54431,68803,61137,131177,192851,88234,54962,51048,77715,70567,53753,52446,66295,115959,113059,43192,62964,58731,106463,86325,62283,74255,79866,151026,153510,184759,201461,78678,143100,161305,56235,62461,99192,71347,65946,48211,52789,138276,98470,79161,129049,87035,43874
55836,47503,78601,91526,39352,28969,85418,30803,37825,57031,48524,51566,42382,34309,22447,82439,42380,43024,40841,64048,31011,45383,37717,107757,169431,64814,31542,27628,54295,47147,30333,29026,42875,92539,89639,62964,19772,35311,83043,62905,38863,50835,56446,127606,130090,161339,178041,55258,119680,137885,32815,39041,75772,47927,42526,24791,29369,114856,75050,55741,105629,63615,20454
51603,43270,74368,87293,35119,24736,81185,26570,33592,52798,44291,47333,38149,30076,18214,78206,38147,38791,36608,59815,26778,41150,33484,103524,165198,60581,27309,23395,50062,42914,26100,24793,38642,88306,85406,58731,35311,15539,78810,58672,34630,46602,52213,123373,125857,157106,173808,51025,115447,133652,28582,34808,71539,43694,38293,20558,25136,110623,70817,51508,101396,59382,16221
99335,91002,122100,135025,82851,72468,128917,74302,81324,100530,92023,95065,85881,77808,65946,125938,85879,86523,84340,107547,74510,88882,81216,151256,212930,108313,75041,71127,97794,90646,73832,72525,86374,136038,133138,106463,83043,78810,63271,106404,82362,94334,99945,171105,173589,204838,221540,98757,163179,181384,76314,82540,119271,91426,86025,68290,72868,158355,118549,99240,149128,107114,63953
79197,70864,101962,114887,62713,52330,108779,54164,61186,80392,71885,74927,65743,57670,45808,105800,65741,66385,64202,87409,54372,68744,61078,131118,192792,88175,54903,50989,77656,70508,53694,52387,66236,115900,113000,86325,62905,58672,106404,43133,62224,74196,79807,150967,153451,184700,201402,78619,143041,161246,56176,62402,99133,71288,65887,48152,52730,138217,98411,79102,128990,86976,43815
55155,46822,77920,90845,38671,28288,84737,30122,37144,56350,47843,50885,41701,33628,21766,81758,41699,42343,40160,63367,30330,44702,37036,107076,168750,64133,30861,26947,53614,46466,29652,28345,42194,91858,88958,62283,38863,34630,82362,62224,19091,50154,55765,126925,129409,160658,177360,54577,118999,137204,32134,38360,75091,47246,41845,24110,28688,114175,74369,55060,104948,62934,19773
67127,58794,89892,102817,50643,40260,96709,42094,49116,68322,59815,62857,53673,45600,33738,93730,53671,54315,52132,75339,42302,56674,49008,119048,180722,76105,42833,38919,65586,58438,41624,40317,54166,103830,100930,74255,50835,46602,94334,74196,50154,31063,67737,138897,141381,172630,189332,66549,130971,149176,44106,50332,87063,59218,53817,36082,40660,126147,86341,67032,116920,74906,31745
72738,64405,95503,108428,56254,45871,102320,47705,54727,73933,65426,68468,59284,51211,39349,99341,59282,59926,57743,80950,47913,62285,54619,124659,186333,81716,48444,44530,71197,64049,47235,45928,59777,109441,106541,79866,56446,52213,99945,79807,55765,67737,36674,144508,146992,178241,194943,72160,136582,154787,49717,55943,92674,64829,59428,41693,46271,131758,91952,72643,122531,80517,37356
143898,135565,166663,179588,127414,117031,173480,118865,125887,145093,136586,139628,130444,122371,110509,170501,130442,131086,128903,152110,119073,133445,125779,195819,257493,152876,119604,115690,142357,135209,118395,117088,130937,180601,177701,151026,127606,123373,171105,150967,126925,138897,144508,107834,218152,249401,266103,143320,207742,225947,120877,127103,163834,135989,130588,112853,117431,202918,163112,143803,193691,151677,108516
146382,138049,169147,182072,129898,119515,175964,121349,128371,147577,139070,142112,132928,124855,112993,172985,132926,133570,131387,154594,121557,135929,128263,198303,259977,155360,122088,118174,144841,137693,120879,119572,133421,183085,180185,153510,130090,125857,173589,153451,129409,141381,146992,218152,110318,251885,268587,145804,210226,228431,123361,129587,166318,138473,133072,115337,119915,205402,165596,146287,196175,154161,111000
177631,169298,200396,213321,161147,150764,207213,152598,159620,178826,170319,173361,164177,156104,144242,204234,164175,164819,162636,185843,152806,167178,159512,229552,291226,186609,153337,149423,176090,168942,152128,150821,164670,214334,211434,184759,161339,157106,204838,184700,160658,172630,178241,249401,251885,141567,299836,177053,241475,259680,154610,160836,197567,169722,164321,146586,151164,236651,196845,177536,227424,185410,142249
194333,186000,217098,230023,177849,167466,223915,169300,176322,195528,187021,190063,180879,172806,160944,220936,180877,181521,179338,202545,169508,183880,176214,246254,307928,203311,170039,166125,192792,185644,168830,167523,181372,231036,228136,201461,178041,173808,221540,201402,177360,189332,194943,266103,268587,299836,158269,193755,258177,276382,171312,177538,214269,186424,181023,163288,167866,253353,213547,194238,244126,202112,158951
71550,63217,94315,107240,55066,44683,101132,46517,53539,72745,64238,67280,58096,50023,38161,98153,58094,58738,56555,79762,46725,61097,53431,123471,185145,80528,47256,43342,70009,62861,46047,44740,58589,108253,105353,78678,55258,51025,98757,78619,54577,66549,72160,143320,145804,177053,193755,35486,135394,153599,48529,54755,91486,63641,58240,40505,45083,130570,90764,71455,121343,79329,36168
135972,127639,158737,171662,119488,109105,165554,110939,117961,137167,128660,131702,122518,114445,102583,162575,122516,123160,120977,144184,111147,125519,117853,187893,249567,144950,111678,107764,134431,127283,110469,109162,123011,172675,169775,143100,119680,115447,163179,143041,118999,130971,136582,207742,210226,241475,258177,135394,99908,218021,112951,119177,155908,128063,122662,104927,109505,194992,155186,135877,185765,143751,100590
154177,145844,176942,189867,137693,127310,183759,129144,136166,155372,146865,149907,140723,132650,120788,180780,140721,141365,139182,162389,129352,143724,136058,206098,267772,163155,129883,125969,152636,145488,128674,127367,141216,190880,187980,161305,137885,133652,181384,161246,137204,149176,154787,225947,228431,259680,276382,153599,218021,118113,131156,137382,174113,146268,140867,123132,127710,213197,173391,154082,203970,161956,118795
49107,40774,71872,84797,32623,22240,78689,24074,31096,50302,41795,44837,35653,27580,15718,75710,35651,36295,34112,57319,24282,38654,30988,101028,162702,58085,24813,20899,47566,40418,23604,22297,36146,85810,82910,56235,32815,28582,76314,56176,32134,44106,49717,120877,123361,154610,171312,48529,112951,131156,13043,32312,69043,41198,35797,18062,22640,108127,68321,49012,98900,56886,13725
55333,47000,78098,91023,38849,28466,84915,30300,37322,56528,48021,51063,41879,33806,21944,81936,41877,42521,40338,63545,30508,44880,37214,107254,168928,64311,31039,27125,53792,46644,29830,28523,42372,92036,89136,62461,39041,34808,82540,62402,38360,50332,55943,127103,129587,160836,177538,54755,119177,137382,32312,19269,75269,47424,42023,24288,28866,114353,74547,55238,105126,63112,19951
92064,83731,114829,127754,75580,65197,121646,67031,74053,93259,84752,87794,78610,70537,58675,118667,78608,79252,77069,100276,67239,81611,73945,143985,205659,101042,67770,63856,90523,83375,66561,65254,79103,128767,125867,99192,75772,71539,119271,99133,75091,87063,92674,163834,166318,197567,214269,91486,155908,174113,69043,75269,56000,84155,78754,61019,65597,151084,111278,91969,141857,99843,56682
64219,55886,86984,99909,47735,37352,93801,39186,46208,65414,56907,59949,50765,42692,30830,90822,50763,51407,49224,72431,39394,53766,46100,116140,177814,73197,39925,36011,62678,55530,38716,37409,51258,100922,98022,71347,47927,43694,91426,71288,47246,59218,64829,135989,138473,169722,186424,63641,128063,146268,41198,47424,84155,28155,50909,33174,37752,123239,83433,64124,114012,71998,28837
58818,50485,81583,94508,42334,31951,88400,33785,40807,60013,51506,54548,45364,37291,25429,85421,45362,46006,43823,67030,33993,48365,40699,110739,172413,67796,34524,30610,57277,50129,33315,32008,45857,95521,92621,65946,42526,38293,86025,65887,41845,53817,59428,130588,133072,164321,181023,58240,122662,140867,35797,42023,78754,50909,22754,27773,32351,117838,78032,58723,108611,66597,23436
41083,32750,63848,76773,24599,14216,70665,16050,23072,42278,33771,36813,27629,19556,7694,67686,27627,28271,26088,49295,16258,30630,22964,93004,154678,50061,16789,12875,39542,32394,15580,14273,28122,77786,74886,48211,24791,20558,68290,48152,24110,36082,41693,112853,115337,146586,163288,40505,104927,123132,18062,24288,61019,33174,27773,5019,14616,100103,60297,40988,90876,48862,5701
45661,37328,68426,81351,29177,18794,75243,20628,27650,46856,38349,41391,32207,24134,12272,72264,32205,32849,30666,53873,20836,35208,27542,97582,159256,54639,21367,17453,44120,36972,20158,18851,32700,82364,79464,52789,29369,25136,72868,52730,28688,40660,46271,117431,119915,151164,167866,45083,109505,127710,22640,28866,65597,37752,32351,14616,9597,104681,64875,45566,95454,53440,10279
131148,122815,153913,166838,114664,104281,160730,106115,113137,132343,123836,126878,117694,109621,97759,157751,117692,118336,116153,139360,106323,120695,113029,183069,244743,140126,106854,102940,129607,122459,105645,104338,118187,167851,164951,138276,114856,110623,158355,138217,114175,126147,131758,202918,205402,236651,253353,130570,194992,213197,108127,114353,151084,123239,117838,100103,104681,95084,150362,131053,180941,138927,95766
91342,83009,114107,127032,74858,64475,120924,66309,73331,92537,84030,87072,77888,69815,57953,117945,77886,78530,76347,99554,66517,80889,73223,143263,204937,100320,67048,63134,89801,82653,65839,64532,78381,128045,125145,98470,75050,70817,118549,98411,74369,86341,91952,163112,165596,196845,213547,90764,155186,173391,68321,74547,111278,83433,78032,60297,64875,150362,55278,91247,141135,99121,55960
72033,63700,94798,107723,55549,45166,101615,47000,54022,73228,64721,67763,58579,50506,38644,98636,58577,59221,57038,80245,47208,61580,53914,123954,185628,81011,47739,43825,70492,63344,46530,45223,59072,108736,105836,79161,55741,51508,99240,79102,55060,67032,72643,143803,146287,177536,194238,71455,135877,154082,49012,55238,91969,64124,58723,40988,45566,131053,91247,35969,121826,79812,36651
121921,113588,144686,157611,105437,95054,151503,96888,103910,123116,114609,117651,108467,100394,88532,148524,108465,109109,106926,130133,97096,111468,103802,173842,235516,130899,97627,93713,120380,113232,96418,95111,108960,158624,155724,129049,105629,101396,149128,128990,104948,116920,122531,193691,196175,227424,244126,121343,185765,203970,98900,105126,141857,114012,108611,90876,95454,180941,141135,121826,85857,129700,86539
79907,71574,102672,115597,63423,53040,109489,54874,61896,81102,72595,75637,66453,58380,46518,106510,66451,67095,64912,88119,55082,69454,61788,131828,193502,88885,55613,51699,78366,71218,54404,53097,66946,116610,113710,87035,63615,59382,107114,86976,62934,74906,80517,151677,154161,185410,202112,79329,143751,161956,56886,63112,99843,71998,66597,48862,53440,138927,99121,79812,129700,43843,44525
36746,28413,59511,72436,20262,9879,66328,11713,18735,37941,29434,32476,23292,15219,3357,63349,23290,23934,21751,44958,11921,26293,18627,88667,150341,45724,12452,8538,35205,28057,11243,9936,23785,73449,70549,43874,20454,16221,63953,43815,19773,31745,37356,108516,111000,142249,158951,36168,100590,118795,13725,19951,56682,28837,23436,5701,10279,95766,55960,36651,86539,44525,682
