1.00000000,0.29589700,0.00935039,0.10663710,0.10965590,0.04941941,0.00727728
0.29589700,1.00000000,0.03884758,0.14483864,0.17240866,0.08519396,0.01091541
0.00935039,0.03884758,1.00000000,0.04774756,0.01544847,0.01445264,0.00390168
0.10663710,0.14483864,0.04774756,1.00000000,0.08789109,0.05133287,0.00715447
0.10965590,0.17240866,0.01544847,0.08789109,1.00000000,0.12235877,0.02291098
0.04941941,0.08519396,0.01445264,0.05133287,0.12235877,1.00000000,0.03470716
0.00727728,0.01091541,0.00390168,0.00715447,0.02291098,0.03470716,1.00000000
