15641,25786,16256,19843,32374,21530,17589
25786,10145,10760,14347,26878,16034,12093
16256,10760,615,4817,17348,6504,2563
19843,14347,4817,4202,20935,10091,6150
32374,26878,17348,20935,16733,22622,18681
21530,16034,6504,10091,22622,5889,7837
17589,12093,2563,6150,18681,7837,1948
