495,1112,1938,1849,1003,760,1673,768,982,1073,1169,1200,745,951,495,2297,996,964,1084,1650,803,1176,932,2154,2532,695,731,806,1359,1093,827,731,1068,2514,2226,1310,1049,802,1631,1720,1072,1329,945,2844,2535,2990,2584,1254,2271,2241,497,496,526,505,501,496,496,1960,1483,955,1881,1430,498
1112,617,2060,1971,1125,882,1795,890,1104,1195,1291,1322,867,1073,617,2419,1118,1086,1206,1772,925,1298,1054,2276,2654,817,853,928,1481,1215,949,853,1190,2636,2348,1432,1171,924,1753,1842,1194,1451,1067,2966,2657,3112,2706,1376,2393,2363,619,618,648,627,623,618,618,2082,1605,1077,2003,1552,620
1938,2060,1443,2797,1951,1708,2621,1716,1930,2021,2117,2148,1693,1899,1443,3245,1944,1912,2032,2598,1751,2124,1880,3102,3480,1643,1679,1754,2307,2041,1775,1679,2016,3462,3174,2258,1997,1750,2579,2668,2020,2277,1893,3792,3483,3938,3532,2202,3219,3189,1445,1444,1474,1453,1449,1444,1444,2908,2431,1903,2829,2378,1446
1849,1971,2797,1354,1862,1619,2532,1627,1841,1932,2028,2059,1604,1810,1354,3156,1855,1823,1943,2509,1662,2035,1791,3013,3391,1554,1590,1665,2218,1952,1686,1590,1927,3373,3085,2169,1908,1661,2490,2579,1931,2188,1804,3703,3394,3849,3443,2113,3130,3100,1356,1355,1385,1364,1360,1355,1355,2819,2342,1814,2740,2289,1357
1003,1125,1951,1862,508,773,1686,781,995,1086,1182,1213,758,964,508,2310,1009,977,1097,1663,816,1189,945,2167,2545,708,744,819,1372,1106,840,744,1081,2527,2239,1323,1062,815,1644,1733,1085,1342,958,2857,2548,3003,2597,1267,2284,2254,510,509,539,518,514,509,509,1973,1496,968,1894,1443,511
760,882,1708,1619,773,265,1443,538,752,843,939,970,515,721,265,2067,766,734,854,1420,573,946,702,1924,2302,465,501,576,1129,863,597,501,838,2284,1996,1080,819,572,1401,1490,842,1099,715,2614,2305,2760,2354,1024,2041,2011,267,266,296,275,271,266,266,1730,1253,725,1651,1200,268
1673,1795,2621,2532,1686,1443,1178,1451,1665,1756,1852,1883,1428,1634,1178,2980,1679,1647,1767,2333,1486,1859,1615,2837,3215,1378,1414,1489,2042,1776,1510,1414,1751,3197,2909,1993,1732,1485,2314,2403,1755,2012,1628,3527,3218,3673,3267,1937,2954,2924,1180,1179,1209,1188,1184,1179,1179,2643,2166,1638,2564,2113,1181
768,890,1716,1627,781,538,1451,273,760,851,947,978,523,729,273,2075,774,742,862,1428,581,954,710,1932,2310,473,509,584,1137,871,605,509,846,2292,2004,1088,827,580,1409,1498,850,1107,723,2622,2313,2768,2362,1032,2049,2019,275,274,304,283,279,274,274,1738,1261,733,1659,1208,276
982,1104,1930,1841,995,752,1665,760,487,1065,1161,1192,737,943,487,2289,988,956,1076,1642,795,1168,924,2146,2524,687,723,798,1351,1085,819,723,1060,2506,2218,1302,1041,794,1623,1712,1064,1321,937,2836,2527,2982,2576,1246,2263,2233,489,488,518,497,493,488,488,1952,1475,947,1873,1422,490
1073,1195,2021,1932,1086,843,1756,851,1065,578,1252,1283,828,1034,578,2380,1079,1047,1167,1733,886,1259,1015,2237,2615,778,814,889,1442,1176,910,814,1151,2597,2309,1393,1132,885,1714,1803,1155,1412,1028,2927,2618,3073,2667,1337,2354,2324,580,579,609,588,584,579,579,2043,1566,1038,1964,1513,581
1169,1291,2117,2028,1182,939,1852,947,1161,1252,674,1379,924,1130,674,2476,1175,1143,1263,1829,982,1355,1111,2333,2711,874,910,985,1538,1272,1006,910,1247,2693,2405,1489,1228,981,1810,1899,1251,1508,1124,3023,2714,3169,2763,1433,2450,2420,676,675,705,684,680,675,675,2139,1662,1134,2060,1609,677
1200,1322,2148,2059,1213,970,1883,978,1192,1283,1379,705,955,1161,705,2507,1206,1174,1294,1860,1013,1386,1142,2364,2742,905,941,1016,1569,1303,1037,941,1278,2724,2436,1520,1259,1012,1841,1930,1282,1539,1155,3054,2745,3200,2794,1464,2481,2451,707,706,736,715,711,706,706,2170,1693,1165,2091,1640,708
745,867,1693,1604,758,515,1428,523,737,828,924,955,250,706,250,2052,751,719,839,1405,558,931,687,1909,2287,450,486,561,1114,848,582,486,823,2269,1981,1065,804,557,1386,1475,827,1084,700,2599,2290,2745,2339,1009,2026,1996,252,251,281,260,256,251,251,1715,1238,710,1636,1185,253
951,1073,1899,1810,964,721,1634,729,943,1034,1130,1161,706,456,456,2258,957,925,1045,1611,764,1137,893,2115,2493,656,692,767,1320,1054,788,692,1029,2475,2187,1271,1010,763,1592,1681,1033,1290,906,2805,2496,2951,2545,1215,2232,2202,458,457,487,466,462,457,457,1921,1444,916,1842,1391,459
495,617,1443,1354,508,265,1178,273,487,578,674,705,250,456,0,1802,501,469,589,1155,308,681,437,1659,2037,200,236,311,864,598,332,236,573,2019,1731,815,554,307,1136,1225,577,834,450,2349,2040,2495,2089,759,1776,1746,2,1,31,10,6,1,1,1465,988,460,1386,935,3
2297,2419,3245,3156,2310,2067,2980,2075,2289,2380,2476,2507,2052,2258,1802,1802,2303,2271,2391,2957,2110,2483,2239,3461,3839,2002,2038,2113,2666,2400,2134,2038,2375,3821,3533,2617,2356,2109,2938,3027,2379,2636,2252,4151,3842,4297,3891,2561,3578,3548,1804,1803,1833,1812,1808,1803,1803,3267,2790,2262,3188,2737,1805
996,1118,1944,1855,1009,766,1679,774,988,1079,1175,1206,751,957,501,2303,501,970,1090,1656,809,1182,938,2160,2538,701,737,812,1365,1099,833,737,1074,2520,2232,1316,1055,808,1637,1726,1078,1335,951,2850,2541,2996,2590,1260,2277,2247,503,502,532,511,507,502,502,1966,1489,961,1887,1436,504
964,1086,1912,1823,977,734,1647,742,956,1047,1143,1174,719,925,469,2271,970,469,1058,1624,777,1150,906,2128,2506,669,705,780,1333,1067,801,705,1042,2488,2200,1284,1023,776,1605,1694,1046,1303,919,2818,2509,2964,2558,1228,2245,2215,471,470,500,479,475,470,470,1934,1457,929,1855,1404,472
1084,1206,2032,1943,1097,854,1767,862,1076,1167,1263,1294,839,1045,589,2391,1090,1058,589,1744,897,1270,1026,2248,2626,789,825,900,1453,1187,921,825,1162,2608,2320,1404,1143,896,1725,1814,1166,1423,1039,2938,2629,3084,2678,1348,2365,2335,591,590,620,599,595,590,590,2054,1577,1049,1975,1524,592
1650,1772,2598,2509,1663,1420,2333,1428,1642,1733,1829,1860,1405,1611,1155,2957,1656,1624,1744,1155,1463,1836,1592,2814,3192,1355,1391,1466,2019,1753,1487,1391,1728,3174,2886,1970,1709,1462,2291,2380,1732,1989,1605,3504,3195,3650,3244,1914,2931,2901,1157,1156,1186,1165,1161,1156,1156,2620,2143,1615,2541,2090,1158
803,925,1751,1662,816,573,1486,581,795,886,982,1013,558,764,308,2110,809,777,897,1463,308,989,745,1967,2345,508,544,619,1172,906,640,544,881,2327,2039,1123,862,615,1444,1533,885,1142,758,2657,2348,2803,2397,1067,2084,2054,310,309,339,318,314,309,309,1773,1296,768,1694,1243,311
1176,1298,2124,2035,1189,946,1859,954,1168,1259,1355,1386,931,1137,681,2483,1182,1150,1270,1836,989,681,1118,2340,2718,881,917,992,1545,1279,1013,917,1254,2700,2412,1496,1235,988,1817,1906,1258,1515,1131,3030,2721,3176,2770,1440,2457,2427,683,682,712,691,687,682,682,2146,1669,1141,2067,1616,684
932,1054,1880,1791,945,702,1615,710,924,1015,1111,1142,687,893,437,2239,938,906,1026,1592,745,1118,437,2096,2474,637,673,748,1301,1035,769,673,1010,2456,2168,1252,991,744,1573,1662,1014,1271,887,2786,2477,2932,2526,1196,2213,2183,439,438,468,447,443,438,438,1902,1425,897,1823,1372,440
2154,2276,3102,3013,2167,1924,2837,1932,2146,2237,2333,2364,1909,2115,1659,3461,2160,2128,2248,2814,1967,2340,2096,1659,3696,1859,1895,1970,2523,2257,1991,1895,2232,3678,3390,2474,2213,1966,2795,2884,2236,2493,2109,4008,3699,4154,3748,2418,3435,3405,1661,1660,1690,1669,1665,1660,1660,3124,2647,2119,3045,2594,1662
2532,2654,3480,3391,2545,2302,3215,2310,2524,2615,2711,2742,2287,2493,2037,3839,2538,2506,2626,3192,2345,2718,2474,3696,2037,2237,2273,2348,2901,2635,2369,2273,2610,4056,3768,2852,2591,2344,3173,3262,2614,2871,2487,4386,4077,4532,4126,2796,3813,3783,2039,2038,2068,2047,2043,2038,2038,3502,3025,2497,3423,2972,2040
695,817,1643,1554,708,465,1378,473,687,778,874,905,450,656,200,2002,701,669,789,1355,508,881,637,1859,2237,200,436,511,1064,798,532,436,773,2219,1931,1015,754,507,1336,1425,777,1034,650,2549,2240,2695,2289,959,1976,1946,202,201,231,210,206,201,201,1665,1188,660,1586,1135,203
731,853,1679,1590,744,501,1414,509,723,814,910,941,486,692,236,2038,737,705,825,1391,544,917,673,1895,2273,436,236,547,1100,834,568,472,809,2255,1967,1051,790,543,1372,1461,813,1070,686,2585,2276,2731,2325,995,2012,1982,238,237,267,246,242,237,237,1701,1224,696,1622,1171,239
806,928,1754,1665,819,576,1489,584,798,889,985,1016,561,767,311,2113,812,780,900,1466,619,992,748,1970,2348,511,547,311,1175,909,643,547,884,2330,2042,1126,865,618,1447,1536,888,1145,761,2660,2351,2806,2400,1070,2087,2057,313,312,342,321,317,312,312,1776,1299,771,1697,1246,314
1359,1481,2307,2218,1372,1129,2042,1137,1351,1442,1538,1569,1114,1320,864,2666,1365,1333,1453,2019,1172,1545,1301,2523,2901,1064,1100,1175,864,1462,1196,1100,1437,2883,2595,1679,1418,1171,2000,2089,1441,1698,1314,3213,2904,3359,2953,1623,2640,2610,866,865,895,874,870,865,865,2329,1852,1324,2250,1799,867
1093,1215,2041,1952,1106,863,1776,871,1085,1176,1272,1303,848,1054,598,2400,1099,1067,1187,1753,906,1279,1035,2257,2635,798,834,909,1462,598,930,834,1171,2617,2329,1413,1152,905,1734,1823,1175,1432,1048,2947,2638,3093,2687,1357,2374,2344,600,599,629,608,604,599,599,2063,1586,1058,1984,1533,601
827,949,1775,1686,840,597,1510,605,819,910,1006,1037,582,788,332,2134,833,801,921,1487,640,1013,769,1991,2369,532,568,643,1196,930,332,568,905,2351,2063,1147,886,639,1468,1557,909,1166,782,2681,2372,2827,2421,1091,2108,2078,334,333,363,342,338,333,333,1797,1320,792,1718,1267,335
731,853,1679,1590,744,501,1414,509,723,814,910,941,486,692,236,2038,737,705,825,1391,544,917,673,1895,2273,436,472,547,1100,834,568,236,809,2255,1967,1051,790,543,1372,1461,813,1070,686,2585,2276,2731,2325,995,2012,1982,238,237,267,246,242,237,237,1701,1224,696,1622,1171,239
1068,1190,2016,1927,1081,838,1751,846,1060,1151,1247,1278,823,1029,573,2375,1074,1042,1162,1728,881,1254,1010,2232,2610,773,809,884,1437,1171,905,809,573,2592,2304,1388,1127,880,1709,1798,1150,1407,1023,2922,2613,3068,2662,1332,2349,2319,575,574,604,583,579,574,574,2038,1561,1033,1959,1508,576
2514,2636,3462,3373,2527,2284,3197,2292,2506,2597,2693,2724,2269,2475,2019,3821,2520,2488,2608,3174,2327,2700,2456,3678,4056,2219,2255,2330,2883,2617,2351,2255,2592,2019,3750,2834,2573,2326,3155,3244,2596,2853,2469,4368,4059,4514,4108,2778,3795,3765,2021,2020,2050,2029,2025,2020,2020,3484,3007,2479,3405,2954,2022
2226,2348,3174,3085,2239,1996,2909,2004,2218,2309,2405,2436,1981,2187,1731,3533,2232,2200,2320,2886,2039,2412,2168,3390,3768,1931,1967,2042,2595,2329,2063,1967,2304,3750,1731,2546,2285,2038,2867,2956,2308,2565,2181,4080,3771,4226,3820,2490,3507,3477,1733,1732,1762,1741,1737,1732,1732,3196,2719,2191,3117,2666,1734
1310,1432,2258,2169,1323,1080,1993,1088,1302,1393,1489,1520,1065,1271,815,2617,1316,1284,1404,1970,1123,1496,1252,2474,2852,1015,1051,1126,1679,1413,1147,1051,1388,2834,2546,815,1369,1122,1951,2040,1392,1649,1265,3164,2855,3310,2904,1574,2591,2561,817,816,846,825,821,816,816,2280,1803,1275,2201,1750,818
1049,1171,1997,1908,1062,819,1732,827,1041,1132,1228,1259,804,1010,554,2356,1055,1023,1143,1709,862,1235,991,2213,2591,754,790,865,1418,1152,886,790,1127,2573,2285,1369,554,861,1690,1779,1131,1388,1004,2903,2594,3049,2643,1313,2330,2300,556,555,585,564,560,555,555,2019,1542,1014,1940,1489,557
802,924,1750,1661,815,572,1485,580,794,885,981,1012,557,763,307,2109,808,776,896,1462,615,988,744,1966,2344,507,543,618,1171,905,639,543,880,2326,2038,1122,861,307,1443,1532,884,1141,757,2656,2347,2802,2396,1066,2083,2053,309,308,338,317,313,308,308,1772,1295,767,1693,1242,310
1631,1753,2579,2490,1644,1401,2314,1409,1623,1714,1810,1841,1386,1592,1136,2938,1637,1605,1725,2291,1444,1817,1573,2795,3173,1336,1372,1447,2000,1734,1468,1372,1709,3155,2867,1951,1690,1443,1136,2361,1713,1970,1586,3485,3176,3631,3225,1895,2912,2882,1138,1137,1167,1146,1142,1137,1137,2601,2124,1596,2522,2071,1139
1720,1842,2668,2579,1733,1490,2403,1498,1712,1803,1899,1930,1475,1681,1225,3027,1726,1694,1814,2380,1533,1906,1662,2884,3262,1425,1461,1536,2089,1823,1557,1461,1798,3244,2956,2040,1779,1532,2361,1225,1802,2059,1675,3574,3265,3720,3314,1984,3001,2971,1227,1226,1256,1235,1231,1226,1226,2690,2213,1685,2611,2160,1228
1072,1194,2020,1931,1085,842,1755,850,1064,1155,1251,1282,827,1033,577,2379,1078,1046,1166,1732,885,1258,1014,2236,2614,777,813,888,1441,1175,909,813,1150,2596,2308,1392,1131,884,1713,1802,577,1411,1027,2926,2617,3072,2666,1336,2353,2323,579,578,608,587,583,578,578,2042,1565,1037,1963,1512,580
1329,1451,2277,2188,1342,1099,2012,1107,1321,1412,1508,1539,1084,1290,834,2636,1335,1303,1423,1989,1142,1515,1271,2493,2871,1034,1070,1145,1698,1432,1166,1070,1407,2853,2565,1649,1388,1141,1970,2059,1411,834,1284,3183,2874,3329,2923,1593,2610,2580,836,835,865,844,840,835,835,2299,1822,1294,2220,1769,837
945,1067,1893,1804,958,715,1628,723,937,1028,1124,1155,700,906,450,2252,951,919,1039,1605,758,1131,887,2109,2487,650,686,761,1314,1048,782,686,1023,2469,2181,1265,1004,757,1586,1675,1027,1284,450,2799,2490,2945,2539,1209,2226,2196,452,451,481,460,456,451,451,1915,1438,910,1836,1385,453
2844,2966,3792,3703,2857,2614,3527,2622,2836,2927,3023,3054,2599,2805,2349,4151,2850,2818,2938,3504,2657,3030,2786,4008,4386,2549,2585,2660,3213,2947,2681,2585,2922,4368,4080,3164,2903,2656,3485,3574,2926,3183,2799,2349,4389,4844,4438,3108,4125,4095,2351,2350,2380,2359,2355,2350,2350,3814,3337,2809,3735,3284,2352
2535,2657,3483,3394,2548,2305,3218,2313,2527,2618,2714,2745,2290,2496,2040,3842,2541,2509,2629,3195,2348,2721,2477,3699,4077,2240,2276,2351,2904,2638,2372,2276,2613,4059,3771,2855,2594,2347,3176,3265,2617,2874,2490,4389,2040,4535,4129,2799,3816,3786,2042,2041,2071,2050,2046,2041,2041,3505,3028,2500,3426,2975,2043
2990,3112,3938,3849,3003,2760,3673,2768,2982,3073,3169,3200,2745,2951,2495,4297,2996,2964,3084,3650,2803,3176,2932,4154,4532,2695,2731,2806,3359,3093,2827,2731,3068,4514,4226,3310,3049,2802,3631,3720,3072,3329,2945,4844,4535,2495,4584,3254,4271,4241,2497,2496,2526,2505,2501,2496,2496,3960,3483,2955,3881,3430,2498
2584,2706,3532,3443,2597,2354,3267,2362,2576,2667,2763,2794,2339,2545,2089,3891,2590,2558,2678,3244,2397,2770,2526,3748,4126,2289,2325,2400,2953,2687,2421,2325,2662,4108,3820,2904,2643,2396,3225,3314,2666,2923,2539,4438,4129,4584,2089,2848,3865,3835,2091,2090,2120,2099,2095,2090,2090,3554,3077,2549,3475,3024,2092
1254,1376,2202,2113,1267,1024,1937,1032,1246,1337,1433,1464,1009,1215,759,2561,1260,1228,1348,1914,1067,1440,1196,2418,2796,959,995,1070,1623,1357,1091,995,1332,2778,2490,1574,1313,1066,1895,1984,1336,1593,1209,3108,2799,3254,2848,759,2535,2505,761,760,790,769,765,760,760,2224,1747,1219,2145,1694,762
2271,2393,3219,3130,2284,2041,2954,2049,2263,2354,2450,2481,2026,2232,1776,3578,2277,2245,2365,2931,2084,2457,2213,3435,3813,1976,2012,2087,2640,2374,2108,2012,2349,3795,3507,2591,2330,2083,2912,3001,2353,2610,2226,4125,3816,4271,3865,2535,1776,3522,1778,1777,1807,1786,1782,1777,1777,3241,2764,2236,3162,2711,1779
2241,2363,3189,3100,2254,2011,2924,2019,2233,2324,2420,2451,1996,2202,1746,3548,2247,2215,2335,2901,2054,2427,2183,3405,3783,1946,1982,2057,2610,2344,2078,1982,2319,3765,3477,2561,2300,2053,2882,2971,2323,2580,2196,4095,3786,4241,3835,2505,3522,1746,1748,1747,1777,1756,1752,1747,1747,3211,2734,2206,3132,2681,1749
497,619,1445,1356,510,267,1180,275,489,580,676,707,252,458,2,1804,503,471,591,1157,310,683,439,1661,2039,202,238,313,866,600,334,238,575,2021,1733,817,556,309,1138,1227,579,836,452,2351,2042,2497,2091,761,1778,1748,2,3,33,12,8,3,3,1467,990,462,1388,937,5
496,618,1444,1355,509,266,1179,274,488,579,675,706,251,457,1,1803,502,470,590,1156,309,682,438,1660,2038,201,237,312,865,599,333,237,574,2020,1732,816,555,308,1137,1226,578,835,451,2350,2041,2496,2090,760,1777,1747,3,1,32,11,7,2,2,1466,989,461,1387,936,4
526,648,1474,1385,539,296,1209,304,518,609,705,736,281,487,31,1833,532,500,620,1186,339,712,468,1690,2068,231,267,342,895,629,363,267,604,2050,1762,846,585,338,1167,1256,608,865,481,2380,2071,2526,2120,790,1807,1777,33,32,31,41,37,32,32,1496,1019,491,1417,966,34
505,627,1453,1364,518,275,1188,283,497,588,684,715,260,466,10,1812,511,479,599,1165,318,691,447,1669,2047,210,246,321,874,608,342,246,583,2029,1741,825,564,317,1146,1235,587,844,460,2359,2050,2505,2099,769,1786,1756,12,11,41,10,16,11,11,1475,998,470,1396,945,13
501,623,1449,1360,514,271,1184,279,493,584,680,711,256,462,6,1808,507,475,595,1161,314,687,443,1665,2043,206,242,317,870,604,338,242,579,2025,1737,821,560,313,1142,1231,583,840,456,2355,2046,2501,2095,765,1782,1752,8,7,37,16,6,7,7,1471,994,466,1392,941,9
496,618,1444,1355,509,266,1179,274,488,579,675,706,251,457,1,1803,502,470,590,1156,309,682,438,1660,2038,201,237,312,865,599,333,237,574,2020,1732,816,555,308,1137,1226,578,835,451,2350,2041,2496,2090,760,1777,1747,3,2,32,11,7,1,2,1466,989,461,1387,936,4
496,618,1444,1355,509,266,1179,274,488,579,675,706,251,457,1,1803,502,470,590,1156,309,682,438,1660,2038,201,237,312,865,599,333,237,574,2020,1732,816,555,308,1137,1226,578,835,451,2350,2041,2496,2090,760,1777,1747,3,2,32,11,7,2,1,1466,989,461,1387,936,4
1960,2082,2908,2819,1973,1730,2643,1738,1952,2043,2139,2170,1715,1921,1465,3267,1966,1934,2054,2620,1773,2146,1902,3124,3502,1665,1701,1776,2329,2063,1797,1701,2038,3484,3196,2280,2019,1772,2601,2690,2042,2299,1915,3814,3505,3960,3554,2224,3241,3211,1467,1466,1496,1475,1471,1466,1466,1465,2453,1925,2851,2400,1468
1483,1605,2431,2342,1496,1253,2166,1261,1475,1566,1662,1693,1238,1444,988,2790,1489,1457,1577,2143,1296,1669,1425,2647,3025,1188,1224,1299,1852,1586,1320,1224,1561,3007,2719,1803,1542,1295,2124,2213,1565,1822,1438,3337,3028,3483,3077,1747,2764,2734,990,989,1019,998,994,989,989,2453,988,1448,2374,1923,991
955,1077,1903,1814,968,725,1638,733,947,1038,1134,1165,710,916,460,2262,961,929,1049,1615,768,1141,897,2119,2497,660,696,771,1324,1058,792,696,1033,2479,2191,1275,1014,767,1596,1685,1037,1294,910,2809,2500,2955,2549,1219,2236,2206,462,461,491,470,466,461,461,1925,1448,460,1846,1395,463
1881,2003,2829,2740,1894,1651,2564,1659,1873,1964,2060,2091,1636,1842,1386,3188,1887,1855,1975,2541,1694,2067,1823,3045,3423,1586,1622,1697,2250,1984,1718,1622,1959,3405,3117,2201,1940,1693,2522,2611,1963,2220,1836,3735,3426,3881,3475,2145,3162,3132,1388,1387,1417,1396,1392,1387,1387,2851,2374,1846,1386,2321,1389
1430,1552,2378,2289,1443,1200,2113,1208,1422,1513,1609,1640,1185,1391,935,2737,1436,1404,1524,2090,1243,1616,1372,2594,2972,1135,1171,1246,1799,1533,1267,1171,1508,2954,2666,1750,1489,1242,2071,2160,1512,1769,1385,3284,2975,3430,3024,1694,2711,2681,937,936,966,945,941,936,936,2400,1923,1395,2321,935,938
498,620,1446,1357,511,268,1181,276,490,581,677,708,253,459,3,1805,504,472,592,1158,311,684,440,1662,2040,203,239,314,867,601,335,239,576,2022,1734,818,557,310,1139,1228,580,837,453,2352,2043,2498,2092,762,1779,1749,5,4,34,13,9,4,4,1468,991,463,1389,938,3
