1216,2148,3001,3738,1844,1491,3254,1570,1696,2442,2153,2342,2427,1639,1358,3118,1885,1999,1871,2683,1642,2011,1805,3884,6498,3017,1537,1425,2435,2039,1532,1482,1871,3543,3263,2481,1834,1803,3410,2651,1830,2253,2692,4814,4783,5962,6554,2206,4253,4964,1595,1942,3456,2091,1886,1299,1490,4503,2886,2345,4659,2573,1218
2148,932,2717,3454,1560,1207,2970,1286,1412,2158,1869,2058,2143,1355,1074,2834,1601,1715,1587,2399,1358,1727,1521,3600,6214,2733,1253,1141,2151,1755,1248,1198,1587,3259,2979,2197,1550,1519,3126,2367,1546,1969,2408,4530,4499,5678,6270,1922,3969,4680,1311,1658,3172,1807,1602,1015,1206,4219,2602,2061,4375,2289,934
3001,2717,1785,4307,2413,2060,3823,2139,2265,3011,2722,2911,2996,2208,1927,3687,2454,2568,2440,3252,2211,2580,2374,4453,7067,3586,2106,1994,3004,2608,2101,2051,2440,4112,3832,3050,2403,2372,3979,3220,2399,2822,3261,5383,5352,6531,7123,2775,4822,5533,2164,2511,4025,2660,2455,1868,2059,5072,3455,2914,5228,3142,1787
3738,3454,4307,2522,3150,2797,4560,2876,3002,3748,3459,3648,3733,2945,2664,4424,3191,3305,3177,3989,2948,3317,3111,5190,7804,4323,2843,2731,3741,3345,2838,2788,3177,4849,4569,3787,3140,3109,4716,3957,3136,3559,3998,6120,6089,7268,7860,3512,5559,6270,2901,3248,4762,3397,3192,2605,2796,5809,4192,3651,5965,3879,2524
1844,1560,2413,3150,628,903,2666,982,1108,1854,1565,1754,1839,1051,770,2530,1297,1411,1283,2095,1054,1423,1217,3296,5910,2429,949,837,1847,1451,944,894,1283,2955,2675,1893,1246,1215,2822,2063,1242,1665,2104,4226,4195,5374,5966,1618,3665,4376,1007,1354,2868,1503,1298,711,902,3915,2298,1757,4071,1985,630
1491,1207,2060,2797,903,275,2313,629,755,1501,1212,1401,1486,698,417,2177,944,1058,930,1742,701,1070,864,2943,5557,2076,596,484,1494,1098,591,541,930,2602,2322,1540,893,862,2469,1710,889,1312,1751,3873,3842,5021,5613,1265,3312,4023,654,1001,2515,1150,945,358,549,3562,1945,1404,3718,1632,277
3254,2970,3823,4560,2666,2313,2038,2392,2518,3264,2975,3164,3249,2461,2180,3940,2707,2821,2693,3505,2464,2833,2627,4706,7320,3839,2359,2247,3257,2861,2354,2304,2693,4365,4085,3303,2656,2625,4232,3473,2652,3075,3514,5636,5605,6784,7376,3028,5075,5786,2417,2764,4278,2913,2708,2121,2312,5325,3708,3167,5481,3395,2040
1570,1286,2139,2876,982,629,2392,354,834,1580,1291,1480,1565,777,496,2256,1023,1137,1009,1821,780,1149,943,3022,5636,2155,675,563,1573,1177,670,620,1009,2681,2401,1619,972,941,2548,1789,968,1391,1830,3952,3921,5100,5692,1344,3391,4102,733,1080,2594,1229,1024,437,628,3641,2024,1483,3797,1711,356
1696,1412,2265,3002,1108,755,2518,834,480,1706,1417,1606,1691,903,622,2382,1149,1263,1135,1947,906,1275,1069,3148,5762,2281,801,689,1699,1303,796,746,1135,2807,2527,1745,1098,1067,2674,1915,1094,1517,1956,4078,4047,5226,5818,1470,3517,4228,859,1206,2720,1355,1150,563,754,3767,2150,1609,3923,1837,482
2442,2158,3011,3748,1854,1501,3264,1580,1706,1226,2163,2352,2437,1649,1368,3128,1895,2009,1881,2693,1652,2021,1815,3894,6508,3027,1547,1435,2445,2049,1542,1492,1881,3553,3273,2491,1844,1813,3420,2661,1840,2263,2702,4824,4793,5972,6564,2216,4263,4974,1605,1952,3466,2101,1896,1309,1500,4513,2896,2355,4669,2583,1228
2153,1869,2722,3459,1565,1212,2975,1291,1417,2163,937,2063,2148,1360,1079,2839,1606,1720,1592,2404,1363,1732,1526,3605,6219,2738,1258,1146,2156,1760,1253,1203,1592,3264,2984,2202,1555,1524,3131,2372,1551,1974,2413,4535,4504,5683,6275,1927,3974,4685,1316,1663,3177,1812,1607,1020,1211,4224,2607,2066,4380,2294,939
2342,2058,2911,3648,1754,1401,3164,1480,1606,2352,2063,1126,2337,1549,1268,3028,1795,1909,1781,2593,1552,1921,1715,3794,6408,2927,1447,1335,2345,1949,1442,1392,1781,3453,3173,2391,1744,1713,3320,2561,1740,2163,2602,4724,4693,5872,6464,2116,4163,4874,1505,1852,3366,2001,1796,1209,1400,4413,2796,2255,4569,2483,1128
2427,2143,2996,3733,1839,1486,3249,1565,1691,2437,2148,2337,1211,1634,1353,3113,1880,1994,1866,2678,1637,2006,1800,3879,6493,3012,1532,1420,2430,2034,1527,1477,1866,3538,3258,2476,1829,1798,3405,2646,1825,2248,2687,4809,4778,5957,6549,2201,4248,4959,1590,1937,3451,2086,1881,1294,1485,4498,2881,2340,4654,2568,1213
1639,1355,2208,2945,1051,698,2461,777,903,1649,1360,1549,1634,423,565,2325,1092,1206,1078,1890,849,1218,1012,3091,5705,2224,744,632,1642,1246,739,689,1078,2750,2470,1688,1041,1010,2617,1858,1037,1460,1899,4021,3990,5169,5761,1413,3460,4171,802,1149,2663,1298,1093,506,697,3710,2093,1552,3866,1780,425
1358,1074,1927,2664,770,417,2180,496,622,1368,1079,1268,1353,565,142,2044,811,925,797,1609,568,937,731,2810,5424,1943,463,351,1361,965,458,408,797,2469,2189,1407,760,729,2336,1577,756,1179,1618,3740,3709,4888,5480,1132,3179,3890,521,868,2382,1017,812,225,416,3429,1812,1271,3585,1499,144
3118,2834,3687,4424,2530,2177,3940,2256,2382,3128,2839,3028,3113,2325,2044,1902,2571,2685,2557,3369,2328,2697,2491,4570,7184,3703,2223,2111,3121,2725,2218,2168,2557,4229,3949,3167,2520,2489,4096,3337,2516,2939,3378,5500,5469,6648,7240,2892,4939,5650,2281,2628,4142,2777,2572,1985,2176,5189,3572,3031,5345,3259,1904
1885,1601,2454,3191,1297,944,2707,1023,1149,1895,1606,1795,1880,1092,811,2571,669,1452,1324,2136,1095,1464,1258,3337,5951,2470,990,878,1888,1492,985,935,1324,2996,2716,1934,1287,1256,2863,2104,1283,1706,2145,4267,4236,5415,6007,1659,3706,4417,1048,1395,2909,1544,1339,752,943,3956,2339,1798,4112,2026,671
1999,1715,2568,3305,1411,1058,2821,1137,1263,2009,1720,1909,1994,1206,925,2685,1452,783,1438,2250,1209,1578,1372,3451,6065,2584,1104,992,2002,1606,1099,1049,1438,3110,2830,2048,1401,1370,2977,2218,1397,1820,2259,4381,4350,5529,6121,1773,3820,4531,1162,1509,3023,1658,1453,866,1057,4070,2453,1912,4226,2140,785
1871,1587,2440,3177,1283,930,2693,1009,1135,1881,1592,1781,1866,1078,797,2557,1324,1438,655,2122,1081,1450,1244,3323,5937,2456,976,864,1874,1478,971,921,1310,2982,2702,1920,1273,1242,2849,2090,1269,1692,2131,4253,4222,5401,5993,1645,3692,4403,1034,1381,2895,1530,1325,738,929,3942,2325,1784,4098,2012,657
2683,2399,3252,3989,2095,1742,3505,1821,1947,2693,2404,2593,2678,1890,1609,3369,2136,2250,2122,1467,1893,2262,2056,4135,6749,3268,1788,1676,2686,2290,1783,1733,2122,3794,3514,2732,2085,2054,3661,2902,2081,2504,2943,5065,5034,6213,6805,2457,4504,5215,1846,2193,3707,2342,2137,1550,1741,4754,3137,2596,4910,2824,1469
1642,1358,2211,2948,1054,701,2464,780,906,1652,1363,1552,1637,849,568,2328,1095,1209,1081,1893,426,1221,1015,3094,5708,2227,747,635,1645,1249,742,692,1081,2753,2473,1691,1044,1013,2620,1861,1040,1463,1902,4024,3993,5172,5764,1416,3463,4174,805,1152,2666,1301,1096,509,700,3713,2096,1555,3869,1783,428
2011,1727,2580,3317,1423,1070,2833,1149,1275,2021,1732,1921,2006,1218,937,2697,1464,1578,1450,2262,1221,795,1384,3463,6077,2596,1116,1004,2014,1618,1111,1061,1450,3122,2842,2060,1413,1382,2989,2230,1409,1832,2271,4393,4362,5541,6133,1785,3832,4543,1174,1521,3035,1670,1465,878,1069,4082,2465,1924,4238,2152,797
1805,1521,2374,3111,1217,864,2627,943,1069,1815,1526,1715,1800,1012,731,2491,1258,1372,1244,2056,1015,1384,589,3257,5871,2390,910,798,1808,1412,905,855,1244,2916,2636,1854,1207,1176,2783,2024,1203,1626,2065,4187,4156,5335,5927,1579,3626,4337,968,1315,2829,1464,1259,672,863,3876,2259,1718,4032,1946,591
3884,3600,4453,5190,3296,2943,4706,3022,3148,3894,3605,3794,3879,3091,2810,4570,3337,3451,3323,4135,3094,3463,3257,2668,7950,4469,2989,2877,3887,3491,2984,2934,3323,4995,4715,3933,3286,3255,4862,4103,3282,3705,4144,6266,6235,7414,8006,3658,5705,6416,3047,3394,4908,3543,3338,2751,2942,5955,4338,3797,6111,4025,2670
6498,6214,7067,7804,5910,5557,7320,5636,5762,6508,6219,6408,6493,5705,5424,7184,5951,6065,5937,6749,5708,6077,5871,7950,5282,7083,5603,5491,6501,6105,5598,5548,5937,7609,7329,6547,5900,5869,7476,6717,5896,6319,6758,8880,8849,10028,10620,6272,8319,9030,5661,6008,7522,6157,5952,5365,5556,8569,6952,6411,8725,6639,5284
3017,2733,3586,4323,2429,2076,3839,2155,2281,3027,2738,2927,3012,2224,1943,3703,2470,2584,2456,3268,2227,2596,2390,4469,7083,1801,2122,2010,3020,2624,2117,2067,2456,4128,3848,3066,2419,2388,3995,3236,2415,2838,3277,5399,5368,6547,7139,2791,4838,5549,2180,2527,4041,2676,2471,1884,2075,5088,3471,2930,5244,3158,1803
1537,1253,2106,2843,949,596,2359,675,801,1547,1258,1447,1532,744,463,2223,990,1104,976,1788,747,1116,910,2989,5603,2122,321,530,1540,1144,637,587,976,2648,2368,1586,939,908,2515,1756,935,1358,1797,3919,3888,5067,5659,1311,3358,4069,700,1047,2561,1196,991,404,595,3608,1991,1450,3764,1678,323
1425,1141,1994,2731,837,484,2247,563,689,1435,1146,1335,1420,632,351,2111,878,992,864,1676,635,1004,798,2877,5491,2010,530,209,1428,1032,525,475,864,2536,2256,1474,827,796,2403,1644,823,1246,1685,3807,3776,4955,5547,1199,3246,3957,588,935,2449,1084,879,292,483,3496,1879,1338,3652,1566,211
2435,2151,3004,3741,1847,1494,3257,1573,1699,2445,2156,2345,2430,1642,1361,3121,1888,2002,1874,2686,1645,2014,1808,3887,6501,3020,1540,1428,1219,2042,1535,1485,1874,3546,3266,2484,1837,1806,3413,2654,1833,2256,2695,4817,4786,5965,6557,2209,4256,4967,1598,1945,3459,2094,1889,1302,1493,4506,2889,2348,4662,2576,1221
2039,1755,2608,3345,1451,1098,2861,1177,1303,2049,1760,1949,2034,1246,965,2725,1492,1606,1478,2290,1249,1618,1412,3491,6105,2624,1144,1032,2042,823,1139,1089,1478,3150,2870,2088,1441,1410,3017,2258,1437,1860,2299,4421,4390,5569,6161,1813,3860,4571,1202,1549,3063,1698,1493,906,1097,4110,2493,1952,4266,2180,825
1532,1248,2101,2838,944,591,2354,670,796,1542,1253,1442,1527,739,458,2218,985,1099,971,1783,742,1111,905,2984,5598,2117,637,525,1535,1139,316,582,971,2643,2363,1581,934,903,2510,1751,930,1353,1792,3914,3883,5062,5654,1306,3353,4064,695,1042,2556,1191,986,399,590,3603,1986,1445,3759,1673,318
1482,1198,2051,2788,894,541,2304,620,746,1492,1203,1392,1477,689,408,2168,935,1049,921,1733,692,1061,855,2934,5548,2067,587,475,1485,1089,582,266,921,2593,2313,1531,884,853,2460,1701,880,1303,1742,3864,3833,5012,5604,1256,3303,4014,645,992,2506,1141,936,349,540,3553,1936,1395,3709,1623,268
1871,1587,2440,3177,1283,930,2693,1009,1135,1881,1592,1781,1866,1078,797,2557,1324,1438,1310,2122,1081,1450,1244,3323,5937,2456,976,864,1874,1478,971,921,655,2982,2702,1920,1273,1242,2849,2090,1269,1692,2131,4253,4222,5401,5993,1645,3692,4403,1034,1381,2895,1530,1325,738,929,3942,2325,1784,4098,2012,657
3543,3259,4112,4849,2955,2602,4365,2681,2807,3553,3264,3453,3538,2750,2469,4229,2996,3110,2982,3794,2753,3122,2916,4995,7609,4128,2648,2536,3546,3150,2643,2593,2982,2327,4374,3592,2945,2914,4521,3762,2941,3364,3803,5925,5894,7073,7665,3317,5364,6075,2706,3053,4567,3202,2997,2410,2601,5614,3997,3456,5770,3684,2329
3263,2979,3832,4569,2675,2322,4085,2401,2527,3273,2984,3173,3258,2470,2189,3949,2716,2830,2702,3514,2473,2842,2636,4715,7329,3848,2368,2256,3266,2870,2363,2313,2702,4374,2047,3312,2665,2634,4241,3482,2661,3084,3523,5645,5614,6793,7385,3037,5084,5795,2426,2773,4287,2922,2717,2130,2321,5334,3717,3176,5490,3404,2049
2481,2197,3050,3787,1893,1540,3303,1619,1745,2491,2202,2391,2476,1688,1407,3167,1934,2048,1920,2732,1691,2060,1854,3933,6547,3066,1586,1474,2484,2088,1581,1531,1920,3592,3312,1265,1883,1852,3459,2700,1879,2302,2741,4863,4832,6011,6603,2255,4302,5013,1644,1991,3505,2140,1935,1348,1539,4552,2935,2394,4708,2622,1267
1834,1550,2403,3140,1246,893,2656,972,1098,1844,1555,1744,1829,1041,760,2520,1287,1401,1273,2085,1044,1413,1207,3286,5900,2419,939,827,1837,1441,934,884,1273,2945,2665,1883,618,1205,2812,2053,1232,1655,2094,4216,4185,5364,5956,1608,3655,4366,997,1344,2858,1493,1288,701,892,3905,2288,1747,4061,1975,620
1803,1519,2372,3109,1215,862,2625,941,1067,1813,1524,1713,1798,1010,729,2489,1256,1370,1242,2054,1013,1382,1176,3255,5869,2388,908,796,1806,1410,903,853,1242,2914,2634,1852,1205,587,2781,2022,1201,1624,2063,4185,4154,5333,5925,1577,3624,4335,966,1313,2827,1462,1257,670,861,3874,2257,1716,4030,1944,589
3410,3126,3979,4716,2822,2469,4232,2548,2674,3420,3131,3320,3405,2617,2336,4096,2863,2977,2849,3661,2620,2989,2783,4862,7476,3995,2515,2403,3413,3017,2510,2460,2849,4521,4241,3459,2812,2781,2194,3629,2808,3231,3670,5792,5761,6940,7532,3184,5231,5942,2573,2920,4434,3069,2864,2277,2468,5481,3864,3323,5637,3551,2196
2651,2367,3220,3957,2063,1710,3473,1789,1915,2661,2372,2561,2646,1858,1577,3337,2104,2218,2090,2902,1861,2230,2024,4103,6717,3236,1756,1644,2654,2258,1751,1701,2090,3762,3482,2700,2053,2022,3629,1435,2049,2472,2911,5033,5002,6181,6773,2425,4472,5183,1814,2161,3675,2310,2105,1518,1709,4722,3105,2564,4878,2792,1437
1830,1546,2399,3136,1242,889,2652,968,1094,1840,1551,1740,1825,1037,756,2516,1283,1397,1269,2081,1040,1409,1203,3282,5896,2415,935,823,1833,1437,930,880,1269,2941,2661,1879,1232,1201,2808,2049,614,1651,2090,4212,4181,5360,5952,1604,3651,4362,993,1340,2854,1489,1284,697,888,3901,2284,1743,4057,1971,616
2253,1969,2822,3559,1665,1312,3075,1391,1517,2263,1974,2163,2248,1460,1179,2939,1706,1820,1692,2504,1463,1832,1626,3705,6319,2838,1358,1246,2256,1860,1353,1303,1692,3364,3084,2302,1655,1624,3231,2472,1651,1037,2513,4635,4604,5783,6375,2027,4074,4785,1416,1763,3277,1912,1707,1120,1311,4324,2707,2166,4480,2394,1039
2692,2408,3261,3998,2104,1751,3514,1830,1956,2702,2413,2602,2687,1899,1618,3378,2145,2259,2131,2943,1902,2271,2065,4144,6758,3277,1797,1685,2695,2299,1792,1742,2131,3803,3523,2741,2094,2063,3670,2911,2090,2513,1476,5074,5043,6222,6814,2466,4513,5224,1855,2202,3716,2351,2146,1559,1750,4763,3146,2605,4919,2833,1478
4814,4530,5383,6120,4226,3873,5636,3952,4078,4824,4535,4724,4809,4021,3740,5500,4267,4381,4253,5065,4024,4393,4187,6266,8880,5399,3919,3807,4817,4421,3914,3864,4253,5925,5645,4863,4216,4185,5792,5033,4212,4635,5074,3598,7165,8344,8936,4588,6635,7346,3977,4324,5838,4473,4268,3681,3872,6885,5268,4727,7041,4955,3600
4783,4499,5352,6089,4195,3842,5605,3921,4047,4793,4504,4693,4778,3990,3709,5469,4236,4350,4222,5034,3993,4362,4156,6235,8849,5368,3888,3776,4786,4390,3883,3833,4222,5894,5614,4832,4185,4154,5761,5002,4181,4604,5043,7165,3567,8313,8905,4557,6604,7315,3946,4293,5807,4442,4237,3650,3841,6854,5237,4696,7010,4924,3569
5962,5678,6531,7268,5374,5021,6784,5100,5226,5972,5683,5872,5957,5169,4888,6648,5415,5529,5401,6213,5172,5541,5335,7414,10028,6547,5067,4955,5965,5569,5062,5012,5401,7073,6793,6011,5364,5333,6940,6181,5360,5783,6222,8344,8313,4746,10084,5736,7783,8494,5125,5472,6986,5621,5416,4829,5020,8033,6416,5875,8189,6103,4748
6554,6270,7123,7860,5966,5613,7376,5692,5818,6564,6275,6464,6549,5761,5480,7240,6007,6121,5993,6805,5764,6133,5927,8006,10620,7139,5659,5547,6557,6161,5654,5604,5993,7665,7385,6603,5956,5925,7532,6773,5952,6375,6814,8936,8905,10084,5338,6328,8375,9086,5717,6064,7578,6213,6008,5421,5612,8625,7008,6467,8781,6695,5340
2206,1922,2775,3512,1618,1265,3028,1344,1470,2216,1927,2116,2201,1413,1132,2892,1659,1773,1645,2457,1416,1785,1579,3658,6272,2791,1311,1199,2209,1813,1306,1256,1645,3317,3037,2255,1608,1577,3184,2425,1604,2027,2466,4588,4557,5736,6328,990,4027,4738,1369,1716,3230,1865,1660,1073,1264,4277,2660,2119,4433,2347,992
4253,3969,4822,5559,3665,3312,5075,3391,3517,4263,3974,4163,4248,3460,3179,4939,3706,3820,3692,4504,3463,3832,3626,5705,8319,4838,3358,3246,4256,3860,3353,3303,3692,5364,5084,4302,3655,3624,5231,4472,3651,4074,4513,6635,6604,7783,8375,4027,3037,6785,3416,3763,5277,3912,3707,3120,3311,6324,4707,4166,6480,4394,3039
4964,4680,5533,6270,4376,4023,5786,4102,4228,4974,4685,4874,4959,4171,3890,5650,4417,4531,4403,5215,4174,4543,4337,6416,9030,5549,4069,3957,4967,4571,4064,4014,4403,6075,5795,5013,4366,4335,5942,5183,4362,4785,5224,7346,7315,8494,9086,4738,6785,3748,4127,4474,5988,4623,4418,3831,4022,7035,5418,4877,7191,5105,3750
1595,1311,2164,2901,1007,654,2417,733,859,1605,1316,1505,1590,802,521,2281,1048,1162,1034,1846,805,1174,968,3047,5661,2180,700,588,1598,1202,695,645,1034,2706,2426,1644,997,966,2573,1814,993,1416,1855,3977,3946,5125,5717,1369,3416,4127,379,1105,2619,1254,1049,462,653,3666,2049,1508,3822,1736,381
1942,1658,2511,3248,1354,1001,2764,1080,1206,1952,1663,1852,1937,1149,868,2628,1395,1509,1381,2193,1152,1521,1315,3394,6008,2527,1047,935,1945,1549,1042,992,1381,3053,2773,1991,1344,1313,2920,2161,1340,1763,2202,4324,4293,5472,6064,1716,3763,4474,1105,726,2966,1601,1396,809,1000,4013,2396,1855,4169,2083,728
3456,3172,4025,4762,2868,2515,4278,2594,2720,3466,3177,3366,3451,2663,2382,4142,2909,3023,2895,3707,2666,3035,2829,4908,7522,4041,2561,2449,3459,3063,2556,2506,2895,4567,4287,3505,2858,2827,4434,3675,2854,3277,3716,5838,5807,6986,7578,3230,5277,5988,2619,2966,2240,3115,2910,2323,2514,5527,3910,3369,5683,3597,2242
2091,1807,2660,3397,1503,1150,2913,1229,1355,2101,1812,2001,2086,1298,1017,2777,1544,1658,1530,2342,1301,1670,1464,3543,6157,2676,1196,1084,2094,1698,1191,1141,1530,3202,2922,2140,1493,1462,3069,2310,1489,1912,2351,4473,4442,5621,6213,1865,3912,4623,1254,1601,3115,875,1545,958,1149,4162,2545,2004,4318,2232,877
1886,1602,2455,3192,1298,945,2708,1024,1150,1896,1607,1796,1881,1093,812,2572,1339,1453,1325,2137,1096,1465,1259,3338,5952,2471,991,879,1889,1493,986,936,1325,2997,2717,1935,1288,1257,2864,2105,1284,1707,2146,4268,4237,5416,6008,1660,3707,4418,1049,1396,2910,1545,670,753,944,3957,2340,1799,4113,2027,672
1299,1015,1868,2605,711,358,2121,437,563,1309,1020,1209,1294,506,225,1985,752,866,738,1550,509,878,672,2751,5365,1884,404,292,1302,906,399,349,738,2410,2130,1348,701,670,2277,1518,697,1120,1559,3681,3650,4829,5421,1073,3120,3831,462,809,2323,958,753,83,357,3370,1753,1212,3526,1440,85
1490,1206,2059,2796,902,549,2312,628,754,1500,1211,1400,1485,697,416,2176,943,1057,929,1741,700,1069,863,2942,5556,2075,595,483,1493,1097,590,540,929,2601,2321,1539,892,861,2468,1709,888,1311,1750,3872,3841,5020,5612,1264,3311,4022,653,1000,2514,1149,944,357,274,3561,1944,1403,3717,1631,276
4503,4219,5072,5809,3915,3562,5325,3641,3767,4513,4224,4413,4498,3710,3429,5189,3956,4070,3942,4754,3713,4082,3876,5955,8569,5088,3608,3496,4506,4110,3603,3553,3942,5614,5334,4552,3905,3874,5481,4722,3901,4324,4763,6885,6854,8033,8625,4277,6324,7035,3666,4013,5527,4162,3957,3370,3561,3287,4957,4416,6730,4644,3289
2886,2602,3455,4192,2298,1945,3708,2024,2150,2896,2607,2796,2881,2093,1812,3572,2339,2453,2325,3137,2096,2465,2259,4338,6952,3471,1991,1879,2889,2493,1986,1936,2325,3997,3717,2935,2288,2257,3864,3105,2284,2707,3146,5268,5237,6416,7008,2660,4707,5418,2049,2396,3910,2545,2340,1753,1944,4957,1670,2799,5113,3027,1672
2345,2061,2914,3651,1757,1404,3167,1483,1609,2355,2066,2255,2340,1552,1271,3031,1798,1912,1784,2596,1555,1924,1718,3797,6411,2930,1450,1338,2348,1952,1445,1395,1784,3456,3176,2394,1747,1716,3323,2564,1743,2166,2605,4727,4696,5875,6467,2119,4166,4877,1508,1855,3369,2004,1799,1212,1403,4416,2799,1129,4572,2486,1131
4659,4375,5228,5965,4071,3718,5481,3797,3923,4669,4380,4569,4654,3866,3585,5345,4112,4226,4098,4910,3869,4238,4032,6111,8725,5244,3764,3652,4662,4266,3759,3709,4098,5770,5490,4708,4061,4030,5637,4878,4057,4480,4919,7041,7010,8189,8781,4433,6480,7191,3822,4169,5683,4318,4113,3526,3717,6730,5113,4572,3443,4800,3445
2573,2289,3142,3879,1985,1632,3395,1711,1837,2583,2294,2483,2568,1780,1499,3259,2026,2140,2012,2824,1783,2152,1946,4025,6639,3158,1678,1566,2576,2180,1673,1623,2012,3684,3404,2622,1975,1944,3551,2792,1971,2394,2833,4955,4924,6103,6695,2347,4394,5105,1736,2083,3597,2232,2027,1440,1631,4644,3027,2486,4800,1357,1359
1218,934,1787,2524,630,277,2040,356,482,1228,939,1128,1213,425,144,1904,671,785,657,1469,428,797,591,2670,5284,1803,323,211,1221,825,318,268,657,2329,2049,1267,620,589,2196,1437,616,1039,1478,3600,3569,4748,5340,992,3039,3750,381,728,2242,877,672,85,276,3289,1672,1131,3445,1359,2
