15641,7630,152,2116,3550,1064,128
7630,10145,418,2078,4634,1366,132
152,418,615,230,268,94,10
2116,2078,230,4202,1840,518,44
3550,4634,268,1840,16733,2768,428
1064,1366,94,518,2768,5889,272
128,132,10,44,428,272,1948
