8319,5978,406,290,658,864,220,92
5978,32809,4916,4120,2616,6308,5116,202
406,4916,11580,2246,1848,1158,1102,812
290,4120,2246,12274,1146,2554,340,152
658,2616,1848,1146,19717,1104,858,518
864,6308,1158,2554,1104,8538,914,430
220,5116,1102,340,858,914,7545,56
92,202,812,152,518,430,56,1921
