6433,12490,21987,21770,11873,9213,24118,9354,11484,13258,13434,14324,9624,11289,6479,24992,12726,11856,12707,18425,9908,12514,11038,27995,32902,9730,8947,9429,15752,13325,9907,9315,13369,27326,24414,17272,12077,9737,19979,20187,12697,15010,11759,33429,30990,37568,29749,15081,29250,29439,7116,7708,8814,7768,7696,6951,7161,25707,17791,11626,24789,17725,6464
12490,6057,21611,21394,11497,8837,23742,8978,11108,12882,13058,13948,9248,10913,6103,24616,12350,11480,12331,18049,9532,12138,10662,27619,32526,9354,8571,9053,15376,12949,9531,8939,12993,26950,24038,16896,11701,9361,19603,19811,12321,14634,11383,33053,30614,37192,29373,14705,28874,29063,6740,7332,8438,7392,7320,6575,6785,25331,17415,11250,24413,17349,6088
21987,21611,15554,30891,20994,18334,33239,18475,20605,22379,22555,23445,18745,20410,15600,34113,21847,20977,21828,27546,19029,21635,20159,37116,42023,18851,18068,18550,24873,22446,19028,18436,22490,36447,33535,26393,21198,18858,29100,29308,21818,24131,20880,42550,40111,46689,38870,24202,38371,38560,16237,16829,17935,16889,16817,16072,16282,34828,26912,20747,33910,26846,15585
21770,21394,30891,15337,20777,18117,33022,18258,20388,22162,22338,23228,18528,20193,15383,33896,21630,20760,21611,27329,18812,21418,19942,36899,41806,18634,17851,18333,24656,22229,18811,18219,22273,36230,33318,26176,20981,18641,28883,29091,21601,23914,20663,42333,39894,46472,38653,23985,38154,38343,16020,16612,17718,16672,16600,15855,16065,34611,26695,20530,33693,26629,15368
11873,11497,20994,20777,5440,8220,23125,8361,10491,12265,12441,13331,8631,10296,5486,23999,11733,10863,11714,17432,8915,11521,10045,27002,31909,8737,7954,8436,14759,12332,8914,8322,12376,26333,23421,16279,11084,8744,18986,19194,11704,14017,10766,32436,29997,36575,28756,14088,28257,28446,6123,6715,7821,6775,6703,5958,6168,24714,16798,10633,23796,16732,5471
9213,8837,18334,18117,8220,2780,20465,5701,7831,9605,9781,10671,5971,7636,2826,21339,9073,8203,9054,14772,6255,8861,7385,24342,29249,6077,5294,5776,12099,9672,6254,5662,9716,23673,20761,13619,8424,6084,16326,16534,9044,11357,8106,29776,27337,33915,26096,11428,25597,25786,3463,4055,5161,4115,4043,3298,3508,22054,14138,7973,21136,14072,2811
24118,23742,33239,33022,23125,20465,17685,20606,22736,24510,24686,25576,20876,22541,17731,36244,23978,23108,23959,29677,21160,23766,22290,39247,44154,20982,20199,20681,27004,24577,21159,20567,24621,38578,35666,28524,23329,20989,31231,31439,23949,26262,23011,44681,42242,48820,41001,26333,40502,40691,18368,18960,20066,19020,18948,18203,18413,36959,29043,22878,36041,28977,17716
9354,8978,18475,18258,8361,5701,20606,2921,7972,9746,9922,10812,6112,7777,2967,21480,9214,8344,9195,14913,6396,9002,7526,24483,29390,6218,5435,5917,12240,9813,6395,5803,9857,23814,20902,13760,8565,6225,16467,16675,9185,11498,8247,29917,27478,34056,26237,11569,25738,25927,3604,4196,5302,4256,4184,3439,3649,22195,14279,8114,21277,14213,2952
11484,11108,20605,20388,10491,7831,22736,7972,5051,11876,12052,12942,8242,9907,5097,23610,11344,10474,11325,17043,8526,11132,9656,26613,31520,8348,7565,8047,14370,11943,8525,7933,11987,25944,23032,15890,10695,8355,18597,18805,11315,13628,10377,32047,29608,36186,28367,13699,27868,28057,5734,6326,7432,6386,6314,5569,5779,24325,16409,10244,23407,16343,5082
13258,12882,22379,22162,12265,9605,24510,9746,11876,6825,13826,14716,10016,11681,6871,25384,13118,12248,13099,18817,10300,12906,11430,28387,33294,10122,9339,9821,16144,13717,10299,9707,13761,27718,24806,17664,12469,10129,20371,20579,13089,15402,12151,33821,31382,37960,30141,15473,29642,29831,7508,8100,9206,8160,8088,7343,7553,26099,18183,12018,25181,18117,6856
13434,13058,22555,22338,12441,9781,24686,9922,12052,13826,7001,14892,10192,11857,7047,25560,13294,12424,13275,18993,10476,13082,11606,28563,33470,10298,9515,9997,16320,13893,10475,9883,13937,27894,24982,17840,12645,10305,20547,20755,13265,15578,12327,33997,31558,38136,30317,15649,29818,30007,7684,8276,9382,8336,8264,7519,7729,26275,18359,12194,25357,18293,7032
14324,13948,23445,23228,13331,10671,25576,10812,12942,14716,14892,7891,11082,12747,7937,26450,14184,13314,14165,19883,11366,13972,12496,29453,34360,11188,10405,10887,17210,14783,11365,10773,14827,28784,25872,18730,13535,11195,21437,21645,14155,16468,13217,34887,32448,39026,31207,16539,30708,30897,8574,9166,10272,9226,9154,8409,8619,27165,19249,13084,26247,19183,7922
9624,9248,18745,18528,8631,5971,20876,6112,8242,10016,10192,11082,3191,8047,3237,21750,9484,8614,9465,15183,6666,9272,7796,24753,29660,6488,5705,6187,12510,10083,6665,6073,10127,24084,21172,14030,8835,6495,16737,16945,9455,11768,8517,30187,27748,34326,26507,11839,26008,26197,3874,4466,5572,4526,4454,3709,3919,22465,14549,8384,21547,14483,3222
11289,10913,20410,20193,10296,7636,22541,7777,9907,11681,11857,12747,8047,4856,4902,23415,11149,10279,11130,16848,8331,10937,9461,26418,31325,8153,7370,7852,14175,11748,8330,7738,11792,25749,22837,15695,10500,8160,18402,18610,11120,13433,10182,31852,29413,35991,28172,13504,27673,27862,5539,6131,7237,6191,6119,5374,5584,24130,16214,10049,23212,16148,4887
6479,6103,15600,15383,5486,2826,17731,2967,5097,6871,7047,7937,3237,4902,46,18605,6339,5469,6320,12038,3521,6127,4651,21608,26515,3343,2560,3042,9365,6938,3520,2928,6982,20939,18027,10885,5690,3350,13592,13800,6310,8623,5372,27042,24603,31181,23362,8694,22863,23052,729,1321,2427,1381,1309,564,774,19320,11404,5239,18402,11338,77
24992,24616,34113,33896,23999,21339,36244,21480,23610,25384,25560,26450,21750,23415,18605,18559,24852,23982,24833,30551,22034,24640,23164,40121,45028,21856,21073,21555,27878,25451,22033,21441,25495,39452,36540,29398,24203,21863,32105,32313,24823,27136,23885,45555,43116,49694,41875,27207,41376,41565,19242,19834,20940,19894,19822,19077,19287,37833,29917,23752,36915,29851,18590
12726,12350,21847,21630,11733,9073,23978,9214,11344,13118,13294,14184,9484,11149,6339,24852,6293,11716,12567,18285,9768,12374,10898,27855,32762,9590,8807,9289,15612,13185,9767,9175,13229,27186,24274,17132,11937,9597,19839,20047,12557,14870,11619,33289,30850,37428,29609,14941,29110,29299,6976,7568,8674,7628,7556,6811,7021,25567,17651,11486,24649,17585,6324
11856,11480,20977,20760,10863,8203,23108,8344,10474,12248,12424,13314,8614,10279,5469,23982,11716,5423,11697,17415,8898,11504,10028,26985,31892,8720,7937,8419,14742,12315,8897,8305,12359,26316,23404,16262,11067,8727,18969,19177,11687,14000,10749,32419,29980,36558,28739,14071,28240,28429,6106,6698,7804,6758,6686,5941,6151,24697,16781,10616,23779,16715,5454
12707,12331,21828,21611,11714,9054,23959,9195,11325,13099,13275,14165,9465,11130,6320,24833,12567,11697,6274,18266,9749,12355,10879,27836,32743,9571,8788,9270,15593,13166,9748,9156,13210,27167,24255,17113,11918,9578,19820,20028,12538,14851,11600,33270,30831,37409,29590,14922,29091,29280,6957,7549,8655,7609,7537,6792,7002,25548,17632,11467,24630,17566,6305
18425,18049,27546,27329,17432,14772,29677,14913,17043,18817,18993,19883,15183,16848,12038,30551,18285,17415,18266,11992,15467,18073,16597,33554,38461,15289,14506,14988,21311,18884,15466,14874,18928,32885,29973,22831,17636,15296,25538,25746,18256,20569,17318,38988,36549,43127,35308,20640,34809,34998,12675,13267,14373,13327,13255,12510,12720,31266,23350,17185,30348,23284,12023
9908,9532,19029,18812,8915,6255,21160,6396,8526,10300,10476,11366,6666,8331,3521,22034,9768,8898,9749,15467,3475,9556,8080,25037,29944,6772,5989,6471,12794,10367,6949,6357,10411,24368,21456,14314,9119,6779,17021,17229,9739,12052,8801,30471,28032,34610,26791,12123,26292,26481,4158,4750,5856,4810,4738,3993,4203,22749,14833,8668,21831,14767,3506
12514,12138,21635,21418,11521,8861,23766,9002,11132,12906,13082,13972,9272,10937,6127,24640,12374,11504,12355,18073,9556,6081,10686,27643,32550,9378,8595,9077,15400,12973,9555,8963,13017,26974,24062,16920,11725,9385,19627,19835,12345,14658,11407,33077,30638,37216,29397,14729,28898,29087,6764,7356,8462,7416,7344,6599,6809,25355,17439,11274,24437,17373,6112
11038,10662,20159,19942,10045,7385,22290,7526,9656,11430,11606,12496,7796,9461,4651,23164,10898,10028,10879,16597,8080,10686,4605,26167,31074,7902,7119,7601,13924,11497,8079,7487,11541,25498,22586,15444,10249,7909,18151,18359,10869,13182,9931,31601,29162,35740,27921,13253,27422,27611,5288,5880,6986,5940,5868,5123,5333,23879,15963,9798,22961,15897,4636
27995,27619,37116,36899,27002,24342,39247,24483,26613,28387,28563,29453,24753,26418,21608,40121,27855,26985,27836,33554,25037,27643,26167,21562,48031,24859,24076,24558,30881,28454,25036,24444,28498,42455,39543,32401,27206,24866,35108,35316,27826,30139,26888,48558,46119,52697,44878,30210,44379,44568,22245,22837,23943,22897,22825,22080,22290,40836,32920,26755,39918,32854,21593
32902,32526,42023,41806,31909,29249,44154,29390,31520,33294,33470,34360,29660,31325,26515,45028,32762,31892,32743,38461,29944,32550,31074,48031,26469,29766,28983,29465,35788,33361,29943,29351,33405,47362,44450,37308,32113,29773,40015,40223,32733,35046,31795,53465,51026,57604,49785,35117,49286,49475,27152,27744,28850,27804,27732,26987,27197,45743,37827,31662,44825,37761,26500
9730,9354,18851,18634,8737,6077,20982,6218,8348,10122,10298,11188,6488,8153,3343,21856,9590,8720,9571,15289,6772,9378,7902,24859,29766,3297,5811,6293,12616,10189,6771,6179,10233,24190,21278,14136,8941,6601,16843,17051,9561,11874,8623,30293,27854,34432,26613,11945,26114,26303,3980,4572,5678,4632,4560,3815,4025,22571,14655,8490,21653,14589,3328
8947,8571,18068,17851,7954,5294,20199,5435,7565,9339,9515,10405,5705,7370,2560,21073,8807,7937,8788,14506,5989,8595,7119,24076,28983,5811,2514,5510,11833,9406,5988,5396,9450,23407,20495,13353,8158,5818,16060,16268,8778,11091,7840,29510,27071,33649,25830,11162,25331,25520,3197,3789,4895,3849,3777,3032,3242,21788,13872,7707,20870,13806,2545
9429,9053,18550,18333,8436,5776,20681,5917,8047,9821,9997,10887,6187,7852,3042,21555,9289,8419,9270,14988,6471,9077,7601,24558,29465,6293,5510,2996,12315,9888,6470,5878,9932,23889,20977,13835,8640,6300,16542,16750,9260,11573,8322,29992,27553,34131,26312,11644,25813,26002,3679,4271,5377,4331,4259,3514,3724,22270,14354,8189,21352,14288,3027
15752,15376,24873,24656,14759,12099,27004,12240,14370,16144,16320,17210,12510,14175,9365,27878,15612,14742,15593,21311,12794,15400,13924,30881,35788,12616,11833,12315,9319,16211,12793,12201,16255,30212,27300,20158,14963,12623,22865,23073,15583,17896,14645,36315,33876,40454,32635,17967,32136,32325,10002,10594,11700,10654,10582,9837,10047,28593,20677,14512,27675,20611,9350
13325,12949,22446,22229,12332,9672,24577,9813,11943,13717,13893,14783,10083,11748,6938,25451,13185,12315,13166,18884,10367,12973,11497,28454,33361,10189,9406,9888,16211,6892,10366,9774,13828,27785,24873,17731,12536,10196,20438,20646,13156,15469,12218,33888,31449,38027,30208,15540,29709,29898,7575,8167,9273,8227,8155,7410,7620,26166,18250,12085,25248,18184,6923
9907,9531,19028,18811,8914,6254,21159,6395,8525,10299,10475,11365,6665,8330,3520,22033,9767,8897,9748,15466,6949,9555,8079,25036,29943,6771,5988,6470,12793,10366,3474,6356,10410,24367,21455,14313,9118,6778,17020,17228,9738,12051,8800,30470,28031,34609,26790,12122,26291,26480,4157,4749,5855,4809,4737,3992,4202,22748,14832,8667,21830,14766,3505
9315,8939,18436,18219,8322,5662,20567,5803,7933,9707,9883,10773,6073,7738,2928,21441,9175,8305,9156,14874,6357,8963,7487,24444,29351,6179,5396,5878,12201,9774,6356,2882,9818,23775,20863,13721,8526,6186,16428,16636,9146,11459,8208,29878,27439,34017,26198,11530,25699,25888,3565,4157,5263,4217,4145,3400,3610,22156,14240,8075,21238,14174,2913
13369,12993,22490,22273,12376,9716,24621,9857,11987,13761,13937,14827,10127,11792,6982,25495,13229,12359,13210,18928,10411,13017,11541,28498,33405,10233,9450,9932,16255,13828,10410,9818,6936,27829,24917,17775,12580,10240,20482,20690,13200,15513,12262,33932,31493,38071,30252,15584,29753,29942,7619,8211,9317,8271,8199,7454,7664,26210,18294,12129,25292,18228,6967
27326,26950,36447,36230,26333,23673,38578,23814,25944,27718,27894,28784,24084,25749,20939,39452,27186,26316,27167,32885,24368,26974,25498,42455,47362,24190,23407,23889,30212,27785,24367,23775,27829,20893,38874,31732,26537,24197,34439,34647,27157,29470,26219,47889,45450,52028,44209,29541,43710,43899,21576,22168,23274,22228,22156,21411,21621,40167,32251,26086,39249,32185,20924
24414,24038,33535,33318,23421,20761,35666,20902,23032,24806,24982,25872,21172,22837,18027,36540,24274,23404,24255,29973,21456,24062,22586,39543,44450,21278,20495,20977,27300,24873,21455,20863,24917,38874,17981,28820,23625,21285,31527,31735,24245,26558,23307,44977,42538,49116,41297,26629,40798,40987,18664,19256,20362,19316,19244,18499,18709,37255,29339,23174,36337,29273,18012
17272,16896,26393,26176,16279,13619,28524,13760,15890,17664,17840,18730,14030,15695,10885,29398,17132,16262,17113,22831,14314,16920,15444,32401,37308,14136,13353,13835,20158,17731,14313,13721,17775,31732,28820,10839,16483,14143,24385,24593,17103,19416,16165,37835,35396,41974,34155,19487,33656,33845,11522,12114,13220,12174,12102,11357,11567,30113,22197,16032,29195,22131,10870
12077,11701,21198,20981,11084,8424,23329,8565,10695,12469,12645,13535,8835,10500,5690,24203,11937,11067,11918,17636,9119,11725,10249,27206,32113,8941,8158,8640,14963,12536,9118,8526,12580,26537,23625,16483,5644,8948,19190,19398,11908,14221,10970,32640,30201,36779,28960,14292,28461,28650,6327,6919,8025,6979,6907,6162,6372,24918,17002,10837,24000,16936,5675
9737,9361,18858,18641,8744,6084,20989,6225,8355,10129,10305,11195,6495,8160,3350,21863,9597,8727,9578,15296,6779,9385,7909,24866,29773,6601,5818,6300,12623,10196,6778,6186,10240,24197,21285,14143,8948,3304,16850,17058,9568,11881,8630,30300,27861,34439,26620,11952,26121,26310,3987,4579,5685,4639,4567,3822,4032,22578,14662,8497,21660,14596,3335
19979,19603,29100,28883,18986,16326,31231,16467,18597,20371,20547,21437,16737,18402,13592,32105,19839,18969,19820,25538,17021,19627,18151,35108,40015,16843,16060,16542,22865,20438,17020,16428,20482,34439,31527,24385,19190,16850,13546,27300,19810,22123,18872,40542,38103,44681,36862,22194,36363,36552,14229,14821,15927,14881,14809,14064,14274,32820,24904,18739,31902,24838,13577
20187,19811,29308,29091,19194,16534,31439,16675,18805,20579,20755,21645,16945,18610,13800,32313,20047,19177,20028,25746,17229,19835,18359,35316,40223,17051,16268,16750,23073,20646,17228,16636,20690,34647,31735,24593,19398,17058,27300,13754,20018,22331,19080,40750,38311,44889,37070,22402,36571,36760,14437,15029,16135,15089,15017,14272,14482,33028,25112,18947,32110,25046,13785
12697,12321,21818,21601,11704,9044,23949,9185,11315,13089,13265,14155,9455,11120,6310,24823,12557,11687,12538,18256,9739,12345,10869,27826,32733,9561,8778,9260,15583,13156,9738,9146,13200,27157,24245,17103,11908,9568,19810,20018,6264,14841,11590,33260,30821,37399,29580,14912,29081,29270,6947,7539,8645,7599,7527,6782,6992,25538,17622,11457,24620,17556,6295
15010,14634,24131,23914,14017,11357,26262,11498,13628,15402,15578,16468,11768,13433,8623,27136,14870,14000,14851,20569,12052,14658,13182,30139,35046,11874,11091,11573,17896,15469,12051,11459,15513,29470,26558,19416,14221,11881,22123,22331,14841,8577,13903,35573,33134,39712,31893,17225,31394,31583,9260,9852,10958,9912,9840,9095,9305,27851,19935,13770,26933,19869,8608
11759,11383,20880,20663,10766,8106,23011,8247,10377,12151,12327,13217,8517,10182,5372,23885,11619,10749,11600,17318,8801,11407,9931,26888,31795,8623,7840,8322,14645,12218,8800,8208,12262,26219,23307,16165,10970,8630,18872,19080,11590,13903,5326,32322,29883,36461,28642,13974,28143,28332,6009,6601,7707,6661,6589,5844,6054,24600,16684,10519,23682,16618,5357
33429,33053,42550,42333,32436,29776,44681,29917,32047,33821,33997,34887,30187,31852,27042,45555,33289,32419,33270,38988,30471,33077,31601,48558,53465,30293,29510,29992,36315,33888,30470,29878,33932,47889,44977,37835,32640,30300,40542,40750,33260,35573,32322,26996,51553,58131,50312,35644,49813,50002,27679,28271,29377,28331,28259,27514,27724,46270,38354,32189,45352,38288,27027
30990,30614,40111,39894,29997,27337,42242,27478,29608,31382,31558,32448,27748,29413,24603,43116,30850,29980,30831,36549,28032,30638,29162,46119,51026,27854,27071,27553,33876,31449,28031,27439,31493,45450,42538,35396,30201,27861,38103,38311,30821,33134,29883,51553,24557,55692,47873,33205,47374,47563,25240,25832,26938,25892,25820,25075,25285,43831,35915,29750,42913,35849,24588
37568,37192,46689,46472,36575,33915,48820,34056,36186,37960,38136,39026,34326,35991,31181,49694,37428,36558,37409,43127,34610,37216,35740,52697,57604,34432,33649,34131,40454,38027,34609,34017,38071,52028,49116,41974,36779,34439,44681,44889,37399,39712,36461,58131,55692,31135,54451,39783,53952,54141,31818,32410,33516,32470,32398,31653,31863,50409,42493,36328,49491,42427,31166
29749,29373,38870,38653,28756,26096,41001,26237,28367,30141,30317,31207,26507,28172,23362,41875,29609,28739,29590,35308,26791,29397,27921,44878,49785,26613,25830,26312,32635,30208,26790,26198,30252,44209,41297,34155,28960,26620,36862,37070,29580,31893,28642,50312,47873,54451,23316,31964,46133,46322,23999,24591,25697,24651,24579,23834,24044,42590,34674,28509,41672,34608,23347
15081,14705,24202,23985,14088,11428,26333,11569,13699,15473,15649,16539,11839,13504,8694,27207,14941,14071,14922,20640,12123,14729,13253,30210,35117,11945,11162,11644,17967,15540,12122,11530,15584,29541,26629,19487,14292,11952,22194,22402,14912,17225,13974,35644,33205,39783,31964,8648,31465,31654,9331,9923,11029,9983,9911,9166,9376,27922,20006,13841,27004,19940,8679
29250,28874,38371,38154,28257,25597,40502,25738,27868,29642,29818,30708,26008,27673,22863,41376,29110,28240,29091,34809,26292,28898,27422,44379,49286,26114,25331,25813,32136,29709,26291,25699,29753,43710,40798,33656,28461,26121,36363,36571,29081,31394,28143,49813,47374,53952,46133,31465,22817,45823,23500,24092,25198,24152,24080,23335,23545,42091,34175,28010,41173,34109,22848
29439,29063,38560,38343,28446,25786,40691,25927,28057,29831,30007,30897,26197,27862,23052,41565,29299,28429,29280,34998,26481,29087,27611,44568,49475,26303,25520,26002,32325,29898,26480,25888,29942,43899,40987,33845,28650,26310,36552,36760,29270,31583,28332,50002,47563,54141,46322,31654,45823,23006,23689,24281,25387,24341,24269,23524,23734,42280,34364,28199,41362,34298,23037
7116,6740,16237,16020,6123,3463,18368,3604,5734,7508,7684,8574,3874,5539,729,19242,6976,6106,6957,12675,4158,6764,5288,22245,27152,3980,3197,3679,10002,7575,4157,3565,7619,21576,18664,11522,6327,3987,14229,14437,6947,9260,6009,27679,25240,31818,23999,9331,23500,23689,683,1958,3064,2018,1946,1201,1411,19957,12041,5876,19039,11975,714
7708,7332,16829,16612,6715,4055,18960,4196,6326,8100,8276,9166,4466,6131,1321,19834,7568,6698,7549,13267,4750,7356,5880,22837,27744,4572,3789,4271,10594,8167,4749,4157,8211,22168,19256,12114,6919,4579,14821,15029,7539,9852,6601,28271,25832,32410,24591,9923,24092,24281,1958,1275,3656,2610,2538,1793,2003,20549,12633,6468,19631,12567,1306
8814,8438,17935,17718,7821,5161,20066,5302,7432,9206,9382,10272,5572,7237,2427,20940,8674,7804,8655,14373,5856,8462,6986,23943,28850,5678,4895,5377,11700,9273,5855,5263,9317,23274,20362,13220,8025,5685,15927,16135,8645,10958,7707,29377,26938,33516,25697,11029,25198,25387,3064,3656,2381,3716,3644,2899,3109,21655,13739,7574,20737,13673,2412
7768,7392,16889,16672,6775,4115,19020,4256,6386,8160,8336,9226,4526,6191,1381,19894,7628,6758,7609,13327,4810,7416,5940,22897,27804,4632,3849,4331,10654,8227,4809,4217,8271,22228,19316,12174,6979,4639,14881,15089,7599,9912,6661,28331,25892,32470,24651,9983,24152,24341,2018,2610,3716,1335,2598,1853,2063,20609,12693,6528,19691,12627,1366
7696,7320,16817,16600,6703,4043,18948,4184,6314,8088,8264,9154,4454,6119,1309,19822,7556,6686,7537,13255,4738,7344,5868,22825,27732,4560,3777,4259,10582,8155,4737,4145,8199,22156,19244,12102,6907,4567,14809,15017,7527,9840,6589,28259,25820,32398,24579,9911,24080,24269,1946,2538,3644,2598,1263,1781,1991,20537,12621,6456,19619,12555,1294
6951,6575,16072,15855,5958,3298,18203,3439,5569,7343,7519,8409,3709,5374,564,19077,6811,5941,6792,12510,3993,6599,5123,22080,26987,3815,3032,3514,9837,7410,3992,3400,7454,21411,18499,11357,6162,3822,14064,14272,6782,9095,5844,27514,25075,31653,23834,9166,23335,23524,1201,1793,2899,1853,1781,518,1246,19792,11876,5711,18874,11810,549
7161,6785,16282,16065,6168,3508,18413,3649,5779,7553,7729,8619,3919,5584,774,19287,7021,6151,7002,12720,4203,6809,5333,22290,27197,4025,3242,3724,10047,7620,4202,3610,7664,21621,18709,11567,6372,4032,14274,14482,6992,9305,6054,27724,25285,31863,24044,9376,23545,23734,1411,2003,3109,2063,1991,1246,728,20002,12086,5921,19084,12020,759
25707,25331,34828,34611,24714,22054,36959,22195,24325,26099,26275,27165,22465,24130,19320,37833,25567,24697,25548,31266,22749,25355,23879,40836,45743,22571,21788,22270,28593,26166,22748,22156,26210,40167,37255,30113,24918,22578,32820,33028,25538,27851,24600,46270,43831,50409,42590,27922,42091,42280,19957,20549,21655,20609,20537,19792,20002,19274,30632,24467,37630,30566,19305
17791,17415,26912,26695,16798,14138,29043,14279,16409,18183,18359,19249,14549,16214,11404,29917,17651,16781,17632,23350,14833,17439,15963,32920,37827,14655,13872,14354,20677,18250,14832,14240,18294,32251,29339,22197,17002,14662,24904,25112,17622,19935,16684,38354,35915,42493,34674,20006,34175,34364,12041,12633,13739,12693,12621,11876,12086,30632,11358,16551,29714,22650,11389
11626,11250,20747,20530,10633,7973,22878,8114,10244,12018,12194,13084,8384,10049,5239,23752,11486,10616,11467,17185,8668,11274,9798,26755,31662,8490,7707,8189,14512,12085,8667,8075,12129,26086,23174,16032,10837,8497,18739,18947,11457,13770,10519,32189,29750,36328,28509,13841,28010,28199,5876,6468,7574,6528,6456,5711,5921,24467,16551,5193,23549,16485,5224
24789,24413,33910,33693,23796,21136,36041,21277,23407,25181,25357,26247,21547,23212,18402,36915,24649,23779,24630,30348,21831,24437,22961,39918,44825,21653,20870,21352,27675,25248,21830,21238,25292,39249,36337,29195,24000,21660,31902,32110,24620,26933,23682,45352,42913,49491,41672,27004,41173,41362,19039,19631,20737,19691,19619,18874,19084,37630,29714,23549,18356,29648,18387
17725,17349,26846,26629,16732,14072,28977,14213,16343,18117,18293,19183,14483,16148,11338,29851,17585,16715,17566,23284,14767,17373,15897,32854,37761,14589,13806,14288,20611,18184,14766,14174,18228,32185,29273,22131,16936,14596,24838,25046,17556,19869,16618,38288,35849,42427,34608,19940,34109,34298,11975,12567,13673,12627,12555,11810,12020,30566,22650,16485,29648,11292,11323
6464,6088,15585,15368,5471,2811,17716,2952,5082,6856,7032,7922,3222,4887,77,18590,6324,5454,6305,12023,3506,6112,4636,21593,26500,3328,2545,3027,9350,6923,3505,2913,6967,20924,18012,10870,5675,3335,13577,13785,6295,8608,5357,27027,24588,31166,23347,8679,22848,23037,714,1306,2412,1366,1294,549,759,19305,11389,5224,18387,11323,31
