1344,1888,3221,5474,1926,1531,4009,1598,2032,3182,2717,2489,2107,1897,1536,3232,1982,2435,1908,2565,1606,2203,2093,4580,7851,3579,1981,1526,1943,2455,1601,1575,1853,3403,4148,2811,1772,1959,3502,2614,1792,2381,2368,4736,5483,7229,8291,2056,2750,4170,2066,1783,4309,2778,2770,1736,1604,5464,4507,3954,3610,3380,1774
1888,544,2421,4674,1126,731,3209,798,1232,2382,1917,1689,1307,1097,736,2432,1182,1635,1108,1765,806,1403,1293,3780,7051,2779,1181,726,1143,1655,801,775,1053,2603,3348,2011,972,1159,2702,1814,992,1581,1568,3936,4683,6429,7491,1256,1950,3370,1266,983,3509,1978,1970,936,804,4664,3707,3154,2810,2580,974
3221,2421,1877,6007,2459,2064,4542,2131,2565,3715,3250,3022,2640,2430,2069,3765,2515,2968,2441,3098,2139,2736,2626,5113,8384,4112,2514,2059,2476,2988,2134,2108,2386,3936,4681,3344,2305,2492,4035,3147,2325,2914,2901,5269,6016,7762,8824,2589,3283,4703,2599,2316,4842,3311,3303,2269,2137,5997,5040,4487,4143,3913,2307
5474,4674,6007,4130,4712,4317,6795,4384,4818,5968,5503,5275,4893,4683,4322,6018,4768,5221,4694,5351,4392,4989,4879,7366,10637,6365,4767,4312,4729,5241,4387,4361,4639,6189,6934,5597,4558,4745,6288,5400,4578,5167,5154,7522,8269,10015,11077,4842,5536,6956,4852,4569,7095,5564,5556,4522,4390,8250,7293,6740,6396,6166,4560
1926,1126,2459,4712,582,769,3247,836,1270,2420,1955,1727,1345,1135,774,2470,1220,1673,1146,1803,844,1441,1331,3818,7089,2817,1219,764,1181,1693,839,813,1091,2641,3386,2049,1010,1197,2740,1852,1030,1619,1606,3974,4721,6467,7529,1294,1988,3408,1304,1021,3547,2016,2008,974,842,4702,3745,3192,2848,2618,1012
1531,731,2064,4317,769,187,2852,441,875,2025,1560,1332,950,740,379,2075,825,1278,751,1408,449,1046,936,3423,6694,2422,824,369,786,1298,444,418,696,2246,2991,1654,615,802,2345,1457,635,1224,1211,3579,4326,6072,7134,899,1593,3013,909,626,3152,1621,1613,579,447,4307,3350,2797,2453,2223,617
4009,3209,4542,6795,3247,2852,2665,2919,3353,4503,4038,3810,3428,3218,2857,4553,3303,3756,3229,3886,2927,3524,3414,5901,9172,4900,3302,2847,3264,3776,2922,2896,3174,4724,5469,4132,3093,3280,4823,3935,3113,3702,3689,6057,6804,8550,9612,3377,4071,5491,3387,3104,5630,4099,4091,3057,2925,6785,5828,5275,4931,4701,3095
1598,798,2131,4384,836,441,2919,254,942,2092,1627,1399,1017,807,446,2142,892,1345,818,1475,516,1113,1003,3490,6761,2489,891,436,853,1365,511,485,763,2313,3058,1721,682,869,2412,1524,702,1291,1278,3646,4393,6139,7201,966,1660,3080,976,693,3219,1688,1680,646,514,4374,3417,2864,2520,2290,684
2032,1232,2565,4818,1270,875,3353,942,688,2526,2061,1833,1451,1241,880,2576,1326,1779,1252,1909,950,1547,1437,3924,7195,2923,1325,870,1287,1799,945,919,1197,2747,3492,2155,1116,1303,2846,1958,1136,1725,1712,4080,4827,6573,7635,1400,2094,3514,1410,1127,3653,2122,2114,1080,948,4808,3851,3298,2954,2724,1118
3182,2382,3715,5968,2420,2025,4503,2092,2526,1838,3211,2983,2601,2391,2030,3726,2476,2929,2402,3059,2100,2697,2587,5074,8345,4073,2475,2020,2437,2949,2095,2069,2347,3897,4642,3305,2266,2453,3996,3108,2286,2875,2862,5230,5977,7723,8785,2550,3244,4664,2560,2277,4803,3272,3264,2230,2098,5958,5001,4448,4104,3874,2268
2717,1917,3250,5503,1955,1560,4038,1627,2061,3211,1373,2518,2136,1926,1565,3261,2011,2464,1937,2594,1635,2232,2122,4609,7880,3608,2010,1555,1972,2484,1630,1604,1882,3432,4177,2840,1801,1988,3531,2643,1821,2410,2397,4765,5512,7258,8320,2085,2779,4199,2095,1812,4338,2807,2799,1765,1633,5493,4536,3983,3639,3409,1803
2489,1689,3022,5275,1727,1332,3810,1399,1833,2983,2518,1145,1908,1698,1337,3033,1783,2236,1709,2366,1407,2004,1894,4381,7652,3380,1782,1327,1744,2256,1402,1376,1654,3204,3949,2612,1573,1760,3303,2415,1593,2182,2169,4537,5284,7030,8092,1857,2551,3971,1867,1584,4110,2579,2571,1537,1405,5265,4308,3755,3411,3181,1575
2107,1307,2640,4893,1345,950,3428,1017,1451,2601,2136,1908,763,1316,955,2651,1401,1854,1327,1984,1025,1622,1512,3999,7270,2998,1400,945,1362,1874,1020,994,1272,2822,3567,2230,1191,1378,2921,2033,1211,1800,1787,4155,4902,6648,7710,1475,2169,3589,1485,1202,3728,2197,2189,1155,1023,4883,3926,3373,3029,2799,1193
1897,1097,2430,4683,1135,740,3218,807,1241,2391,1926,1698,1316,553,745,2441,1191,1644,1117,1774,815,1412,1302,3789,7060,2788,1190,735,1152,1664,810,784,1062,2612,3357,2020,981,1168,2711,1823,1001,1590,1577,3945,4692,6438,7500,1265,1959,3379,1275,992,3518,1987,1979,945,813,4673,3716,3163,2819,2589,983
1536,736,2069,4322,774,379,2857,446,880,2030,1565,1337,955,745,192,2080,830,1283,756,1413,454,1051,941,3428,6699,2427,829,374,791,1303,449,423,701,2251,2996,1659,620,807,2350,1462,640,1229,1216,3584,4331,6077,7139,904,1598,3018,914,631,3157,1626,1618,584,452,4312,3355,2802,2458,2228,622
3232,2432,3765,6018,2470,2075,4553,2142,2576,3726,3261,3033,2651,2441,2080,1888,2526,2979,2452,3109,2150,2747,2637,5124,8395,4123,2525,2070,2487,2999,2145,2119,2397,3947,4692,3355,2316,2503,4046,3158,2336,2925,2912,5280,6027,7773,8835,2600,3294,4714,2610,2327,4853,3322,3314,2280,2148,6008,5051,4498,4154,3924,2318
1982,1182,2515,4768,1220,825,3303,892,1326,2476,2011,1783,1401,1191,830,2526,638,1729,1202,1859,900,1497,1387,3874,7145,2873,1275,820,1237,1749,895,869,1147,2697,3442,2105,1066,1253,2796,1908,1086,1675,1662,4030,4777,6523,7585,1350,2044,3464,1360,1077,3603,2072,2064,1030,898,4758,3801,3248,2904,2674,1068
2435,1635,2968,5221,1673,1278,3756,1345,1779,2929,2464,2236,1854,1644,1283,2979,1729,1091,1655,2312,1353,1950,1840,4327,7598,3326,1728,1273,1690,2202,1348,1322,1600,3150,3895,2558,1519,1706,3249,2361,1539,2128,2115,4483,5230,6976,8038,1803,2497,3917,1813,1530,4056,2525,2517,1483,1351,5211,4254,3701,3357,3127,1521
1908,1108,2441,4694,1146,751,3229,818,1252,2402,1937,1709,1327,1117,756,2452,1202,1655,564,1785,826,1423,1313,3800,7071,2799,1201,746,1163,1675,821,795,1073,2623,3368,2031,992,1179,2722,1834,1012,1601,1588,3956,4703,6449,7511,1276,1970,3390,1286,1003,3529,1998,1990,956,824,4684,3727,3174,2830,2600,994
2565,1765,3098,5351,1803,1408,3886,1475,1909,3059,2594,2366,1984,1774,1413,3109,1859,2312,1785,1221,1483,2080,1970,4457,7728,3456,1858,1403,1820,2332,1478,1452,1730,3280,4025,2688,1649,1836,3379,2491,1669,2258,2245,4613,5360,7106,8168,1933,2627,4047,1943,1660,4186,2655,2647,1613,1481,5341,4384,3831,3487,3257,1651
1606,806,2139,4392,844,449,2927,516,950,2100,1635,1407,1025,815,454,2150,900,1353,826,1483,262,1121,1011,3498,6769,2497,899,444,861,1373,519,493,771,2321,3066,1729,690,877,2420,1532,710,1299,1286,3654,4401,6147,7209,974,1668,3088,984,701,3227,1696,1688,654,522,4382,3425,2872,2528,2298,692
2203,1403,2736,4989,1441,1046,3524,1113,1547,2697,2232,2004,1622,1412,1051,2747,1497,1950,1423,2080,1121,859,1608,4095,7366,3094,1496,1041,1458,1970,1116,1090,1368,2918,3663,2326,1287,1474,3017,2129,1307,1896,1883,4251,4998,6744,7806,1571,2265,3685,1581,1298,3824,2293,2285,1251,1119,4979,4022,3469,3125,2895,1289
2093,1293,2626,4879,1331,936,3414,1003,1437,2587,2122,1894,1512,1302,941,2637,1387,1840,1313,1970,1011,1608,749,3985,7256,2984,1386,931,1348,1860,1006,980,1258,2808,3553,2216,1177,1364,2907,2019,1197,1786,1773,4141,4888,6634,7696,1461,2155,3575,1471,1188,3714,2183,2175,1141,1009,4869,3912,3359,3015,2785,1179
4580,3780,5113,7366,3818,3423,5901,3490,3924,5074,4609,4381,3999,3789,3428,5124,3874,4327,3800,4457,3498,4095,3985,3236,9743,5471,3873,3418,3835,4347,3493,3467,3745,5295,6040,4703,3664,3851,5394,4506,3684,4273,4260,6628,7375,9121,10183,3948,4642,6062,3958,3675,6201,4670,4662,3628,3496,7356,6399,5846,5502,5272,3666
7851,7051,8384,10637,7089,6694,9172,6761,7195,8345,7880,7652,7270,7060,6699,8395,7145,7598,7071,7728,6769,7366,7256,9743,6507,8742,7144,6689,7106,7618,6764,6738,7016,8566,9311,7974,6935,7122,8665,7777,6955,7544,7531,9899,10646,12392,13454,7219,7913,9333,7229,6946,9472,7941,7933,6899,6767,10627,9670,9117,8773,8543,6937
3579,2779,4112,6365,2817,2422,4900,2489,2923,4073,3608,3380,2998,2788,2427,4123,2873,3326,2799,3456,2497,3094,2984,5471,8742,2235,2872,2417,2834,3346,2492,2466,2744,4294,5039,3702,2663,2850,4393,3505,2683,3272,3259,5627,6374,8120,9182,2947,3641,5061,2957,2674,5200,3669,3661,2627,2495,6355,5398,4845,4501,4271,2665
1981,1181,2514,4767,1219,824,3302,891,1325,2475,2010,1782,1400,1190,829,2525,1275,1728,1201,1858,899,1496,1386,3873,7144,2872,637,819,1236,1748,894,868,1146,2696,3441,2104,1065,1252,2795,1907,1085,1674,1661,4029,4776,6522,7584,1349,2043,3463,1359,1076,3602,2071,2063,1029,897,4757,3800,3247,2903,2673,1067
1526,726,2059,4312,764,369,2847,436,870,2020,1555,1327,945,735,374,2070,820,1273,746,1403,444,1041,931,3418,6689,2417,819,182,781,1293,439,413,691,2241,2986,1649,610,797,2340,1452,630,1219,1206,3574,4321,6067,7129,894,1588,3008,904,621,3147,1616,1608,574,442,4302,3345,2792,2448,2218,612
1943,1143,2476,4729,1181,786,3264,853,1287,2437,1972,1744,1362,1152,791,2487,1237,1690,1163,1820,861,1458,1348,3835,7106,2834,1236,781,599,1710,856,830,1108,2658,3403,2066,1027,1214,2757,1869,1047,1636,1623,3991,4738,6484,7546,1311,2005,3425,1321,1038,3564,2033,2025,991,859,4719,3762,3209,2865,2635,1029
2455,1655,2988,5241,1693,1298,3776,1365,1799,2949,2484,2256,1874,1664,1303,2999,1749,2202,1675,2332,1373,1970,1860,4347,7618,3346,1748,1293,1710,1111,1368,1342,1620,3170,3915,2578,1539,1726,3269,2381,1559,2148,2135,4503,5250,6996,8058,1823,2517,3937,1833,1550,4076,2545,2537,1503,1371,5231,4274,3721,3377,3147,1541
1601,801,2134,4387,839,444,2922,511,945,2095,1630,1402,1020,810,449,2145,895,1348,821,1478,519,1116,1006,3493,6764,2492,894,439,856,1368,257,488,766,2316,3061,1724,685,872,2415,1527,705,1294,1281,3649,4396,6142,7204,969,1663,3083,979,696,3222,1691,1683,649,517,4377,3420,2867,2523,2293,687
1575,775,2108,4361,813,418,2896,485,919,2069,1604,1376,994,784,423,2119,869,1322,795,1452,493,1090,980,3467,6738,2466,868,413,830,1342,488,231,740,2290,3035,1698,659,846,2389,1501,679,1268,1255,3623,4370,6116,7178,943,1637,3057,953,670,3196,1665,1657,623,491,4351,3394,2841,2497,2267,661
1853,1053,2386,4639,1091,696,3174,763,1197,2347,1882,1654,1272,1062,701,2397,1147,1600,1073,1730,771,1368,1258,3745,7016,2744,1146,691,1108,1620,766,740,509,2568,3313,1976,937,1124,2667,1779,957,1546,1533,3901,4648,6394,7456,1221,1915,3335,1231,948,3474,1943,1935,901,769,4629,3672,3119,2775,2545,939
3403,2603,3936,6189,2641,2246,4724,2313,2747,3897,3432,3204,2822,2612,2251,3947,2697,3150,2623,3280,2321,2918,2808,5295,8566,4294,2696,2241,2658,3170,2316,2290,2568,2059,4863,3526,2487,2674,4217,3329,2507,3096,3083,5451,6198,7944,9006,2771,3465,4885,2781,2498,5024,3493,3485,2451,2319,6179,5222,4669,4325,4095,2489
4148,3348,4681,6934,3386,2991,5469,3058,3492,4642,4177,3949,3567,3357,2996,4692,3442,3895,3368,4025,3066,3663,3553,6040,9311,5039,3441,2986,3403,3915,3061,3035,3313,4863,2804,4271,3232,3419,4962,4074,3252,3841,3828,6196,6943,8689,9751,3516,4210,5630,3526,3243,5769,4238,4230,3196,3064,6924,5967,5414,5070,4840,3234
2811,2011,3344,5597,2049,1654,4132,1721,2155,3305,2840,2612,2230,2020,1659,3355,2105,2558,2031,2688,1729,2326,2216,4703,7974,3702,2104,1649,2066,2578,1724,1698,1976,3526,4271,1467,1895,2082,3625,2737,1915,2504,2491,4859,5606,7352,8414,2179,2873,4293,2189,1906,4432,2901,2893,1859,1727,5587,4630,4077,3733,3503,1897
1772,972,2305,4558,1010,615,3093,682,1116,2266,1801,1573,1191,981,620,2316,1066,1519,992,1649,690,1287,1177,3664,6935,2663,1065,610,1027,1539,685,659,937,2487,3232,1895,428,1043,2586,1698,876,1465,1452,3820,4567,6313,7375,1140,1834,3254,1150,867,3393,1862,1854,820,688,4548,3591,3038,2694,2464,858
1959,1159,2492,4745,1197,802,3280,869,1303,2453,1988,1760,1378,1168,807,2503,1253,1706,1179,1836,877,1474,1364,3851,7122,2850,1252,797,1214,1726,872,846,1124,2674,3419,2082,1043,615,2773,1885,1063,1652,1639,4007,4754,6500,7562,1327,2021,3441,1337,1054,3580,2049,2041,1007,875,4735,3778,3225,2881,2651,1045
3502,2702,4035,6288,2740,2345,4823,2412,2846,3996,3531,3303,2921,2711,2350,4046,2796,3249,2722,3379,2420,3017,2907,5394,8665,4393,2795,2340,2757,3269,2415,2389,2667,4217,4962,3625,2586,2773,2158,3428,2606,3195,3182,5550,6297,8043,9105,2870,3564,4984,2880,2597,5123,3592,3584,2550,2418,6278,5321,4768,4424,4194,2588
2614,1814,3147,5400,1852,1457,3935,1524,1958,3108,2643,2415,2033,1823,1462,3158,1908,2361,1834,2491,1532,2129,2019,4506,7777,3505,1907,1452,1869,2381,1527,1501,1779,3329,4074,2737,1698,1885,3428,1270,1718,2307,2294,4662,5409,7155,8217,1982,2676,4096,1992,1709,4235,2704,2696,1662,1530,5390,4433,3880,3536,3306,1700
1792,992,2325,4578,1030,635,3113,702,1136,2286,1821,1593,1211,1001,640,2336,1086,1539,1012,1669,710,1307,1197,3684,6955,2683,1085,630,1047,1559,705,679,957,2507,3252,1915,876,1063,2606,1718,448,1485,1472,3840,4587,6333,7395,1160,1854,3274,1170,887,3413,1882,1874,840,708,4568,3611,3058,2714,2484,878
2381,1581,2914,5167,1619,1224,3702,1291,1725,2875,2410,2182,1800,1590,1229,2925,1675,2128,1601,2258,1299,1896,1786,4273,7544,3272,1674,1219,1636,2148,1294,1268,1546,3096,3841,2504,1465,1652,3195,2307,1485,1037,2061,4429,5176,6922,7984,1749,2443,3863,1759,1476,4002,2471,2463,1429,1297,5157,4200,3647,3303,3073,1467
2368,1568,2901,5154,1606,1211,3689,1278,1712,2862,2397,2169,1787,1577,1216,2912,1662,2115,1588,2245,1286,1883,1773,4260,7531,3259,1661,1206,1623,2135,1281,1255,1533,3083,3828,2491,1452,1639,3182,2294,1472,2061,1024,4416,5163,6909,7971,1736,2430,3850,1746,1463,3989,2458,2450,1416,1284,5144,4187,3634,3290,3060,1454
4736,3936,5269,7522,3974,3579,6057,3646,4080,5230,4765,4537,4155,3945,3584,5280,4030,4483,3956,4613,3654,4251,4141,6628,9899,5627,4029,3574,3991,4503,3649,3623,3901,5451,6196,4859,3820,4007,5550,4662,3840,4429,4416,3392,7531,9277,10339,4104,4798,6218,4114,3831,6357,4826,4818,3784,3652,7512,6555,6002,5658,5428,3822
5483,4683,6016,8269,4721,4326,6804,4393,4827,5977,5512,5284,4902,4692,4331,6027,4777,5230,4703,5360,4401,4998,4888,7375,10646,6374,4776,4321,4738,5250,4396,4370,4648,6198,6943,5606,4567,4754,6297,5409,4587,5176,5163,7531,4139,10024,11086,4851,5545,6965,4861,4578,7104,5573,5565,4531,4399,8259,7302,6749,6405,6175,4569
7229,6429,7762,10015,6467,6072,8550,6139,6573,7723,7258,7030,6648,6438,6077,7773,6523,6976,6449,7106,6147,6744,6634,9121,12392,8120,6522,6067,6484,6996,6142,6116,6394,7944,8689,7352,6313,6500,8043,7155,6333,6922,6909,9277,10024,5885,12832,6597,7291,8711,6607,6324,8850,7319,7311,6277,6145,10005,9048,8495,8151,7921,6315
8291,7491,8824,11077,7529,7134,9612,7201,7635,8785,8320,8092,7710,7500,7139,8835,7585,8038,7511,8168,7209,7806,7696,10183,13454,9182,7584,7129,7546,8058,7204,7178,7456,9006,9751,8414,7375,7562,9105,8217,7395,7984,7971,10339,11086,12832,6947,7659,8353,9773,7669,7386,9912,8381,8373,7339,7207,11067,10110,9557,9213,8983,7377
2056,1256,2589,4842,1294,899,3377,966,1400,2550,2085,1857,1475,1265,904,2600,1350,1803,1276,1933,974,1571,1461,3948,7219,2947,1349,894,1311,1823,969,943,1221,2771,3516,2179,1140,1327,2870,1982,1160,1749,1736,4104,4851,6597,7659,712,2118,3538,1434,1151,3677,2146,2138,1104,972,4832,3875,3322,2978,2748,1142
2750,1950,3283,5536,1988,1593,4071,1660,2094,3244,2779,2551,2169,1959,1598,3294,2044,2497,1970,2627,1668,2265,2155,4642,7913,3641,2043,1588,2005,2517,1663,1637,1915,3465,4210,2873,1834,2021,3564,2676,1854,2443,2430,4798,5545,7291,8353,2118,1406,4232,2128,1845,4371,2840,2832,1798,1666,5526,4569,4016,3672,3442,1836
4170,3370,4703,6956,3408,3013,5491,3080,3514,4664,4199,3971,3589,3379,3018,4714,3464,3917,3390,4047,3088,3685,3575,6062,9333,5061,3463,3008,3425,3937,3083,3057,3335,4885,5630,4293,3254,3441,4984,4096,3274,3863,3850,6218,6965,8711,9773,3538,4232,2826,3548,3265,5791,4260,4252,3218,3086,6946,5989,5436,5092,4862,3256
2066,1266,2599,4852,1304,909,3387,976,1410,2560,2095,1867,1485,1275,914,2610,1360,1813,1286,1943,984,1581,1471,3958,7229,2957,1359,904,1321,1833,979,953,1231,2781,3526,2189,1150,1337,2880,1992,1170,1759,1746,4114,4861,6607,7669,1434,2128,3548,722,1161,3687,2156,2148,1114,982,4842,3885,3332,2988,2758,1152
1783,983,2316,4569,1021,626,3104,693,1127,2277,1812,1584,1202,992,631,2327,1077,1530,1003,1660,701,1298,1188,3675,6946,2674,1076,621,1038,1550,696,670,948,2498,3243,1906,867,1054,2597,1709,887,1476,1463,3831,4578,6324,7386,1151,1845,3265,1161,439,3404,1873,1865,831,699,4559,3602,3049,2705,2475,869
4309,3509,4842,7095,3547,3152,5630,3219,3653,4803,4338,4110,3728,3518,3157,4853,3603,4056,3529,4186,3227,3824,3714,6201,9472,5200,3602,3147,3564,4076,3222,3196,3474,5024,5769,4432,3393,3580,5123,4235,3413,4002,3989,6357,7104,8850,9912,3677,4371,5791,3687,3404,2965,4399,4391,3357,3225,7085,6128,5575,5231,5001,3395
2778,1978,3311,5564,2016,1621,4099,1688,2122,3272,2807,2579,2197,1987,1626,3322,2072,2525,1998,2655,1696,2293,2183,4670,7941,3669,2071,1616,2033,2545,1691,1665,1943,3493,4238,2901,1862,2049,3592,2704,1882,2471,2458,4826,5573,7319,8381,2146,2840,4260,2156,1873,4399,1434,2860,1826,1694,5554,4597,4044,3700,3470,1864
2770,1970,3303,5556,2008,1613,4091,1680,2114,3264,2799,2571,2189,1979,1618,3314,2064,2517,1990,2647,1688,2285,2175,4662,7933,3661,2063,1608,2025,2537,1683,1657,1935,3485,4230,2893,1854,2041,3584,2696,1874,2463,2450,4818,5565,7311,8373,2138,2832,4252,2148,1865,4391,2860,1426,1818,1686,5546,4589,4036,3692,3462,1856
1736,936,2269,4522,974,579,3057,646,1080,2230,1765,1537,1155,945,584,2280,1030,1483,956,1613,654,1251,1141,3628,6899,2627,1029,574,991,1503,649,623,901,2451,3196,1859,820,1007,2550,1662,840,1429,1416,3784,4531,6277,7339,1104,1798,3218,1114,831,3357,1826,1818,392,652,4512,3555,3002,2658,2428,822
1604,804,2137,4390,842,447,2925,514,948,2098,1633,1405,1023,813,452,2148,898,1351,824,1481,522,1119,1009,3496,6767,2495,897,442,859,1371,517,491,769,2319,3064,1727,688,875,2418,1530,708,1297,1284,3652,4399,6145,7207,972,1666,3086,982,699,3225,1694,1686,652,260,4380,3423,2870,2526,2296,690
5464,4664,5997,8250,4702,4307,6785,4374,4808,5958,5493,5265,4883,4673,4312,6008,4758,5211,4684,5341,4382,4979,4869,7356,10627,6355,4757,4302,4719,5231,4377,4351,4629,6179,6924,5587,4548,4735,6278,5390,4568,5157,5144,7512,8259,10005,11067,4832,5526,6946,4842,4559,7085,5554,5546,4512,4380,4120,7283,6730,6386,6156,4550
4507,3707,5040,7293,3745,3350,5828,3417,3851,5001,4536,4308,3926,3716,3355,5051,3801,4254,3727,4384,3425,4022,3912,6399,9670,5398,3800,3345,3762,4274,3420,3394,3672,5222,5967,4630,3591,3778,5321,4433,3611,4200,4187,6555,7302,9048,10110,3875,4569,5989,3885,3602,6128,4597,4589,3555,3423,7283,3163,5773,5429,5199,3593
3954,3154,4487,6740,3192,2797,5275,2864,3298,4448,3983,3755,3373,3163,2802,4498,3248,3701,3174,3831,2872,3469,3359,5846,9117,4845,3247,2792,3209,3721,2867,2841,3119,4669,5414,4077,3038,3225,4768,3880,3058,3647,3634,6002,6749,8495,9557,3322,4016,5436,3332,3049,5575,4044,4036,3002,2870,6730,5773,2610,4876,4646,3040
3610,2810,4143,6396,2848,2453,4931,2520,2954,4104,3639,3411,3029,2819,2458,4154,2904,3357,2830,3487,2528,3125,3015,5502,8773,4501,2903,2448,2865,3377,2523,2497,2775,4325,5070,3733,2694,2881,4424,3536,2714,3303,3290,5658,6405,8151,9213,2978,3672,5092,2988,2705,5231,3700,3692,2658,2526,6386,5429,4876,2266,4302,2696
3380,2580,3913,6166,2618,2223,4701,2290,2724,3874,3409,3181,2799,2589,2228,3924,2674,3127,2600,3257,2298,2895,2785,5272,8543,4271,2673,2218,2635,3147,2293,2267,2545,4095,4840,3503,2464,2651,4194,3306,2484,3073,3060,5428,6175,7921,8983,2748,3442,4862,2758,2475,5001,3470,3462,2428,2296,6156,5199,4646,4302,2036,2466
1774,974,2307,4560,1012,617,3095,684,1118,2268,1803,1575,1193,983,622,2318,1068,1521,994,1651,692,1289,1179,3666,6937,2665,1067,612,1029,1541,687,661,939,2489,3234,1897,858,1045,2588,1700,878,1467,1454,3822,4569,6315,7377,1142,1836,3256,1152,869,3395,1864,1856,822,690,4550,3593,3040,2696,2466,430
