46935,6348,6652,2680,398,280,2798,1064,1062,1848,1532,1156,830,554,98,2446,776,2134,590,1562,240,934,444,3058,5188,1892,370,228,830,1038,364,358,380,1974,1564,1620,1282,610,2650,1118,574,1116,2330,3396,4082,6556,16296,1732,4050,5012,752,662,3890,1784,1516,462,582,4782,2394,2522,3708,2554,1680
6348,35236,5284,756,120,60,2268,568,258,736,388,264,156,156,34,698,292,1144,362,570,90,198,254,548,608,346,94,254,234,286,112,74,118,508,254,298,1850,236,856,516,354,382,282,1520,1738,746,1168,1874,490,670,426,214,1494,458,1224,1524,170,574,534,356,310,440,474
6652,5284,74843,3372,9582,4588,1828,2136,1100,794,722,1398,212,3592,18,5214,386,2108,2872,180,42,178,16,218,114,340,190,136,102,140,130,26,38,1830,420,122,870,244,88,6014,136,200,136,2242,884,436,34874,164,64,42,14,22,2198,84,232,10,28,2366,3860,432,1186,3834,72
2680,756,3372,98936,5030,812,10914,432,1016,1322,5736,1594,1534,598,78,12268,538,450,412,422,146,182,2522,282,228,636,364,186,346,266,322,112,26,516,440,178,7586,5822,308,1144,630,2584,288,5466,4544,2132,24624,182,192,38,34,50,966,1492,40,4,26,9960,2262,3372,680,7648,82
398,120,9582,5030,24468,4922,458,492,1042,190,894,2196,308,2262,48,5366,484,222,974,38,42,12,24,36,26,94,94,42,40,18,48,12,2,1918,522,100,548,696,32,4656,336,198,32,454,254,172,3190,26,4,2,2,4,1064,30,42,0,4,496,848,182,172,2042,6
280,60,4588,812,4922,11009,90,138,204,76,350,1354,542,1812,4,6152,230,18,16,2,0,0,2,0,6,4,28,2,8,2,2,0,2,64,20,0,130,56,14,472,70,16,4,38,14,126,1768,14,4,2,0,4,60,2,4,0,0,34,60,26,102,150,2
2798,2268,1828,10914,458,90,85323,7744,3228,16402,3012,2356,1174,662,1550,7780,4346,1106,1786,3344,102,1510,4208,606,714,2744,606,1108,894,1142,946,210,54,696,446,38,1130,2214,500,400,416,1020,1134,1938,330,3022,5302,94,22,24,40,20,1634,756,162,6,0,462,160,150,182,6844,132
1064,568,2136,432,492,138,7744,13258,3876,3626,1076,2334,304,360,214,2258,182,1726,72,1882,10,460,242,932,176,184,232,48,182,74,76,44,6,796,168,20,702,124,86,256,182,120,162,70,24,2116,1850,40,18,2,2,10,84,24,18,2,0,70,20,16,372,350,20
1062,258,1100,1016,1042,204,3228,3876,23143,11060,1590,6312,628,2210,380,3500,178,158,30,242,4,1238,84,238,182,166,148,14,114,48,20,26,0,476,140,16,206,334,104,448,890,308,264,38,92,496,2202,32,10,6,2,6,84,12,4,0,8,118,4,42,416,460,16
1848,736,794,1322,190,76,16402,3626,11060,49616,1154,3576,2414,2510,1622,6026,1812,282,72,2288,40,14474,730,588,984,1668,144,8,140,52,200,96,10,372,222,52,1976,966,3874,260,2342,4336,2878,80,34,536,1552,220,10,16,30,8,3378,156,690,2,2,76,32,44,224,1874,8
1532,388,722,5736,894,350,3012,1076,1590,1154,37798,3410,1142,484,68,3562,504,1138,164,1058,66,256,662,2282,796,646,594,166,706,698,120,204,252,1496,3770,660,1368,716,1192,140,150,248,428,2884,2732,13528,1962,576,818,150,196,30,1750,874,422,10,46,2114,518,682,7186,1094,48
1156,264,1398,1594,2196,1354,2356,2334,6312,3576,3410,40572,9406,6420,1114,14846,902,30,24,100,6,394,172,70,160,210,94,34,32,24,148,16,10,2024,580,16,362,120,496,488,1144,942,806,78,8,78,910,38,2,0,0,0,2548,170,40,0,0,38,8,16,206,234,6
830,156,212,1534,308,542,1174,304,628,2414,1142,9406,28476,1330,234,5618,5812,18,24,206,8,946,1116,460,1530,2448,254,10,22,38,346,30,12,2758,558,58,514,132,3182,66,688,1430,2776,242,74,80,336,366,24,48,36,10,12904,1518,522,6,0,42,20,276,338,84,2
554,156,3592,598,2262,1812,662,360,2210,2510,484,6420,1330,18129,1244,3768,674,50,126,18,10,374,10,26,94,110,12,12,26,4,68,4,2,1478,138,20,186,126,344,3572,5192,1822,756,76,24,34,2846,28,12,2,0,2,718,24,42,0,0,40,120,78,240,130,2
98,34,18,78,48,4,1550,214,380,1622,68,1114,234,1244,4117,1156,268,4,10,16,0,74,50,14,40,82,6,0,0,4,8,0,4,1508,148,4,12,36,140,52,1430,784,830,10,2,0,8,6,0,0,0,0,280,18,28,0,0,0,2,2,6,2,2
2446,698,5214,12268,5366,6152,7780,2258,3500,6026,3562,14846,5618,3768,1156,77201,6630,132,346,2360,82,918,488,168,198,974,526,54,40,154,1168,48,20,990,442,28,5290,1348,1632,1476,3116,7408,610,814,140,318,5436,150,180,36,48,10,1928,1192,154,12,0,134,134,222,134,1656,20
776,292,386,538,484,230,4346,182,178,1812,504,902,5812,674,268,6630,27236,174,1398,472,244,1908,1146,456,1894,2032,220,106,110,674,8818,214,54,4160,1398,142,580,148,5020,3776,948,2944,3440,976,32,282,194,694,164,206,126,18,5890,312,542,14,6,16,40,70,324,116,4
2134,1144,2108,450,222,18,1106,1726,158,282,1138,30,18,50,4,132,174,31626,4762,3604,604,484,2984,2978,2480,1302,2794,1166,2976,3578,358,1332,1718,6156,2590,3636,404,1202,528,3628,88,142,1212,1768,498,3916,702,244,374,190,94,58,224,130,42,6,26,2508,392,132,812,440,108
590,362,2872,412,974,16,1786,72,30,72,164,24,24,126,10,346,1398,4762,25977,914,834,174,86,568,946,6456,370,248,476,1626,1318,218,204,8984,3388,1496,236,788,648,5200,86,326,1054,8054,524,532,736,150,326,278,60,38,1218,678,62,10,76,366,576,240,344,764,18
1562,570,180,422,38,2,3344,1882,242,2288,1058,100,206,18,16,2360,472,3604,914,54548,4442,7100,2702,2884,4598,3074,1204,1716,5362,3374,362,1084,2096,6798,4840,366,420,302,1718,468,176,1812,1110,980,134,4606,390,118,754,920,242,56,666,152,78,8,54,122,20,50,1444,288,18
240,90,42,146,42,0,102,10,4,40,66,6,8,10,0,82,244,604,834,4442,13476,1884,314,176,7842,120,106,50,720,1054,418,254,838,1870,1422,378,40,130,792,130,12,62,914,2586,18,1774,20,108,978,556,426,54,152,94,28,16,244,40,12,50,46,76,0
934,198,178,182,12,0,1510,460,1238,14474,256,394,946,374,74,918,1908,484,174,7100,1884,31936,610,722,3330,1860,164,144,520,706,506,282,160,4822,2110,180,206,352,6744,214,1216,3554,5536,230,20,240,88,70,36,22,52,4,2398,94,530,0,4,32,8,14,122,34,0
444,254,16,2522,24,2,4208,242,84,730,662,172,1116,10,50,488,1146,2984,86,2702,314,610,23650,2916,1752,566,1374,786,2994,4860,922,3066,848,752,754,116,102,124,210,20,22,74,246,1180,1276,3958,466,220,302,244,324,110,2648,678,88,84,66,74,48,148,554,356,10
3058,548,218,282,36,0,606,932,238,588,2282,70,460,26,14,168,456,2978,568,2884,176,722,2916,116182,16632,22970,4564,388,1766,1554,252,1464,4038,1994,19052,6210,82,84,1034,1148,330,440,3286,5224,466,30800,1754,8862,2962,2406,1092,1140,4012,1540,278,178,338,966,1192,16530,17970,1210,28
5188,608,114,228,26,6,714,176,182,984,796,160,1530,94,40,198,1894,2480,946,4598,7842,3330,1752,16632,200105,21094,1724,196,1496,3522,958,1948,7636,9354,27086,15720,88,288,7404,338,444,372,19146,8204,472,75524,1714,2384,21454,47836,14158,9886,16322,10222,2810,828,3502,1238,1238,12088,8054,688,6
1892,346,340,636,94,4,2744,184,166,1668,646,210,2448,110,82,974,2032,1302,6456,3074,120,1860,566,22970,21094,68709,3222,64,214,470,308,64,290,1122,2718,1242,164,468,8142,5834,924,3960,8828,3904,984,5352,2856,14174,1470,5244,1452,570,7948,5296,1156,270,696,702,1576,7830,6728,2430,20
370,94,190,364,94,28,606,232,148,144,594,94,254,12,6,526,220,2794,370,1204,106,164,1374,4564,1724,3222,17751,284,392,474,188,302,434,1126,2190,268,174,126,166,410,16,44,232,810,278,2084,260,178,144,180,84,26,806,348,48,14,6,168,522,1960,1448,816,4
228,254,136,186,42,2,1108,48,14,8,166,34,10,12,0,54,106,1166,248,1716,50,144,786,388,196,64,284,9323,1180,3272,128,422,68,2110,784,44,24,34,28,258,4,4,20,466,66,1006,94,36,46,18,12,4,100,20,4,0,6,32,18,22,86,66,10
830,234,102,346,40,8,894,182,114,140,706,32,22,26,0,40,110,2976,476,5362,720,520,2994,1766,1496,214,392,1180,41050,8704,376,800,600,6338,3290,1012,136,378,238,602,50,70,196,1284,1070,19314,1242,158,804,496,162,64,208,96,16,22,68,1272,136,198,1478,864,8
1038,286,140,266,18,2,1142,74,48,52,698,24,38,4,4,154,674,3578,1626,3374,1054,706,4860,1554,3522,470,474,3272,8704,35684,3832,3386,1096,8296,5474,342,54,268,178,124,12,20,328,2076,1328,6160,1128,150,484,454,294,66,590,240,18,62,192,120,92,482,1456,3646,6
364,112,130,322,48,2,946,76,20,200,120,148,346,68,8,1168,8818,358,1318,362,418,506,922,252,958,308,188,128,376,3832,12844,790,114,4416,1998,46,60,88,888,374,48,168,846,1802,68,290,72,36,6,8,50,6,482,78,26,8,18,6,6,40,86,286,2
358,74,26,112,12,0,210,44,26,96,204,16,30,4,0,48,214,1332,218,1084,254,282,3066,1464,1948,64,302,422,800,3386,790,11037,1802,3210,1852,164,42,94,512,30,10,6,264,746,298,3334,170,68,852,540,258,206,244,108,14,60,170,88,74,1130,846,470,2
380,118,38,26,2,2,54,6,0,10,252,10,12,2,4,20,54,1718,204,2096,838,160,848,4038,7636,290,434,68,600,1096,114,1802,27489,1582,8706,884,0,16,138,114,48,10,242,1206,388,16250,164,224,4642,2422,1718,756,548,2688,30,864,298,134,288,2468,1014,200,0
1974,508,1830,516,1918,64,696,796,476,372,1496,2024,2758,1478,1508,990,4160,6156,8984,6798,1870,4822,752,1994,9354,1122,1126,2110,6338,8296,4416,3210,1582,89078,41302,4508,374,2818,1332,6002,996,926,5336,6348,844,2024,216,266,738,586,162,56,9202,1858,386,20,34,1836,536,212,1540,638,0
1564,254,420,440,522,20,446,168,140,222,3770,580,558,138,148,442,1398,2590,3388,4840,1422,2110,754,19052,27086,2718,2190,784,3290,5474,1998,1852,8706,41302,92701,8428,68,792,634,8002,1318,226,5882,6102,410,12820,292,424,1864,1196,546,218,8554,2378,122,122,110,2162,844,1332,3742,582,2
1620,298,122,178,100,0,38,20,16,52,660,16,58,20,4,28,142,3636,1496,366,378,180,116,6210,15720,1242,268,44,1012,342,46,164,884,4508,8428,55406,110,1418,3678,1848,208,296,4542,2818,776,15138,1094,2744,9298,3214,618,848,724,886,226,74,262,23696,5830,2120,23732,646,2
1282,1850,870,7586,548,130,1130,702,206,1976,1368,362,514,186,12,5290,580,404,236,420,40,206,102,82,88,164,174,24,136,54,60,42,0,374,68,110,23776,4272,2766,578,198,1084,270,168,194,940,1502,340,102,18,74,10,206,290,368,52,40,204,56,182,46,1176,198
610,236,244,5822,696,56,2214,124,334,966,716,120,132,126,36,1348,148,1202,788,302,130,352,124,84,288,468,126,34,378,268,88,94,16,2818,792,1418,4272,20601,2480,1138,546,1314,310,1852,242,1154,3338,112,98,18,32,6,130,864,44,10,20,3716,388,232,238,336,26
2650,856,88,308,32,14,500,86,104,3874,1192,496,3182,344,140,1632,5020,528,648,1718,792,6744,210,1034,7404,8142,166,28,238,178,888,512,138,1332,634,3678,2766,2480,79176,758,2806,10884,22240,954,520,1232,734,3586,1032,756,616,158,11842,538,18200,240,86,118,106,374,400,158,22
1118,516,6014,1144,4656,472,400,256,448,260,140,488,66,3572,52,1476,3776,3628,5200,468,130,214,20,1148,338,5834,410,258,602,124,374,30,114,6002,8002,1848,578,1138,758,52802,5472,4448,1144,1028,134,498,940,126,52,24,16,12,138,68,132,2,2,1060,1210,162,404,188,4
574,354,136,630,336,70,416,182,890,2342,150,1144,688,5192,1430,3116,948,88,86,176,12,1216,22,330,444,924,16,4,50,12,48,10,48,996,1318,208,198,546,2806,5472,22717,14732,3524,70,14,294,342,164,58,24,22,4,818,72,164,0,0,106,114,38,136,28,2
1116,382,200,2584,198,16,1020,120,308,4336,248,942,1430,1822,784,7408,2944,142,326,1812,62,3554,74,440,372,3960,44,4,70,20,168,6,10,926,226,296,1084,1314,10884,4448,14732,38317,9094,208,36,150,506,354,110,130,70,26,2426,442,532,18,8,80,60,358,414,54,18
2330,282,136,288,32,4,1134,162,264,2878,428,806,2776,756,830,610,3440,1212,1054,1110,914,5536,246,3286,19146,8828,232,20,196,328,846,264,242,5336,5882,4542,270,310,22240,1144,3524,9094,45760,3320,158,1076,310,2090,870,1144,640,222,11614,1340,2828,86,90,764,392,428,984,114,2
3396,1520,2242,5466,454,38,1938,70,38,80,2884,78,242,76,10,814,976,1768,8054,980,2586,230,1180,5224,8204,3904,810,466,1284,2076,1802,746,1206,6348,6102,2818,168,1852,954,1028,70,208,3320,134763,39786,9996,6396,1160,1078,1986,350,398,5814,13062,150,100,534,23028,10070,8336,14604,4628,50
4082,1738,884,4544,254,14,330,24,92,34,2732,8,74,24,2,140,32,498,524,134,18,20,1276,466,472,984,278,66,1070,1328,68,298,388,844,410,776,194,242,520,134,14,36,158,39786,144343,27816,7972,266,842,236,170,136,424,580,44,300,1902,9654,15812,9768,10114,5820,116
6556,746,436,2132,172,126,3022,2116,496,536,13528,78,80,34,0,318,282,3916,532,4606,1774,240,3958,30800,75524,5352,2084,1006,19314,6160,290,3334,16250,2024,12820,15138,940,1154,1232,498,294,150,1076,9996,27816,186096,20066,3462,18396,30250,8932,5404,3646,4974,308,1082,3870,35798,3842,9708,10236,6164,94
16296,1168,34874,24624,3190,1768,5302,1850,2202,1552,1962,910,336,2846,8,5436,194,702,736,390,20,88,466,1754,1714,2856,260,94,1242,1128,72,170,164,216,292,1094,1502,3338,734,940,342,506,310,6396,7972,20066,230876,1422,1196,1028,460,236,2698,1652,130,126,528,25668,7728,14830,10736,28482,556
1732,1874,164,182,26,14,94,40,32,220,576,38,366,28,6,150,694,244,150,118,108,70,220,8862,2384,14174,178,36,158,150,36,68,224,266,424,2744,340,112,3586,126,164,354,2090,1160,266,3462,1422,44896,8348,3430,1508,336,4260,1352,2152,2020,274,474,172,830,9008,248,18
4050,490,64,192,4,4,22,18,10,10,818,2,24,12,0,180,164,374,326,754,978,36,302,2962,21454,1470,144,46,804,484,6,852,4642,738,1864,9298,102,98,1032,52,58,110,870,1078,842,18396,1196,8348,128485,18182,2786,7790,448,3908,322,118,3336,1842,196,3036,4650,164,8
5012,670,42,38,2,2,24,2,6,16,150,0,48,2,0,36,206,190,278,920,556,22,244,2406,47836,5244,180,18,496,454,8,540,2422,586,1196,3214,18,18,756,24,24,130,1144,1986,236,30250,1028,3430,18182,156086,3652,29970,1162,13918,2150,4816,15180,590,224,4716,1662,220,18
752,426,14,34,2,0,40,2,2,30,196,0,36,0,0,48,126,94,60,242,426,52,324,1092,14158,1452,84,12,162,294,50,258,1718,162,546,618,74,32,616,16,22,70,640,350,170,8932,460,1508,2786,3652,21124,1704,2488,2572,764,424,610,378,118,1350,804,978,14
662,214,22,50,4,4,20,10,6,8,30,0,10,2,0,10,18,58,38,56,54,4,110,1140,9886,570,26,4,64,66,6,206,756,56,218,848,10,6,158,12,4,26,222,398,136,5404,236,336,7790,29970,1704,27241,418,2592,992,270,840,184,86,2236,826,146,4
3890,1494,2198,966,1064,60,1634,84,84,3378,1750,2548,12904,718,280,1928,5890,224,1218,666,152,2398,2648,4012,16322,7948,806,100,208,590,482,244,548,9202,8554,724,206,130,11842,138,818,2426,11614,5814,424,3646,2698,4260,448,1162,2488,418,85831,14042,18206,408,52,240,440,872,486,2914,10
1784,458,84,1492,30,2,756,24,12,156,874,170,1518,24,18,1192,312,130,678,152,94,94,678,1540,10222,5296,348,20,96,240,78,108,2688,1858,2378,886,290,864,538,68,72,442,1340,13062,580,4974,1652,1352,3908,13918,2572,2592,14042,45298,898,788,272,694,628,2404,524,1042,8
1516,1224,232,40,42,4,162,18,4,690,422,40,522,42,28,154,542,42,62,78,28,530,88,278,2810,1156,48,4,16,18,26,14,30,386,122,226,368,44,18200,132,164,532,2828,150,44,308,130,2152,322,2150,764,992,18206,898,36309,3562,60,2,14,36,70,128,24
462,1524,10,4,0,0,6,2,0,2,10,0,6,0,0,12,14,6,10,8,16,0,84,178,828,270,14,0,22,62,8,60,864,20,122,74,52,10,240,2,0,18,86,100,300,1082,126,2020,118,4816,424,270,408,788,3562,8007,368,22,6,56,64,76,20
582,170,28,26,4,0,0,0,8,2,46,0,0,0,0,0,6,26,76,54,244,4,66,338,3502,696,6,6,68,192,18,170,298,34,110,262,40,20,86,2,0,8,90,534,1902,3870,528,274,3336,15180,610,840,52,272,60,368,14104,266,102,574,458,220,6
4782,574,2366,9960,496,34,462,70,118,76,2114,38,42,40,0,134,16,2508,366,122,40,32,74,966,1238,702,168,32,1272,120,6,88,134,1836,2162,23696,204,3716,118,1060,106,80,764,23028,9654,35798,25668,474,1842,590,378,184,240,694,2,22,266,133148,24448,3634,14064,4238,66
2394,534,3860,2262,848,60,160,20,4,32,518,8,20,120,2,134,40,392,576,20,12,8,48,1192,1238,1576,522,18,136,92,6,74,288,536,844,5830,56,388,106,1210,114,60,392,10070,15812,3842,7728,172,196,224,118,86,440,628,14,6,102,24448,82588,4902,7948,1576,124
2522,356,432,3372,182,26,150,16,42,44,682,16,276,78,2,222,70,132,240,50,50,14,148,16530,12088,7830,1960,22,198,482,40,1130,2468,212,1332,2120,182,232,374,162,38,358,428,8336,9768,9708,14830,830,3036,4716,1350,2236,872,2404,36,56,574,3634,4902,57909,9020,2834,36
3708,310,1186,680,172,102,182,372,416,224,7186,206,338,240,6,134,324,812,344,1444,46,122,554,17970,8054,6728,1448,86,1478,1456,86,846,1014,1540,3742,23732,46,238,400,404,136,414,984,14604,10114,10236,10736,9008,4650,1662,804,826,486,524,70,64,458,14064,7948,9020,109777,9380,26
2554,440,3834,7648,2042,150,6844,350,460,1874,1094,234,84,130,2,1656,116,440,764,288,76,34,356,1210,688,2430,816,66,864,3646,286,470,200,638,582,646,1176,336,158,188,28,54,114,4628,5820,6164,28482,248,164,220,978,146,2914,1042,128,76,220,4238,1576,2834,9380,63587,30
1680,474,72,82,6,2,132,20,16,8,48,6,2,2,2,20,4,108,18,18,0,0,10,28,6,20,4,10,8,6,2,2,0,0,2,2,198,26,22,4,2,18,2,50,116,94,556,18,8,18,14,4,10,8,24,20,6,66,124,36,26,30,1682
