46935,82171,121778,145871,71403,57944,132258,60193,70078,96551,84733,87507,75411,65064,51052,124136,74171,78561,72912,101483,60411,78871,70585,163117,247040,115644,64686,56258,87985,82619,59779,57972,74424,136013,139636,102341,70711,67536,126111,99737,69652,85252,92695,181698,191278,233031,277811,91831,175420,203021,68059,74176,132766,92233,83244,54942,61039,180083,129523,104844,156712,110522,48617
82171,35236,110079,134172,59704,46245,120559,48494,58379,84852,73034,75808,63712,53365,39353,112437,62472,66862,61213,89784,48712,67172,58886,151418,235341,103945,52987,44559,76286,70920,48080,46273,62725,124314,127937,90642,59012,55837,114412,88038,57953,73553,80996,169999,179579,221332,266112,80132,163721,191322,56360,62477,121067,80534,71545,43243,49340,168384,117824,93145,145013,98823,36918
121778,110079,74843,173779,99311,85852,160166,88101,97986,124459,112641,115415,103319,92972,78960,152044,102079,106469,100820,129391,88319,106779,98493,191025,274948,143552,92594,84166,115893,110527,87687,85880,102332,163921,167544,130249,98619,95444,154019,127645,97560,113160,120603,209606,219186,260939,305719,119739,203328,230929,95967,102084,160674,120141,111152,82850,88947,207991,157431,132752,184620,138430,76525
145871,134172,173779,98936,123404,109945,184259,112194,122079,148552,136734,139508,127412,117065,103053,176137,126172,130562,124913,153484,112412,130872,122586,215118,299041,167645,116687,108259,139986,134620,111780,109973,126425,188014,191637,154342,122712,119537,178112,151738,121653,137253,144696,233699,243279,285032,329812,143832,227421,255022,120060,126177,184767,144234,135245,106943,113040,232084,181524,156845,208713,162523,100618
71403,59704,99311,123404,24468,35477,109791,37726,47611,74084,62266,65040,52944,42597,28585,101669,51704,56094,50445,79016,37944,56404,48118,140650,224573,93177,42219,33791,65518,60152,37312,35505,51957,113546,117169,79874,48244,45069,103644,77270,47185,62785,70228,159231,168811,210564,255344,69364,152953,180554,45592,51709,110299,69766,60777,32475,38572,157616,107056,82377,134245,88055,26150
57944,46245,85852,109945,35477,11009,96332,24267,34152,60625,48807,51581,39485,29138,15126,88210,38245,42635,36986,65557,24485,42945,34659,127191,211114,79718,28760,20332,52059,46693,23853,22046,38498,100087,103710,66415,34785,31610,90185,63811,33726,49326,56769,145772,155352,197105,241885,55905,139494,167095,32133,38250,96840,56307,47318,19016,25113,144157,93597,68918,120786,74596,12691
132258,120559,160166,184259,109791,96332,85323,98581,108466,134939,123121,125895,113799,103452,89440,162524,112559,116949,111300,139871,98799,117259,108973,201505,285428,154032,103074,94646,126373,121007,98167,96360,112812,174401,178024,140729,109099,105924,164499,138125,108040,123640,131083,220086,229666,271419,316199,130219,213808,241409,106447,112564,171154,130621,121632,93330,99427,218471,167911,143232,195100,148910,87005
60193,48494,88101,112194,37726,24267,98581,13258,36401,62874,51056,53830,41734,31387,17375,90459,40494,44884,39235,67806,26734,45194,36908,129440,213363,81967,31009,22581,54308,48942,26102,24295,40747,102336,105959,68664,37034,33859,92434,66060,35975,51575,59018,148021,157601,199354,244134,58154,141743,169344,34382,40499,99089,58556,49567,21265,27362,146406,95846,71167,123035,76845,14940
70078,58379,97986,122079,47611,34152,108466,36401,23143,72759,60941,63715,51619,41272,27260,100344,50379,54769,49120,77691,36619,55079,46793,139325,223248,91852,40894,32466,64193,58827,35987,34180,50632,112221,115844,78549,46919,43744,102319,75945,45860,61460,68903,157906,167486,209239,254019,68039,151628,179229,44267,50384,108974,68441,59452,31150,37247,156291,105731,81052,132920,86730,24825
96551,84852,124459,148552,74084,60625,134939,62874,72759,49616,87414,90188,78092,67745,53733,126817,76852,81242,75593,104164,63092,81552,73266,165798,249721,118325,67367,58939,90666,85300,62460,60653,77105,138694,142317,105022,73392,70217,128792,102418,72333,87933,95376,184379,193959,235712,280492,94512,178101,205702,70740,76857,135447,94914,85925,57623,63720,182764,132204,107525,159393,113203,51298
84733,73034,112641,136734,62266,48807,123121,51056,60941,87414,37798,78370,66274,55927,41915,114999,65034,69424,63775,92346,51274,69734,61448,153980,237903,106507,55549,47121,78848,73482,50642,48835,65287,126876,130499,93204,61574,58399,116974,90600,60515,76115,83558,172561,182141,223894,268674,82694,166283,193884,58922,65039,123629,83096,74107,45805,51902,170946,120386,95707,147575,101385,39480
87507,75808,115415,139508,65040,51581,125895,53830,63715,90188,78370,40572,69048,58701,44689,117773,67808,72198,66549,95120,54048,72508,64222,156754,240677,109281,58323,49895,81622,76256,53416,51609,68061,129650,133273,95978,64348,61173,119748,93374,63289,78889,86332,175335,184915,226668,271448,85468,169057,196658,61696,67813,126403,85870,76881,48579,54676,173720,123160,98481,150349,104159,42254
75411,63712,103319,127412,52944,39485,113799,41734,51619,78092,66274,69048,28476,46605,32593,105677,55712,60102,54453,83024,41952,60412,52126,144658,228581,97185,46227,37799,69526,64160,41320,39513,55965,117554,121177,83882,52252,49077,107652,81278,51193,66793,74236,163239,172819,214572,259352,73372,156961,184562,49600,55717,114307,73774,64785,36483,42580,161624,111064,86385,138253,92063,30158
65064,53365,92972,117065,42597,29138,103452,31387,41272,67745,55927,58701,46605,18129,22246,95330,45365,49755,44106,72677,31605,50065,41779,134311,218234,86838,35880,27452,59179,53813,30973,29166,45618,107207,110830,73535,41905,38730,97305,70931,40846,56446,63889,152892,162472,204225,249005,63025,146614,174215,39253,45370,103960,63427,54438,26136,32233,151277,100717,76038,127906,81716,19811
51052,39353,78960,103053,28585,15126,89440,17375,27260,53733,41915,44689,32593,22246,4117,81318,31353,35743,30094,58665,17593,36053,27767,120299,204222,72826,21868,13440,45167,39801,16961,15154,31606,93195,96818,59523,27893,24718,83293,56919,26834,42434,49877,138880,148460,190213,234993,49013,132602,160203,25241,31358,89948,49415,40426,12124,18221,137265,86705,62026,113894,67704,5799
124136,112437,152044,176137,101669,88210,162524,90459,100344,126817,114999,117773,105677,95330,81318,77201,104437,108827,103178,131749,90677,109137,100851,193383,277306,145910,94952,86524,118251,112885,90045,88238,104690,166279,169902,132607,100977,97802,156377,130003,99918,115518,122961,211964,221544,263297,308077,122097,205686,233287,98325,104442,163032,122499,113510,85208,91305,210349,159789,135110,186978,140788,78883
74171,62472,102079,126172,51704,38245,112559,40494,50379,76852,65034,67808,55712,45365,31353,104437,27236,58862,53213,81784,40712,59172,50886,143418,227341,95945,44987,36559,68286,62920,40080,38273,54725,116314,119937,82642,51012,47837,106412,80038,49953,65553,72996,161999,171579,213332,258112,72132,155721,183322,48360,54477,113067,72534,63545,35243,41340,160384,109824,85145,137013,90823,28918
78561,66862,106469,130562,56094,42635,116949,44884,54769,81242,69424,72198,60102,49755,35743,108827,58862,31626,57603,86174,45102,63562,55276,147808,231731,100335,49377,40949,72676,67310,44470,42663,59115,120704,124327,87032,55402,52227,110802,84428,54343,69943,77386,166389,175969,217722,262502,76522,160111,187712,52750,58867,117457,76924,67935,39633,45730,164774,114214,89535,141403,95213,33308
72912,61213,100820,124913,50445,36986,111300,39235,49120,75593,63775,66549,54453,44106,30094,103178,53213,57603,25977,80525,39453,57913,49627,142159,226082,94686,43728,35300,67027,61661,38821,37014,53466,115055,118678,81383,49753,46578,105153,78779,48694,64294,71737,160740,170320,212073,256853,70873,154462,182063,47101,53218,111808,71275,62286,33984,40081,159125,108565,83886,135754,89564,27659
101483,89784,129391,153484,79016,65557,139871,67806,77691,104164,92346,95120,83024,72677,58665,131749,81784,86174,80525,54548,68024,86484,78198,170730,254653,123257,72299,63871,95598,90232,67392,65585,82037,143626,147249,109954,78324,75149,133724,107350,77265,92865,100308,189311,198891,240644,285424,99444,183033,210634,75672,81789,140379,99846,90857,62555,68652,187696,137136,112457,164325,118135,56230
60411,48712,88319,112412,37944,24485,98799,26734,36619,63092,51274,54048,41952,31605,17593,90677,40712,45102,39453,68024,13476,45412,37126,129658,213581,82185,31227,22799,54526,49160,26320,24513,40965,102554,106177,68882,37252,34077,92652,66278,36193,51793,59236,148239,157819,199572,244352,58372,141961,169562,34600,40717,99307,58774,49785,21483,27580,146624,96064,71385,123253,77063,15158
78871,67172,106779,130872,56404,42945,117259,45194,55079,81552,69734,72508,60412,50065,36053,109137,59172,63562,57913,86484,45412,31936,55586,148118,232041,100645,49687,41259,72986,67620,44780,42973,59425,121014,124637,87342,55712,52537,111112,84738,54653,70253,77696,166699,176279,218032,262812,76832,160421,188022,53060,59177,117767,77234,68245,39943,46040,165084,114524,89845,141713,95523,33618
70585,58886,98493,122586,48118,34659,108973,36908,46793,73266,61448,64222,52126,41779,27767,100851,50886,55276,49627,78198,37126,55586,23650,139832,223755,92359,41401,32973,64700,59334,36494,34687,51139,112728,116351,79056,47426,44251,102826,76452,46367,61967,69410,158413,167993,209746,254526,68546,152135,179736,44774,50891,109481,68948,59959,31657,37754,156798,106238,81559,133427,87237,25332
163117,151418,191025,215118,140650,127191,201505,129440,139325,165798,153980,156754,144658,134311,120299,193383,143418,147808,142159,170730,129658,148118,139832,116182,316287,184891,133933,125505,157232,151866,129026,127219,143671,205260,208883,171588,139958,136783,195358,168984,138899,154499,161942,250945,260525,302278,347058,161078,244667,272268,137306,143423,202013,161480,152491,124189,130286,249330,198770,174091,225959,179769,117864
247040,235341,274948,299041,224573,211114,285428,213363,223248,249721,237903,240677,228581,218234,204222,277306,227341,231731,226082,254653,213581,232041,223755,316287,200105,268814,217856,209428,241155,235789,212949,211142,227594,289183,292806,255511,223881,220706,279281,252907,222822,238422,245865,334868,344448,386201,430981,245001,328590,356191,221229,227346,285936,245403,236414,208112,214209,333253,282693,258014,309882,263692,201787
115644,103945,143552,167645,93177,79718,154032,81967,91852,118325,106507,109281,97185,86838,72826,145910,95945,100335,94686,123257,82185,100645,92359,184891,268814,68709,86460,78032,109759,104393,81553,79746,96198,157787,161410,124115,92485,89310,147885,121511,91426,107026,114469,203472,213052,254805,299585,113605,197194,224795,89833,95950,154540,114007,105018,76716,82813,201857,151297,126618,178486,132296,70391
64686,52987,92594,116687,42219,28760,103074,31009,40894,67367,55549,58323,46227,35880,21868,94952,44987,49377,43728,72299,31227,49687,41401,133933,217856,86460,17751,27074,58801,53435,30595,28788,45240,106829,110452,73157,41527,38352,96927,70553,40468,56068,63511,152514,162094,203847,248627,62647,146236,173837,38875,44992,103582,63049,54060,25758,31855,150899,100339,75660,127528,81338,19433
56258,44559,84166,108259,33791,20332,94646,22581,32466,58939,47121,49895,37799,27452,13440,86524,36559,40949,35300,63871,22799,41259,32973,125505,209428,78032,27074,9323,50373,45007,22167,20360,36812,98401,102024,64729,33099,29924,88499,62125,32040,47640,55083,144086,153666,195419,240199,54219,137808,165409,30447,36564,95154,54621,45632,17330,23427,142471,91911,67232,119100,72910,11005
87985,76286,115893,139986,65518,52059,126373,54308,64193,90666,78848,81622,69526,59179,45167,118251,68286,72676,67027,95598,54526,72986,64700,157232,241155,109759,58801,50373,41050,76734,53894,52087,68539,130128,133751,96456,64826,61651,120226,93852,63767,79367,86810,175813,185393,227146,271926,85946,169535,197136,62174,68291,126881,86348,77359,49057,55154,174198,123638,98959,150827,104637,42732
82619,70920,110527,134620,60152,46693,121007,48942,58827,85300,73482,76256,64160,53813,39801,112885,62920,67310,61661,90232,49160,67620,59334,151866,235789,104393,53435,45007,76734,35684,48528,46721,63173,124762,128385,91090,59460,56285,114860,88486,58401,74001,81444,170447,180027,221780,266560,80580,164169,191770,56808,62925,121515,80982,71993,43691,49788,168832,118272,93593,145461,99271,37366
59779,48080,87687,111780,37312,23853,98167,26102,35987,62460,50642,53416,41320,30973,16961,90045,40080,44470,38821,67392,26320,44780,36494,129026,212949,81553,30595,22167,53894,48528,12844,23881,40333,101922,105545,68250,36620,33445,92020,65646,35561,51161,58604,147607,157187,198940,243720,57740,141329,168930,33968,40085,98675,58142,49153,20851,26948,145992,95432,70753,122621,76431,14526
57972,46273,85880,109973,35505,22046,96360,24295,34180,60653,48835,51609,39513,29166,15154,88238,38273,42663,37014,65585,24513,42973,34687,127219,211142,79746,28788,20360,52087,46721,23881,11037,38526,100115,103738,66443,34813,31638,90213,63839,33754,49354,56797,145800,155380,197133,241913,55933,139522,167123,32161,38278,96868,56335,47346,19044,25141,144185,93625,68946,120814,74624,12719
74424,62725,102332,126425,51957,38498,112812,40747,50632,77105,65287,68061,55965,45618,31606,104690,54725,59115,53466,82037,40965,59425,51139,143671,227594,96198,45240,36812,68539,63173,40333,38526,27489,116567,120190,82895,51265,48090,106665,80291,50206,65806,73249,162252,171832,213585,258365,72385,155974,183575,48613,54730,113320,72787,63798,35496,41593,160637,110077,85398,137266,91076,29171
136013,124314,163921,188014,113546,100087,174401,102336,112221,138694,126876,129650,117554,107207,93195,166279,116314,120704,115055,143626,102554,121014,112728,205260,289183,157787,106829,98401,130128,124762,101922,100115,116567,89078,181779,144484,112854,109679,168254,141880,111795,127395,134838,223841,233421,275174,319954,133974,217563,245164,110202,116319,174909,134376,125387,97085,103182,222226,171666,146987,198855,152665,90760
139636,127937,167544,191637,117169,103710,178024,105959,115844,142317,130499,133273,121177,110830,96818,169902,119937,124327,118678,147249,106177,124637,116351,208883,292806,161410,110452,102024,133751,128385,105545,103738,120190,181779,92701,148107,116477,113302,171877,145503,115418,131018,138461,227464,237044,278797,323577,137597,221186,248787,113825,119942,178532,137999,129010,100708,106805,225849,175289,150610,202478,156288,94383
102341,90642,130249,154342,79874,66415,140729,68664,78549,105022,93204,95978,83882,73535,59523,132607,82642,87032,81383,109954,68882,87342,79056,171588,255511,124115,73157,64729,96456,91090,68250,66443,82895,144484,148107,55406,79182,76007,134582,108208,78123,93723,101166,190169,199749,241502,286282,100302,183891,211492,76530,82647,141237,100704,91715,63413,69510,188554,137994,113315,165183,118993,57088
70711,59012,98619,122712,48244,34785,109099,37034,46919,73392,61574,64348,52252,41905,27893,100977,51012,55402,49753,78324,37252,55712,47426,139958,223881,92485,41527,33099,64826,59460,36620,34813,51265,112854,116477,79182,23776,44377,102952,76578,46493,62093,69536,158539,168119,209872,254652,68672,152261,179862,44900,51017,109607,69074,60085,31783,37880,156924,106364,81685,133553,87363,25458
67536,55837,95444,119537,45069,31610,105924,33859,43744,70217,58399,61173,49077,38730,24718,97802,47837,52227,46578,75149,34077,52537,44251,136783,220706,89310,38352,29924,61651,56285,33445,31638,48090,109679,113302,76007,44377,20601,99777,73403,43318,58918,66361,155364,164944,206697,251477,65497,149086,176687,41725,47842,106432,65899,56910,28608,34705,153749,103189,78510,130378,84188,22283
126111,114412,154019,178112,103644,90185,164499,92434,102319,128792,116974,119748,107652,97305,83293,156377,106412,110802,105153,133724,92652,111112,102826,195358,279281,147885,96927,88499,120226,114860,92020,90213,106665,168254,171877,134582,102952,99777,79176,131978,101893,117493,124936,213939,223519,265272,310052,124072,207661,235262,100300,106417,165007,124474,115485,87183,93280,212324,161764,137085,188953,142763,80858
99737,88038,127645,151738,77270,63811,138125,66060,75945,102418,90600,93374,81278,70931,56919,130003,80038,84428,78779,107350,66278,84738,76452,168984,252907,121511,70553,62125,93852,88486,65646,63839,80291,141880,145503,108208,76578,73403,131978,52802,75519,91119,98562,187565,197145,238898,283678,97698,181287,208888,73926,80043,138633,98100,89111,60809,66906,185950,135390,110711,162579,116389,54484
69652,57953,97560,121653,47185,33726,108040,35975,45860,72333,60515,63289,51193,40846,26834,99918,49953,54343,48694,77265,36193,54653,46367,138899,222822,91426,40468,32040,63767,58401,35561,33754,50206,111795,115418,78123,46493,43318,101893,75519,22717,61034,68477,157480,167060,208813,253593,67613,151202,178803,43841,49958,108548,68015,59026,30724,36821,155865,105305,80626,132494,86304,24399
85252,73553,113160,137253,62785,49326,123640,51575,61460,87933,76115,78889,66793,56446,42434,115518,65553,69943,64294,92865,51793,70253,61967,154499,238422,107026,56068,47640,79367,74001,51161,49354,65806,127395,131018,93723,62093,58918,117493,91119,61034,38317,84077,173080,182660,224413,269193,83213,166802,194403,59441,65558,124148,83615,74626,46324,52421,171465,120905,96226,148094,101904,39999
92695,80996,120603,144696,70228,56769,131083,59018,68903,95376,83558,86332,74236,63889,49877,122961,72996,77386,71737,100308,59236,77696,69410,161942,245865,114469,63511,55083,86810,81444,58604,56797,73249,134838,138461,101166,69536,66361,124936,98562,68477,84077,45760,180523,190103,231856,276636,90656,174245,201846,66884,73001,131591,91058,82069,53767,59864,178908,128348,103669,155537,109347,47442
181698,169999,209606,233699,159231,145772,220086,148021,157906,184379,172561,175335,163239,152892,138880,211964,161999,166389,160740,189311,148239,166699,158413,250945,334868,203472,152514,144086,175813,170447,147607,145800,162252,223841,227464,190169,158539,155364,213939,187565,157480,173080,180523,134763,279106,320859,365639,179659,263248,290849,155887,162004,220594,180061,171072,142770,148867,267911,217351,192672,244540,198350,136445
191278,179579,219186,243279,168811,155352,229666,157601,167486,193959,182141,184915,172819,162472,148460,221544,171579,175969,170320,198891,157819,176279,167993,260525,344448,213052,162094,153666,185393,180027,157187,155380,171832,233421,237044,199749,168119,164944,223519,197145,167060,182660,190103,279106,144343,330439,375219,189239,272828,300429,165467,171584,230174,189641,180652,152350,158447,277491,226931,202252,254120,207930,146025
233031,221332,260939,285032,210564,197105,271419,199354,209239,235712,223894,226668,214572,204225,190213,263297,213332,217722,212073,240644,199572,218032,209746,302278,386201,254805,203847,195419,227146,221780,198940,197133,213585,275174,278797,241502,209872,206697,265272,238898,208813,224413,231856,320859,330439,186096,416972,230992,314581,342182,207220,213337,271927,231394,222405,194103,200200,319244,268684,244005,295873,249683,187778
277811,266112,305719,329812,255344,241885,316199,244134,254019,280492,268674,271448,259352,249005,234993,308077,258112,262502,256853,285424,244352,262812,254526,347058,430981,299585,248627,240199,271926,266560,243720,241913,258365,319954,323577,286282,254652,251477,310052,283678,253593,269193,276636,365639,375219,416972,230876,275772,359361,386962,252000,258117,316707,276174,267185,238883,244980,364024,313464,288785,340653,294463,232558
91831,80132,119739,143832,69364,55905,130219,58154,68039,94512,82694,85468,73372,63025,49013,122097,72132,76522,70873,99444,58372,76832,68546,161078,245001,113605,62647,54219,85946,80580,57740,55933,72385,133974,137597,100302,68672,65497,124072,97698,67613,83213,90656,179659,189239,230992,275772,44896,173381,200982,66020,72137,130727,90194,81205,52903,59000,178044,127484,102805,154673,108483,46578
175420,163721,203328,227421,152953,139494,213808,141743,151628,178101,166283,169057,156961,146614,132602,205686,155721,160111,154462,183033,141961,160421,152135,244667,328590,197194,146236,137808,169535,164169,141329,139522,155974,217563,221186,183891,152261,149086,207661,181287,151202,166802,174245,263248,272828,314581,359361,173381,128485,284571,149609,155726,214316,173783,164794,136492,142589,261633,211073,186394,238262,192072,130167
203021,191322,230929,255022,180554,167095,241409,169344,179229,205702,193884,196658,184562,174215,160203,233287,183322,187712,182063,210634,169562,188022,179736,272268,356191,224795,173837,165409,197136,191770,168930,167123,183575,245164,248787,211492,179862,176687,235262,208888,178803,194403,201846,290849,300429,342182,386962,200982,284571,156086,177210,183327,241917,201384,192395,164093,170190,289234,238674,213995,265863,219673,157768
68059,56360,95967,120060,45592,32133,106447,34382,44267,70740,58922,61696,49600,39253,25241,98325,48360,52750,47101,75672,34600,53060,44774,137306,221229,89833,38875,30447,62174,56808,33968,32161,48613,110202,113825,76530,44900,41725,100300,73926,43841,59441,66884,155887,165467,207220,252000,66020,149609,177210,21124,48365,106955,66422,57433,29131,35228,154272,103712,79033,130901,84711,22806
74176,62477,102084,126177,51709,38250,112564,40499,50384,76857,65039,67813,55717,45370,31358,104442,54477,58867,53218,81789,40717,59177,50891,143423,227346,95950,44992,36564,68291,62925,40085,38278,54730,116319,119942,82647,51017,47842,106417,80043,49958,65558,73001,162004,171584,213337,258117,72137,155726,183327,48365,27241,113072,72539,63550,35248,41345,160389,109829,85150,137018,90828,28923
132766,121067,160674,184767,110299,96840,171154,99089,108974,135447,123629,126403,114307,103960,89948,163032,113067,117457,111808,140379,99307,117767,109481,202013,285936,154540,103582,95154,126881,121515,98675,96868,113320,174909,178532,141237,109607,106432,165007,138633,108548,124148,131591,220594,230174,271927,316707,130727,214316,241917,106955,113072,85831,131129,122140,93838,99935,218979,168419,143740,195608,149418,87513
92233,80534,120141,144234,69766,56307,130621,58556,68441,94914,83096,85870,73774,63427,49415,122499,72534,76924,71275,99846,58774,77234,68948,161480,245403,114007,63049,54621,86348,80982,58142,56335,72787,134376,137999,100704,69074,65899,124474,98100,68015,83615,91058,180061,189641,231394,276174,90194,173783,201384,66422,72539,131129,45298,81607,53305,59402,178446,127886,103207,155075,108885,46980
83244,71545,111152,135245,60777,47318,121632,49567,59452,85925,74107,76881,64785,54438,40426,113510,63545,67935,62286,90857,49785,68245,59959,152491,236414,105018,54060,45632,77359,71993,49153,47346,63798,125387,129010,91715,60085,56910,115485,89111,59026,74626,82069,171072,180652,222405,267185,81205,164794,192395,57433,63550,122140,81607,36309,44316,50413,169457,118897,94218,146086,99896,37991
54942,43243,82850,106943,32475,19016,93330,21265,31150,57623,45805,48579,36483,26136,12124,85208,35243,39633,33984,62555,21483,39943,31657,124189,208112,76716,25758,17330,49057,43691,20851,19044,35496,97085,100708,63413,31783,28608,87183,60809,30724,46324,53767,142770,152350,194103,238883,52903,136492,164093,29131,35248,93838,53305,44316,8007,22111,141155,90595,65916,117784,71594,9689
61039,49340,88947,113040,38572,25113,99427,27362,37247,63720,51902,54676,42580,32233,18221,91305,41340,45730,40081,68652,27580,46040,37754,130286,214209,82813,31855,23427,55154,49788,26948,25141,41593,103182,106805,69510,37880,34705,93280,66906,36821,52421,59864,148867,158447,200200,244980,59000,142589,170190,35228,41345,99935,59402,50413,22111,14104,147252,96692,72013,123881,77691,15786
180083,168384,207991,232084,157616,144157,218471,146406,156291,182764,170946,173720,161624,151277,137265,210349,160384,164774,159125,187696,146624,165084,156798,249330,333253,201857,150899,142471,174198,168832,145992,144185,160637,222226,225849,188554,156924,153749,212324,185950,155865,171465,178908,267911,277491,319244,364024,178044,261633,289234,154272,160389,218979,178446,169457,141155,147252,133148,215736,191057,242925,196735,134830
129523,117824,157431,181524,107056,93597,167911,95846,105731,132204,120386,123160,111064,100717,86705,159789,109824,114214,108565,137136,96064,114524,106238,198770,282693,151297,100339,91911,123638,118272,95432,93625,110077,171666,175289,137994,106364,103189,161764,135390,105305,120905,128348,217351,226931,268684,313464,127484,211073,238674,103712,109829,168419,127886,118897,90595,96692,215736,82588,140497,192365,146175,84270
104844,93145,132752,156845,82377,68918,143232,71167,81052,107525,95707,98481,86385,76038,62026,135110,85145,89535,83886,112457,71385,89845,81559,174091,258014,126618,75660,67232,98959,93593,70753,68946,85398,146987,150610,113315,81685,78510,137085,110711,80626,96226,103669,192672,202252,244005,288785,102805,186394,213995,79033,85150,143740,103207,94218,65916,72013,191057,140497,57909,167686,121496,59591
156712,145013,184620,208713,134245,120786,195100,123035,132920,159393,147575,150349,138253,127906,113894,186978,137013,141403,135754,164325,123253,141713,133427,225959,309882,178486,127528,119100,150827,145461,122621,120814,137266,198855,202478,165183,133553,130378,188953,162579,132494,148094,155537,244540,254120,295873,340653,154673,238262,265863,130901,137018,195608,155075,146086,117784,123881,242925,192365,167686,109777,173364,111459
110522,98823,138430,162523,88055,74596,148910,76845,86730,113203,101385,104159,92063,81716,67704,140788,90823,95213,89564,118135,77063,95523,87237,179769,263692,132296,81338,72910,104637,99271,76431,74624,91076,152665,156288,118993,87363,84188,142763,116389,86304,101904,109347,198350,207930,249683,294463,108483,192072,219673,84711,90828,149418,108885,99896,71594,77691,196735,146175,121496,173364,63587,65269
48617,36918,76525,100618,26150,12691,87005,14940,24825,51298,39480,42254,30158,19811,5799,78883,28918,33308,27659,56230,15158,33618,25332,117864,201787,70391,19433,11005,42732,37366,14526,12719,29171,90760,94383,57088,25458,22283,80858,54484,24399,39999,47442,136445,146025,187778,232558,46578,130167,157768,22806,28923,87513,46980,37991,9689,15786,134830,84270,59591,111459,65269,1682
