2355,214,292,110,24,12,200,80,68,68,76,88,20,60,2,154,24,130,30,94,46,42,16,174,152,16,10,14,50,50,18,12,28,112,78,94,100,22,98,64,38,38,36,240,248,250,368,80,166,202,14,26,26,22,14,18,4,246,52,94,202,202,4
214,2331,208,30,0,0,130,48,8,32,28,6,2,2,0,36,12,88,30,30,6,8,14,36,22,4,6,18,18,12,2,0,6,24,14,14,172,14,56,30,12,2,6,104,104,28,34,316,30,48,30,6,16,4,20,88,8,10,2,14,6,18,2
292,208,5241,340,404,316,108,74,32,18,22,32,8,140,0,302,12,162,90,10,2,0,0,8,0,2,2,4,0,6,4,2,0,56,14,2,58,8,6,202,2,6,2,84,46,14,918,8,2,0,0,0,12,0,0,0,0,10,60,18,16,350,0
110,30,340,4272,212,38,522,20,22,8,244,32,6,24,0,422,12,18,14,10,4,4,38,10,4,0,18,8,2,4,0,10,2,4,12,10,340,158,10,32,12,176,2,140,246,76,236,4,0,2,0,0,6,4,0,0,0,354,78,4,12,390,0
24,0,404,212,1702,280,18,32,100,2,54,130,22,80,0,468,60,10,48,2,2,0,0,0,0,0,0,2,2,0,2,0,0,146,24,2,22,12,0,228,22,0,0,10,4,4,24,4,0,0,2,0,4,0,0,0,0,24,32,2,0,82,0
12,0,316,38,280,899,8,8,22,2,24,60,18,162,0,306,32,2,0,0,0,0,0,0,0,0,6,0,0,0,0,0,2,8,2,0,10,0,0,28,10,0,0,2,0,0,24,4,0,0,0,0,2,0,0,0,0,0,10,0,2,8,0
200,130,108,522,18,8,7393,452,200,612,224,136,24,36,12,356,114,44,68,208,2,76,92,24,8,4,28,78,28,68,82,14,0,34,10,2,84,96,4,14,4,20,8,90,20,106,30,0,0,0,0,0,4,2,0,0,0,14,6,0,4,70,2
80,48,74,20,32,8,452,923,346,166,64,192,24,20,0,114,16,26,6,72,0,32,4,10,0,0,14,0,4,4,10,0,0,74,0,0,54,0,4,10,2,0,6,6,2,12,14,0,2,0,0,0,0,0,0,0,0,0,0,0,4,4,0
68,8,32,22,100,22,200,346,1686,506,128,678,32,212,6,188,18,6,4,20,0,56,0,0,2,2,2,2,2,0,0,2,0,52,4,4,10,6,2,14,32,18,12,0,2,0,14,0,0,0,2,0,0,0,0,0,0,0,0,0,2,6,0
68,32,18,8,2,2,612,166,506,1932,28,112,20,154,8,256,92,4,4,40,0,372,8,12,6,0,0,0,0,4,16,0,0,8,4,0,162,8,70,14,90,158,30,2,0,0,2,0,0,0,0,0,2,0,0,0,0,0,0,0,0,2,0
76,28,22,244,54,24,224,64,128,28,2045,166,40,50,0,214,22,58,10,42,10,8,20,86,22,4,32,20,22,12,2,6,28,90,100,16,62,44,68,6,10,22,14,102,60,456,36,30,12,8,0,0,4,0,0,2,0,106,14,8,46,54,0
88,6,32,32,130,60,136,192,678,112,166,2647,184,334,8,600,36,2,6,8,0,12,0,0,2,0,0,0,0,0,14,0,0,72,12,0,38,0,8,10,42,36,0,2,0,2,10,0,0,0,0,0,0,0,0,0,0,0,0,2,4,6,0
20,2,8,6,22,18,24,24,32,20,40,184,997,22,0,144,194,0,0,2,0,18,2,8,2,6,0,0,0,0,14,0,0,28,14,2,18,0,38,2,12,60,28,4,2,0,4,2,2,0,0,0,8,0,0,0,0,0,0,20,2,2,0
60,2,140,24,80,162,36,20,212,154,50,334,22,1521,18,254,38,4,10,0,2,16,0,6,4,0,4,0,0,0,6,2,0,74,12,0,6,0,4,160,292,86,22,6,2,0,66,0,0,0,0,0,0,0,0,0,0,0,4,6,6,18,0
2,0,0,0,0,0,12,0,6,8,0,8,0,18,44,8,0,0,0,0,0,0,0,0,0,0,0,0,0,0,0,0,0,0,0,0,0,0,0,0,34,8,0,0,0,0,0,0,0,0,0,0,0,0,0,0,0,0,0,0,0,0,0
154,36,302,422,468,306,356,114,188,256,214,600,144,254,8,6512,400,2,10,116,2,34,8,4,4,0,30,2,0,6,42,2,0,30,20,0,178,16,32,66,96,152,4,34,8,12,174,2,4,0,0,0,20,6,0,0,0,6,4,2,4,58,0
24,12,12,12,60,32,114,16,18,92,22,36,194,38,0,400,1902,6,104,8,4,96,38,8,22,16,4,8,6,22,614,6,4,196,98,10,16,0,154,236,44,174,84,46,0,2,8,32,14,4,0,0,72,4,2,0,0,0,4,8,10,4,0
130,88,162,18,10,2,44,26,6,4,58,2,0,4,0,2,6,1777,346,110,36,14,74,98,46,2,74,90,114,154,12,66,62,246,78,38,22,40,42,80,2,8,66,60,14,74,10,8,6,4,2,0,2,2,2,0,0,34,6,6,12,8,0
30,30,90,14,48,0,68,6,4,4,10,6,0,10,0,10,104,346,1838,42,52,12,0,26,22,136,6,32,18,68,158,20,18,696,228,44,12,30,42,302,2,20,30,540,14,0,4,8,4,4,0,0,2,2,0,0,0,14,12,0,2,28,0
94,30,10,10,2,0,208,72,20,40,42,8,2,0,0,116,8,110,42,4187,256,334,108,138,182,2,86,150,224,210,20,48,164,508,152,6,8,4,36,26,10,20,10,28,2,84,4,2,22,62,2,0,0,2,0,0,2,4,0,0,4,12,0
46,6,2,4,2,0,2,0,0,0,10,0,0,2,0,2,4,36,52,256,1107,64,28,14,416,0,2,6,24,50,14,16,40,122,64,8,0,14,48,6,0,2,14,84,0,36,2,8,78,30,4,2,6,0,4,0,0,2,0,2,0,2,0
42,8,0,4,0,0,76,32,56,372,8,12,18,16,0,34,96,14,12,334,64,1530,24,20,98,8,8,28,18,20,38,10,12,326,44,2,2,6,170,20,60,144,154,8,0,6,0,0,0,0,0,0,2,0,0,0,0,0,0,0,0,0,0
16,14,0,38,0,0,92,4,0,8,20,0,2,0,0,8,38,74,0,108,28,24,1629,104,92,0,28,36,160,284,38,312,102,22,20,2,8,2,10,6,0,2,2,42,40,144,10,4,24,2,2,0,10,4,0,0,0,2,0,2,2,16,0
174,36,8,10,0,0,24,10,0,12,86,0,8,6,0,4,8,98,26,138,14,20,104,7165,492,516,142,26,130,86,6,76,346,120,908,232,8,4,32,64,12,16,36,244,16,824,20,610,84,88,0,4,24,4,2,0,0,14,20,42,476,20,0
152,22,0,4,0,0,8,0,2,6,22,2,2,4,0,4,22,46,22,182,416,98,92,492,7065,48,86,14,56,124,28,104,264,326,1206,210,2,10,172,8,24,18,336,94,12,1350,16,72,348,562,50,56,98,34,22,0,10,18,2,12,78,4,0
16,4,2,0,0,0,4,0,2,0,4,0,6,0,0,0,16,2,136,2,0,8,0,516,48,801,10,0,2,2,0,0,10,8,34,42,4,0,86,226,6,118,114,32,0,22,4,142,8,10,0,0,6,6,2,0,0,16,2,12,94,6,0
10,6,2,18,0,6,28,14,2,0,32,0,0,4,0,30,4,74,6,86,2,8,28,142,86,10,879,8,24,8,6,34,28,46,86,12,10,2,32,4,2,0,2,52,8,88,6,6,4,14,0,0,0,2,0,0,0,2,8,2,34,70,0
14,18,4,8,2,0,78,0,2,0,20,0,0,0,0,2,8,90,32,150,6,28,36,26,14,0,8,1018,74,474,10,46,4,160,48,2,4,2,2,8,0,0,0,32,2,50,6,2,4,2,0,0,2,2,0,0,0,0,0,0,2,0,0
50,18,0,2,2,0,28,4,2,0,22,0,0,0,0,0,6,114,18,224,24,18,160,130,56,2,24,74,2170,542,20,72,38,492,156,36,6,6,2,12,0,0,6,64,56,776,22,6,16,8,0,0,2,0,0,0,0,52,0,2,18,10,0
50,12,6,4,0,0,68,4,0,4,12,0,0,0,0,6,22,154,68,210,50,20,284,86,124,2,8,474,542,2311,202,228,96,428,198,0,2,2,12,6,0,0,0,112,16,118,26,6,38,10,2,0,6,0,0,0,0,2,2,0,14,62,0
18,2,4,0,2,0,82,10,0,16,2,14,14,6,0,42,614,12,158,20,14,38,38,6,28,0,6,10,20,202,1155,34,2,344,116,0,0,0,18,26,4,6,8,134,0,14,0,0,0,0,0,0,6,0,0,0,0,0,0,0,6,4,0
12,0,2,10,0,0,14,0,2,0,6,0,0,2,0,2,6,66,20,48,16,10,312,76,104,0,34,46,72,228,34,954,160,170,76,8,0,2,10,0,0,0,2,38,12,74,8,8,64,44,2,2,8,6,0,0,0,2,0,0,10,6,0
28,6,0,2,0,2,0,0,0,0,28,0,0,0,0,0,4,62,18,164,40,12,102,346,264,10,28,4,38,96,2,160,1956,166,680,50,0,0,12,10,2,2,6,118,18,398,0,22,178,98,10,4,10,6,0,12,2,4,2,28,44,8,0
112,24,56,4,146,8,34,74,52,8,90,72,28,74,0,30,196,246,696,508,122,326,22,120,326,8,46,160,492,428,344,170,166,6530,2566,140,22,156,24,312,40,32,148,210,10,96,2,8,30,6,2,2,96,16,0,0,0,60,16,0,34,10,0
78,14,14,12,24,2,10,0,4,4,100,12,14,12,0,20,98,78,228,152,64,44,20,908,1206,34,86,48,156,198,116,76,680,2566,5285,184,6,24,32,226,104,10,134,184,8,392,6,18,38,28,4,2,104,6,4,0,0,34,4,6,38,26,0
94,14,2,10,2,0,2,0,4,0,16,0,2,0,0,0,10,38,44,6,8,2,2,232,210,42,12,2,36,0,0,8,50,140,184,2777,4,24,158,8,8,12,78,34,54,446,76,130,192,72,2,4,2,0,0,0,2,848,190,14,1150,26,0
100,172,58,340,22,10,84,54,10,162,62,38,18,6,0,178,16,22,12,8,0,2,8,8,2,4,10,4,6,2,0,0,0,22,6,4,1980,218,174,50,14,32,12,12,16,10,12,20,0,2,2,0,0,2,10,0,6,2,6,4,2,14,0
22,14,8,158,12,0,96,0,6,8,44,0,0,0,0,16,0,40,30,4,14,6,2,4,10,0,2,2,6,2,0,2,0,156,24,24,218,920,180,36,2,34,8,32,0,8,4,2,2,2,0,0,0,2,0,0,0,52,14,0,2,6,0
98,56,6,10,0,0,4,4,2,70,68,8,38,4,0,32,154,42,42,36,48,170,10,32,172,86,32,2,2,12,18,10,12,24,32,158,174,180,4381,46,138,360,458,44,6,2,6,88,38,18,10,0,16,0,248,2,2,0,2,2,4,4,0
64,30,202,32,228,28,14,10,14,14,6,10,2,160,0,66,236,80,302,26,6,20,6,64,8,226,4,8,12,6,26,0,10,312,226,8,50,36,46,4950,406,446,48,34,8,12,8,8,0,0,0,0,2,0,8,0,0,14,16,4,12,12,0
38,12,2,12,22,10,4,2,32,90,10,42,12,292,34,96,44,2,2,10,0,60,0,12,24,6,2,0,0,0,4,0,2,40,104,8,14,2,138,406,1917,1208,170,0,0,12,2,4,0,2,0,0,0,0,0,0,0,4,4,0,2,6,0
38,2,6,176,0,0,20,0,18,158,22,36,60,86,8,152,174,8,20,20,2,144,2,16,18,118,0,0,0,0,6,0,2,32,10,12,32,34,360,446,1208,2704,550,2,0,0,0,28,0,2,0,0,0,0,2,0,0,0,0,4,0,2,0
36,6,2,2,0,0,8,6,12,30,14,0,28,22,0,4,84,66,30,10,14,154,2,36,336,114,2,0,6,0,8,2,6,148,134,78,12,8,458,48,170,550,1154,16,0,12,2,28,6,18,0,0,0,0,14,0,0,2,4,8,8,0,0
240,104,84,140,10,2,90,6,0,2,102,2,4,6,0,34,46,60,540,28,84,8,42,244,94,32,52,32,64,112,134,38,118,210,184,34,12,32,44,34,0,2,16,8191,1886,174,186,92,50,64,2,4,26,46,0,2,4,932,186,238,694,386,0
248,104,46,246,4,0,20,2,2,0,60,0,2,2,0,8,0,14,14,2,0,0,40,16,12,0,8,2,56,16,0,12,18,10,8,54,16,0,6,8,0,0,0,1886,6553,332,204,14,22,0,0,0,2,2,0,2,0,308,470,206,496,294,0
250,28,14,76,4,0,106,12,0,0,456,2,0,0,0,12,2,74,0,84,36,6,144,824,1350,22,88,50,776,118,14,74,398,96,392,446,10,8,2,12,12,0,12,174,332,8431,824,94,388,438,12,60,14,18,0,2,10,1070,56,28,208,46,2
368,34,918,236,24,24,30,14,14,2,36,10,4,66,0,174,8,10,4,4,2,0,10,20,16,4,6,6,22,26,0,8,0,2,6,76,12,4,6,8,2,0,2,186,204,824,6020,12,12,24,2,6,4,2,2,0,2,196,150,166,324,1066,0
80,316,8,4,4,4,0,0,0,0,30,0,2,0,0,2,32,8,8,2,8,0,4,610,72,142,6,2,6,6,0,8,22,8,18,130,20,2,88,8,4,28,28,92,14,94,12,2752,636,148,0,0,12,14,14,10,2,14,2,4,120,10,0
166,30,2,0,0,0,0,2,0,0,12,0,2,0,0,4,14,6,4,22,78,0,24,84,348,8,4,4,16,38,0,64,178,30,38,192,0,2,38,0,0,0,6,50,22,388,12,636,6646,574,4,36,4,28,2,4,24,48,4,20,20,2,0
202,48,0,2,0,0,0,0,0,0,8,0,0,0,0,0,4,4,4,62,30,0,2,88,562,10,14,2,8,10,0,44,98,6,28,72,2,2,18,0,2,2,18,64,0,438,24,148,574,6589,14,362,50,184,8,14,36,6,2,32,20,4,0
14,30,0,0,2,0,0,0,2,0,0,0,0,0,0,0,0,2,0,2,4,0,2,0,50,0,0,0,0,2,0,2,10,2,4,2,2,0,10,0,0,0,0,2,0,12,2,0,4,14,120,4,6,4,12,0,0,0,0,0,4,8,0
26,6,0,0,0,0,0,0,0,0,0,0,0,0,0,0,0,0,0,0,2,0,0,4,56,0,0,0,0,0,0,2,4,2,2,4,0,0,0,0,0,0,0,4,0,60,6,0,36,362,4,263,4,8,0,0,0,0,0,8,2,2,0
26,16,12,6,4,2,4,0,0,2,4,0,8,0,0,20,72,2,2,0,6,2,10,24,98,6,0,2,2,6,6,8,10,96,104,2,0,0,16,2,0,0,0,26,2,14,4,12,4,50,6,4,552,26,34,0,0,0,0,0,2,2,0
22,4,0,4,0,0,2,0,0,0,0,0,0,0,0,6,4,2,2,2,0,0,4,4,34,6,2,2,0,0,0,6,6,16,6,0,2,2,0,0,0,0,0,46,2,18,2,14,28,184,4,8,26,266,8,6,0,0,2,4,6,4,0
14,20,0,0,0,0,0,0,0,0,0,0,0,0,0,0,2,2,0,0,4,0,0,2,22,2,0,0,0,0,0,0,0,0,4,0,10,0,248,8,0,2,14,0,0,0,2,14,2,8,12,0,34,8,274,2,0,0,0,0,0,4,0
18,88,0,0,0,0,0,0,0,0,2,0,0,0,0,0,0,0,0,0,0,0,0,0,0,0,0,0,0,0,0,0,12,0,0,0,0,0,2,0,0,0,0,2,2,2,0,10,4,14,0,0,0,6,2,88,8,0,0,0,0,0,0
4,8,0,0,0,0,0,0,0,0,0,0,0,0,0,0,0,0,0,2,0,0,0,0,10,0,0,0,0,0,0,0,2,0,0,2,6,0,2,0,0,0,0,4,0,10,2,2,24,36,0,0,0,0,0,8,51,0,0,2,2,0,0
246,10,10,354,24,0,14,0,0,0,106,0,0,0,0,6,0,34,14,4,2,0,2,14,18,16,2,0,52,2,0,2,4,60,34,848,2,52,0,14,4,0,2,932,308,1070,196,14,48,6,0,0,0,0,0,0,0,5417,1032,34,396,194,0
52,2,60,78,32,10,6,0,0,0,14,0,0,4,0,4,4,6,12,0,0,0,0,20,2,2,8,0,0,2,0,0,2,16,4,190,6,14,2,16,4,0,4,186,470,56,150,2,4,2,0,0,0,2,0,0,0,1032,2909,148,228,52,0
94,14,18,4,2,0,0,0,0,0,8,2,20,6,0,2,8,6,0,0,2,0,2,42,12,12,2,0,2,0,0,0,28,0,6,14,4,0,2,4,0,4,8,238,206,28,166,4,20,32,0,8,0,4,0,0,2,34,148,922,78,62,0
202,6,16,12,0,2,4,4,2,0,46,4,2,6,0,4,10,12,2,4,0,0,2,476,78,94,34,2,18,14,6,10,44,34,38,1150,2,2,4,12,2,0,8,694,496,208,324,120,20,20,4,2,2,6,0,0,2,396,228,78,4658,380,0
202,18,350,390,82,8,70,4,6,2,54,6,2,18,0,58,4,8,28,12,2,0,16,20,4,6,70,0,10,62,4,6,8,10,26,26,14,6,4,12,6,2,0,386,294,46,1066,10,2,4,8,2,2,4,4,0,0,194,52,62,380,3430,0
4,2,0,0,0,0,2,0,0,0,0,0,0,0,0,0,0,0,0,0,0,0,0,0,0,0,0,0,0,0,0,0,0,0,0,0,0,0,0,0,0,0,0,0,0,2,0,0,0,0,0,0,0,0,0,0,0,0,0,0,0,0,13
