1.00000000,0.14703316,0.00206474,0.02175564,0.01243312,0.01042931,0.00664781
0.14703316,1.00000000,0.00398115,0.02828453,0.00849533,0.01253180,0.04975823
0.00206474,0.00398115,1.00000000,0.02334474,0.03826008,0.01176932,0.00125885
0.02175564,0.02828453,0.02334474,1.00000000,0.03574374,0.03129602,0.00259796
0.01243312,0.00849533,0.03826008,0.03574374,1.00000000,0.01854141,0.00046189
0.01042931,0.01253180,0.01176932,0.03129602,0.01854141,1.00000000,0.00058668
0.00664781,0.04975823,0.00125885,0.00259796,0.00046189,0.00058668,1.00000000
