1108,1791,2922,3381,1676,1372,3064,1431,1653,2280,2131,2013,1848,1529,1133,2901,1886,1762,1718,2633,1505,1943,1581,3877,6037,2465,1407,1338,2297,1916,1440,1360,1855,3533,3182,2579,1844,1582,3430,2478,1686,2089,2469,4850,4986,6036,5239,2274,3985,4603,1451,1619,2157,1860,1654,1263,1344,3966,2340,2095,4203,2313,1110
1791,683,2497,2956,1251,947,2639,1006,1228,1855,1706,1588,1423,1104,708,2476,1461,1337,1293,2208,1080,1518,1156,3452,5612,2040,982,913,1872,1491,1015,935,1430,3108,2757,2154,1419,1157,3005,2053,1261,1664,2044,4425,4561,5611,4814,1849,3560,4178,1026,1194,1732,1435,1229,838,919,3541,1915,1670,3778,1888,685
2922,2497,1814,4087,2382,2078,3770,2137,2359,2986,2837,2719,2554,2235,1839,3607,2592,2468,2424,3339,2211,2649,2287,4583,6743,3171,2113,2044,3003,2622,2146,2066,2561,4239,3888,3285,2550,2288,4136,3184,2392,2795,3175,5556,5692,6742,5945,2980,4691,5309,2157,2325,2863,2566,2360,1969,2050,4672,3046,2801,4909,3019,1816
3381,2956,4087,2273,2841,2537,4229,2596,2818,3445,3296,3178,3013,2694,2298,4066,3051,2927,2883,3798,2670,3108,2746,5042,7202,3630,2572,2503,3462,3081,2605,2525,3020,4698,4347,3744,3009,2747,4595,3643,2851,3254,3634,6015,6151,7201,6404,3439,5150,5768,2616,2784,3322,3025,2819,2428,2509,5131,3505,3260,5368,3478,2275
1676,1251,2382,2841,568,832,2524,891,1113,1740,1591,1473,1308,989,593,2361,1346,1222,1178,2093,965,1403,1041,3337,5497,1925,867,798,1757,1376,900,820,1315,2993,2642,2039,1304,1042,2890,1938,1146,1549,1929,4310,4446,5496,4699,1734,3445,4063,911,1079,1617,1320,1114,723,804,3426,1800,1555,3663,1773,570
1372,947,2078,2537,832,264,2220,587,809,1436,1287,1169,1004,685,289,2057,1042,918,874,1789,661,1099,737,3033,5193,1621,563,494,1453,1072,596,516,1011,2689,2338,1735,1000,738,2586,1634,842,1245,1625,4006,4142,5192,4395,1430,3141,3759,607,775,1313,1016,810,419,500,3122,1496,1251,3359,1469,266
3064,2639,3770,4229,2524,2220,1956,2279,2501,3128,2979,2861,2696,2377,1981,3749,2734,2610,2566,3481,2353,2791,2429,4725,6885,3313,2255,2186,3145,2764,2288,2208,2703,4381,4030,3427,2692,2430,4278,3326,2534,2937,3317,5698,5834,6884,6087,3122,4833,5451,2299,2467,3005,2708,2502,2111,2192,4814,3188,2943,5051,3161,1958
1431,1006,2137,2596,891,587,2279,323,868,1495,1346,1228,1063,744,348,2116,1101,977,933,1848,720,1158,796,3092,5252,1680,622,553,1512,1131,655,575,1070,2748,2397,1794,1059,797,2645,1693,901,1304,1684,4065,4201,5251,4454,1489,3200,3818,666,834,1372,1075,869,478,559,3181,1555,1310,3418,1528,325
1653,1228,2359,2818,1113,809,2501,868,545,1717,1568,1450,1285,966,570,2338,1323,1199,1155,2070,942,1380,1018,3314,5474,1902,844,775,1734,1353,877,797,1292,2970,2619,2016,1281,1019,2867,1915,1123,1526,1906,4287,4423,5473,4676,1711,3422,4040,888,1056,1594,1297,1091,700,781,3403,1777,1532,3640,1750,547
2280,1855,2986,3445,1740,1436,3128,1495,1717,1172,2195,2077,1912,1593,1197,2965,1950,1826,1782,2697,1569,2007,1645,3941,6101,2529,1471,1402,2361,1980,1504,1424,1919,3597,3246,2643,1908,1646,3494,2542,1750,2153,2533,4914,5050,6100,5303,2338,4049,4667,1515,1683,2221,1924,1718,1327,1408,4030,2404,2159,4267,2377,1174
2131,1706,2837,3296,1591,1287,2979,1346,1568,2195,1023,1928,1763,1444,1048,2816,1801,1677,1633,2548,1420,1858,1496,3792,5952,2380,1322,1253,2212,1831,1355,1275,1770,3448,3097,2494,1759,1497,3345,2393,1601,2004,2384,4765,4901,5951,5154,2189,3900,4518,1366,1534,2072,1775,1569,1178,1259,3881,2255,2010,4118,2228,1025
2013,1588,2719,3178,1473,1169,2861,1228,1450,2077,1928,905,1645,1326,930,2698,1683,1559,1515,2430,1302,1740,1378,3674,5834,2262,1204,1135,2094,1713,1237,1157,1652,3330,2979,2376,1641,1379,3227,2275,1483,1886,2266,4647,4783,5833,5036,2071,3782,4400,1248,1416,1954,1657,1451,1060,1141,3763,2137,1892,4000,2110,907
1848,1423,2554,3013,1308,1004,2696,1063,1285,1912,1763,1645,740,1161,765,2533,1518,1394,1350,2265,1137,1575,1213,3509,5669,2097,1039,970,1929,1548,1072,992,1487,3165,2814,2211,1476,1214,3062,2110,1318,1721,2101,4482,4618,5668,4871,1906,3617,4235,1083,1251,1789,1492,1286,895,976,3598,1972,1727,3835,1945,742
1529,1104,2235,2694,989,685,2377,744,966,1593,1444,1326,1161,421,446,2214,1199,1075,1031,1946,818,1256,894,3190,5350,1778,720,651,1610,1229,753,673,1168,2846,2495,1892,1157,895,2743,1791,999,1402,1782,4163,4299,5349,4552,1587,3298,3916,764,932,1470,1173,967,576,657,3279,1653,1408,3516,1626,423
1133,708,1839,2298,593,289,1981,348,570,1197,1048,930,765,446,25,1818,803,679,635,1550,422,860,498,2794,4954,1382,324,255,1214,833,357,277,772,2450,2099,1496,761,499,2347,1395,603,1006,1386,3767,3903,4953,4156,1191,2902,3520,368,536,1074,777,571,180,261,2883,1257,1012,3120,1230,27
2901,2476,3607,4066,2361,2057,3749,2116,2338,2965,2816,2698,2533,2214,1818,1793,2571,2447,2403,3318,2190,2628,2266,4562,6722,3150,2092,2023,2982,2601,2125,2045,2540,4218,3867,3264,2529,2267,4115,3163,2371,2774,3154,5535,5671,6721,5924,2959,4670,5288,2136,2304,2842,2545,2339,1948,2029,4651,3025,2780,4888,2998,1795
1886,1461,2592,3051,1346,1042,2734,1101,1323,1950,1801,1683,1518,1199,803,2571,778,1432,1388,2303,1175,1613,1251,3547,5707,2135,1077,1008,1967,1586,1110,1030,1525,3203,2852,2249,1514,1252,3100,2148,1356,1759,2139,4520,4656,5706,4909,1944,3655,4273,1121,1289,1827,1530,1324,933,1014,3636,2010,1765,3873,1983,780
1762,1337,2468,2927,1222,918,2610,977,1199,1826,1677,1559,1394,1075,679,2447,1432,654,1264,2179,1051,1489,1127,3423,5583,2011,953,884,1843,1462,986,906,1401,3079,2728,2125,1390,1128,2976,2024,1232,1635,2015,4396,4532,5582,4785,1820,3531,4149,997,1165,1703,1406,1200,809,890,3512,1886,1641,3749,1859,656
1718,1293,2424,2883,1178,874,2566,933,1155,1782,1633,1515,1350,1031,635,2403,1388,1264,610,2135,1007,1445,1083,3379,5539,1967,909,840,1799,1418,942,862,1357,3035,2684,2081,1346,1084,2932,1980,1188,1591,1971,4352,4488,5538,4741,1776,3487,4105,953,1121,1659,1362,1156,765,846,3468,1842,1597,3705,1815,612
2633,2208,3339,3798,2093,1789,3481,1848,2070,2697,2548,2430,2265,1946,1550,3318,2303,2179,2135,1525,1922,2360,1998,4294,6454,2882,1824,1755,2714,2333,1857,1777,2272,3950,3599,2996,2261,1999,3847,2895,2103,2506,2886,5267,5403,6453,5656,2691,4402,5020,1868,2036,2574,2277,2071,1680,1761,4383,2757,2512,4620,2730,1527
1505,1080,2211,2670,965,661,2353,720,942,1569,1420,1302,1137,818,422,2190,1175,1051,1007,1922,397,1232,870,3166,5326,1754,696,627,1586,1205,729,649,1144,2822,2471,1868,1133,871,2719,1767,975,1378,1758,4139,4275,5325,4528,1563,3274,3892,740,908,1446,1149,943,552,633,3255,1629,1384,3492,1602,399
1943,1518,2649,3108,1403,1099,2791,1158,1380,2007,1858,1740,1575,1256,860,2628,1613,1489,1445,2360,1232,835,1308,3604,5764,2192,1134,1065,2024,1643,1167,1087,1582,3260,2909,2306,1571,1309,3157,2205,1413,1816,2196,4577,4713,5763,4966,2001,3712,4330,1178,1346,1884,1587,1381,990,1071,3693,2067,1822,3930,2040,837
1581,1156,2287,2746,1041,737,2429,796,1018,1645,1496,1378,1213,894,498,2266,1251,1127,1083,1998,870,1308,473,3242,5402,1830,772,703,1662,1281,805,725,1220,2898,2547,1944,1209,947,2795,1843,1051,1454,1834,4215,4351,5401,4604,1639,3350,3968,816,984,1522,1225,1019,628,709,3331,1705,1460,3568,1678,475
3877,3452,4583,5042,3337,3033,4725,3092,3314,3941,3792,3674,3509,3190,2794,4562,3547,3423,3379,4294,3166,3604,3242,2769,7698,4126,3068,2999,3958,3577,3101,3021,3516,5194,4843,4240,3505,3243,5091,4139,3347,3750,4130,6511,6647,7697,6900,3935,5646,6264,3112,3280,3818,3521,3315,2924,3005,5627,4001,3756,5864,3974,2771
6037,5612,6743,7202,5497,5193,6885,5252,5474,6101,5952,5834,5669,5350,4954,6722,5707,5583,5539,6454,5326,5764,5402,7698,4929,6286,5228,5159,6118,5737,5261,5181,5676,7354,7003,6400,5665,5403,7251,6299,5507,5910,6290,8671,8807,9857,9060,6095,7806,8424,5272,5440,5978,5681,5475,5084,5165,7787,6161,5916,8024,6134,4931
2465,2040,3171,3630,1925,1621,3313,1680,1902,2529,2380,2262,2097,1778,1382,3150,2135,2011,1967,2882,1754,2192,1830,4126,6286,1357,1656,1587,2546,2165,1689,1609,2104,3782,3431,2828,2093,1831,3679,2727,1935,2338,2718,5099,5235,6285,5488,2523,4234,4852,1700,1868,2406,2109,1903,1512,1593,4215,2589,2344,4452,2562,1359
1407,982,2113,2572,867,563,2255,622,844,1471,1322,1204,1039,720,324,2092,1077,953,909,1824,696,1134,772,3068,5228,1656,299,529,1488,1107,631,551,1046,2724,2373,1770,1035,773,2621,1669,877,1280,1660,4041,4177,5227,4430,1465,3176,3794,642,810,1348,1051,845,454,535,3157,1531,1286,3394,1504,301
1338,913,2044,2503,798,494,2186,553,775,1402,1253,1135,970,651,255,2023,1008,884,840,1755,627,1065,703,2999,5159,1587,529,230,1419,1038,562,482,977,2655,2304,1701,966,704,2552,1600,808,1211,1591,3972,4108,5158,4361,1396,3107,3725,573,741,1279,982,776,385,466,3088,1462,1217,3325,1435,232
2297,1872,3003,3462,1757,1453,3145,1512,1734,2361,2212,2094,1929,1610,1214,2982,1967,1843,1799,2714,1586,2024,1662,3958,6118,2546,1488,1419,1189,1997,1521,1441,1936,3614,3263,2660,1925,1663,3511,2559,1767,2170,2550,4931,5067,6117,5320,2355,4066,4684,1532,1700,2238,1941,1735,1344,1425,4047,2421,2176,4284,2394,1191
1916,1491,2622,3081,1376,1072,2764,1131,1353,1980,1831,1713,1548,1229,833,2601,1586,1462,1418,2333,1205,1643,1281,3577,5737,2165,1107,1038,1997,808,1140,1060,1555,3233,2882,2279,1544,1282,3130,2178,1386,1789,2169,4550,4686,5736,4939,1974,3685,4303,1151,1319,1857,1560,1354,963,1044,3666,2040,1795,3903,2013,810
1440,1015,2146,2605,900,596,2288,655,877,1504,1355,1237,1072,753,357,2125,1110,986,942,1857,729,1167,805,3101,5261,1689,631,562,1521,1140,332,584,1079,2757,2406,1803,1068,806,2654,1702,910,1313,1693,4074,4210,5260,4463,1498,3209,3827,675,843,1381,1084,878,487,568,3190,1564,1319,3427,1537,334
1360,935,2066,2525,820,516,2208,575,797,1424,1275,1157,992,673,277,2045,1030,906,862,1777,649,1087,725,3021,5181,1609,551,482,1441,1060,584,252,999,2677,2326,1723,988,726,2574,1622,830,1233,1613,3994,4130,5180,4383,1418,3129,3747,595,763,1301,1004,798,407,488,3110,1484,1239,3347,1457,254
1855,1430,2561,3020,1315,1011,2703,1070,1292,1919,1770,1652,1487,1168,772,2540,1525,1401,1357,2272,1144,1582,1220,3516,5676,2104,1046,977,1936,1555,1079,999,747,3172,2821,2218,1483,1221,3069,2117,1325,1728,2108,4489,4625,5675,4878,1913,3624,4242,1090,1258,1796,1499,1293,902,983,3605,1979,1734,3842,1952,749
3533,3108,4239,4698,2993,2689,4381,2748,2970,3597,3448,3330,3165,2846,2450,4218,3203,3079,3035,3950,2822,3260,2898,5194,7354,3782,2724,2655,3614,3233,2757,2677,3172,2425,4499,3896,3161,2899,4747,3795,3003,3406,3786,6167,6303,7353,6556,3591,5302,5920,2768,2936,3474,3177,2971,2580,2661,5283,3657,3412,5520,3630,2427
3182,2757,3888,4347,2642,2338,4030,2397,2619,3246,3097,2979,2814,2495,2099,3867,2852,2728,2684,3599,2471,2909,2547,4843,7003,3431,2373,2304,3263,2882,2406,2326,2821,4499,2074,3545,2810,2548,4396,3444,2652,3055,3435,5816,5952,7002,6205,3240,4951,5569,2417,2585,3123,2826,2620,2229,2310,4932,3306,3061,5169,3279,2076
2579,2154,3285,3744,2039,1735,3427,1794,2016,2643,2494,2376,2211,1892,1496,3264,2249,2125,2081,2996,1868,2306,1944,4240,6400,2828,1770,1701,2660,2279,1803,1723,2218,3896,3545,1471,2207,1945,3793,2841,2049,2452,2832,5213,5349,6399,5602,2637,4348,4966,1814,1982,2520,2223,2017,1626,1707,4329,2703,2458,4566,2676,1473
1844,1419,2550,3009,1304,1000,2692,1059,1281,1908,1759,1641,1476,1157,761,2529,1514,1390,1346,2261,1133,1571,1209,3505,5665,2093,1035,966,1925,1544,1068,988,1483,3161,2810,2207,736,1210,3058,2106,1314,1717,2097,4478,4614,5664,4867,1902,3613,4231,1079,1247,1785,1488,1282,891,972,3594,1968,1723,3831,1941,738
1582,1157,2288,2747,1042,738,2430,797,1019,1646,1497,1379,1214,895,499,2267,1252,1128,1084,1999,871,1309,947,3243,5403,1831,773,704,1663,1282,806,726,1221,2899,2548,1945,1210,474,2796,1844,1052,1455,1835,4216,4352,5402,4605,1640,3351,3969,817,985,1523,1226,1020,629,710,3332,1706,1461,3569,1679,476
3430,3005,4136,4595,2890,2586,4278,2645,2867,3494,3345,3227,3062,2743,2347,4115,3100,2976,2932,3847,2719,3157,2795,5091,7251,3679,2621,2552,3511,3130,2654,2574,3069,4747,4396,3793,3058,2796,2322,3692,2900,3303,3683,6064,6200,7250,6453,3488,5199,5817,2665,2833,3371,3074,2868,2477,2558,5180,3554,3309,5417,3527,2324
2478,2053,3184,3643,1938,1634,3326,1693,1915,2542,2393,2275,2110,1791,1395,3163,2148,2024,1980,2895,1767,2205,1843,4139,6299,2727,1669,1600,2559,2178,1702,1622,2117,3795,3444,2841,2106,1844,3692,1370,1948,2351,2731,5112,5248,6298,5501,2536,4247,4865,1713,1881,2419,2122,1916,1525,1606,4228,2602,2357,4465,2575,1372
1686,1261,2392,2851,1146,842,2534,901,1123,1750,1601,1483,1318,999,603,2371,1356,1232,1188,2103,975,1413,1051,3347,5507,1935,877,808,1767,1386,910,830,1325,3003,2652,2049,1314,1052,2900,1948,578,1559,1939,4320,4456,5506,4709,1744,3455,4073,921,1089,1627,1330,1124,733,814,3436,1810,1565,3673,1783,580
2089,1664,2795,3254,1549,1245,2937,1304,1526,2153,2004,1886,1721,1402,1006,2774,1759,1635,1591,2506,1378,1816,1454,3750,5910,2338,1280,1211,2170,1789,1313,1233,1728,3406,3055,2452,1717,1455,3303,2351,1559,981,2342,4723,4859,5909,5112,2147,3858,4476,1324,1492,2030,1733,1527,1136,1217,3839,2213,1968,4076,2186,983
2469,2044,3175,3634,1929,1625,3317,1684,1906,2533,2384,2266,2101,1782,1386,3154,2139,2015,1971,2886,1758,2196,1834,4130,6290,2718,1660,1591,2550,2169,1693,1613,2108,3786,3435,2832,2097,1835,3683,2731,1939,2342,1361,5103,5239,6289,5492,2527,4238,4856,1704,1872,2410,2113,1907,1516,1597,4219,2593,2348,4456,2566,1363
4850,4425,5556,6015,4310,4006,5698,4065,4287,4914,4765,4647,4482,4163,3767,5535,4520,4396,4352,5267,4139,4577,4215,6511,8671,5099,4041,3972,4931,4550,4074,3994,4489,6167,5816,5213,4478,4216,6064,5112,4320,4723,5103,3742,7620,8670,7873,4908,6619,7237,4085,4253,4791,4494,4288,3897,3978,6600,4974,4729,6837,4947,3744
4986,4561,5692,6151,4446,4142,5834,4201,4423,5050,4901,4783,4618,4299,3903,5671,4656,4532,4488,5403,4275,4713,4351,6647,8807,5235,4177,4108,5067,4686,4210,4130,4625,6303,5952,5349,4614,4352,6200,5248,4456,4859,5239,7620,3878,8806,8009,5044,6755,7373,4221,4389,4927,4630,4424,4033,4114,6736,5110,4865,6973,5083,3880
6036,5611,6742,7201,5496,5192,6884,5251,5473,6100,5951,5833,5668,5349,4953,6721,5706,5582,5538,6453,5325,5763,5401,7697,9857,6285,5227,5158,6117,5736,5260,5180,5675,7353,7002,6399,5664,5402,7250,6298,5506,5909,6289,8670,8806,4928,9059,6094,7805,8423,5271,5439,5977,5680,5474,5083,5164,7786,6160,5915,8023,6133,4930
5239,4814,5945,6404,4699,4395,6087,4454,4676,5303,5154,5036,4871,4552,4156,5924,4909,4785,4741,5656,4528,4966,4604,6900,9060,5488,4430,4361,5320,4939,4463,4383,4878,6556,6205,5602,4867,4605,6453,5501,4709,5112,5492,7873,8009,9059,4131,5297,7008,7626,4474,4642,5180,4883,4677,4286,4367,6989,5363,5118,7226,5336,4133
2274,1849,2980,3439,1734,1430,3122,1489,1711,2338,2189,2071,1906,1587,1191,2959,1944,1820,1776,2691,1563,2001,1639,3935,6095,2523,1465,1396,2355,1974,1498,1418,1913,3591,3240,2637,1902,1640,3488,2536,1744,2147,2527,4908,5044,6094,5297,1166,4043,4661,1509,1677,2215,1918,1712,1321,1402,4024,2398,2153,4261,2371,1168
3985,3560,4691,5150,3445,3141,4833,3200,3422,4049,3900,3782,3617,3298,2902,4670,3655,3531,3487,4402,3274,3712,3350,5646,7806,4234,3176,3107,4066,3685,3209,3129,3624,5302,4951,4348,3613,3351,5199,4247,3455,3858,4238,6619,6755,7805,7008,4043,2877,6372,3220,3388,3926,3629,3423,3032,3113,5735,4109,3864,5972,4082,2879
4603,4178,5309,5768,4063,3759,5451,3818,4040,4667,4518,4400,4235,3916,3520,5288,4273,4149,4105,5020,3892,4330,3968,6264,8424,4852,3794,3725,4684,4303,3827,3747,4242,5920,5569,4966,4231,3969,5817,4865,4073,4476,4856,7237,7373,8423,7626,4661,6372,3495,3838,4006,4544,4247,4041,3650,3731,6353,4727,4482,6590,4700,3497
1451,1026,2157,2616,911,607,2299,666,888,1515,1366,1248,1083,764,368,2136,1121,997,953,1868,740,1178,816,3112,5272,1700,642,573,1532,1151,675,595,1090,2768,2417,1814,1079,817,2665,1713,921,1324,1704,4085,4221,5271,4474,1509,3220,3838,343,854,1392,1095,889,498,579,3201,1575,1330,3438,1548,345
1619,1194,2325,2784,1079,775,2467,834,1056,1683,1534,1416,1251,932,536,2304,1289,1165,1121,2036,908,1346,984,3280,5440,1868,810,741,1700,1319,843,763,1258,2936,2585,1982,1247,985,2833,1881,1089,1492,1872,4253,4389,5439,4642,1677,3388,4006,854,511,1560,1263,1057,666,747,3369,1743,1498,3606,1716,513
2157,1732,2863,3322,1617,1313,3005,1372,1594,2221,2072,1954,1789,1470,1074,2842,1827,1703,1659,2574,1446,1884,1522,3818,5978,2406,1348,1279,2238,1857,1381,1301,1796,3474,3123,2520,1785,1523,3371,2419,1627,2030,2410,4791,4927,5977,5180,2215,3926,4544,1392,1560,1049,1801,1595,1204,1285,3907,2281,2036,4144,2254,1051
1860,1435,2566,3025,1320,1016,2708,1075,1297,1924,1775,1657,1492,1173,777,2545,1530,1406,1362,2277,1149,1587,1225,3521,5681,2109,1051,982,1941,1560,1084,1004,1499,3177,2826,2223,1488,1226,3074,2122,1330,1733,2113,4494,4630,5680,4883,1918,3629,4247,1095,1263,1801,752,1298,907,988,3610,1984,1739,3847,1957,754
1654,1229,2360,2819,1114,810,2502,869,1091,1718,1569,1451,1286,967,571,2339,1324,1200,1156,2071,943,1381,1019,3315,5475,1903,845,776,1735,1354,878,798,1293,2971,2620,2017,1282,1020,2868,1916,1124,1527,1907,4288,4424,5474,4677,1712,3423,4041,889,1057,1595,1298,546,701,782,3404,1778,1533,3641,1751,548
1263,838,1969,2428,723,419,2111,478,700,1327,1178,1060,895,576,180,1948,933,809,765,1680,552,990,628,2924,5084,1512,454,385,1344,963,487,407,902,2580,2229,1626,891,629,2477,1525,733,1136,1516,3897,4033,5083,4286,1321,3032,3650,498,666,1204,907,701,155,391,3013,1387,1142,3250,1360,157
1344,919,2050,2509,804,500,2192,559,781,1408,1259,1141,976,657,261,2029,1014,890,846,1761,633,1071,709,3005,5165,1593,535,466,1425,1044,568,488,983,2661,2310,1707,972,710,2558,1606,814,1217,1597,3978,4114,5164,4367,1402,3113,3731,579,747,1285,988,782,391,236,3094,1468,1223,3331,1441,238
3966,3541,4672,5131,3426,3122,4814,3181,3403,4030,3881,3763,3598,3279,2883,4651,3636,3512,3468,4383,3255,3693,3331,5627,7787,4215,3157,3088,4047,3666,3190,3110,3605,5283,4932,4329,3594,3332,5180,4228,3436,3839,4219,6600,6736,7786,6989,4024,5735,6353,3201,3369,3907,3610,3404,3013,3094,2858,4090,3845,5953,4063,2860
2340,1915,3046,3505,1800,1496,3188,1555,1777,2404,2255,2137,1972,1653,1257,3025,2010,1886,1842,2757,1629,2067,1705,4001,6161,2589,1531,1462,2421,2040,1564,1484,1979,3657,3306,2703,1968,1706,3554,2602,1810,2213,2593,4974,5110,6160,5363,2398,4109,4727,1575,1743,2281,1984,1778,1387,1468,4090,1232,2219,4327,2437,1234
2095,1670,2801,3260,1555,1251,2943,1310,1532,2159,2010,1892,1727,1408,1012,2780,1765,1641,1597,2512,1384,1822,1460,3756,5916,2344,1286,1217,2176,1795,1319,1239,1734,3412,3061,2458,1723,1461,3309,2357,1565,1968,2348,4729,4865,5915,5118,2153,3864,4482,1330,1498,2036,1739,1533,1142,1223,3845,2219,987,4082,2192,989
4203,3778,4909,5368,3663,3359,5051,3418,3640,4267,4118,4000,3835,3516,3120,4888,3873,3749,3705,4620,3492,3930,3568,5864,8024,4452,3394,3325,4284,3903,3427,3347,3842,5520,5169,4566,3831,3569,5417,4465,3673,4076,4456,6837,6973,8023,7226,4261,5972,6590,3438,3606,4144,3847,3641,3250,3331,5953,4327,4082,3095,4300,3097
2313,1888,3019,3478,1773,1469,3161,1528,1750,2377,2228,2110,1945,1626,1230,2998,1983,1859,1815,2730,1602,2040,1678,3974,6134,2562,1504,1435,2394,2013,1537,1457,1952,3630,3279,2676,1941,1679,3527,2575,1783,2186,2566,4947,5083,6133,5336,2371,4082,4700,1548,1716,2254,1957,1751,1360,1441,4063,2437,2192,4300,1205,1207
1110,685,1816,2275,570,266,1958,325,547,1174,1025,907,742,423,27,1795,780,656,612,1527,399,837,475,2771,4931,1359,301,232,1191,810,334,254,749,2427,2076,1473,738,476,2324,1372,580,983,1363,3744,3880,4930,4133,1168,2879,3497,345,513,1051,754,548,157,238,2860,1234,989,3097,1207,2
