1.00000000,0.14295101,0.04628812,0.06636814,0.03117020,0.04811771
0.14295101,1.00000000,0.14812287,0.18127759,0.05125628,0.06505372
0.04628812,0.14812287,1.00000000,0.08974865,0.04279070,0.01866221
0.06636814,0.18127759,0.08974865,1.00000000,0.06941432,0.08390713
0.03117020,0.05125628,0.04279070,0.06941432,1.00000000,0.02133851
0.04811771,0.06505372,0.01866221,0.08390713,0.02133851,1.00000000
