343,721,1321,1188,681,537,1440,476,715,788,703,861,532,663,360,1661,722,688,671,1132,598,689,684,1583,1865,467,537,548,719,767,613,512,729,1807,1448,873,793,540,1254,1202,811,1008,624,1755,1581,1875,1557,883,1832,1779,373,431,483,380,416,351,351,1390,986,533,1154,950,344
721,378,1356,1223,716,572,1475,511,750,823,738,896,567,698,395,1696,757,723,706,1167,633,724,719,1618,1900,502,572,583,754,802,648,547,764,1842,1483,908,828,575,1289,1237,846,1043,659,1790,1616,1910,1592,918,1867,1814,408,466,518,415,451,386,386,1425,1021,568,1189,985,379
1321,1356,978,1823,1316,1172,2075,1111,1350,1423,1338,1496,1167,1298,995,2296,1357,1323,1306,1767,1233,1324,1319,2218,2500,1102,1172,1183,1354,1402,1248,1147,1364,2442,2083,1508,1428,1175,1889,1837,1446,1643,1259,2390,2216,2510,2192,1518,2467,2414,1008,1066,1118,1015,1051,986,986,2025,1621,1168,1789,1585,979
1188,1223,1823,845,1183,1039,1942,978,1217,1290,1205,1363,1034,1165,862,2163,1224,1190,1173,1634,1100,1191,1186,2085,2367,969,1039,1050,1221,1269,1115,1014,1231,2309,1950,1375,1295,1042,1756,1704,1313,1510,1126,2257,2083,2377,2059,1385,2334,2281,875,933,985,882,918,853,853,1892,1488,1035,1656,1452,846
681,716,1316,1183,338,532,1435,471,710,783,698,856,527,658,355,1656,717,683,666,1127,593,684,679,1578,1860,462,532,543,714,762,608,507,724,1802,1443,868,788,535,1249,1197,806,1003,619,1750,1576,1870,1552,878,1827,1774,368,426,478,375,411,346,346,1385,981,528,1149,945,339
537,572,1172,1039,532,194,1291,327,566,639,554,712,383,514,211,1512,573,539,522,983,449,540,535,1434,1716,318,388,399,570,618,464,363,580,1658,1299,724,644,391,1105,1053,662,859,475,1606,1432,1726,1408,734,1683,1630,224,282,334,231,267,202,202,1241,837,384,1005,801,195
1440,1475,2075,1942,1435,1291,1097,1230,1469,1542,1457,1615,1286,1417,1114,2415,1476,1442,1425,1886,1352,1443,1438,2337,2619,1221,1291,1302,1473,1521,1367,1266,1483,2561,2202,1627,1547,1294,2008,1956,1565,1762,1378,2509,2335,2629,2311,1637,2586,2533,1127,1185,1237,1134,1170,1105,1105,2144,1740,1287,1908,1704,1098
476,511,1111,978,471,327,1230,133,505,578,493,651,322,453,150,1451,512,478,461,922,388,479,474,1373,1655,257,327,338,509,557,403,302,519,1597,1238,663,583,330,1044,992,601,798,414,1545,1371,1665,1347,673,1622,1569,163,221,273,170,206,141,141,1180,776,323,944,740,134
715,750,1350,1217,710,566,1469,505,372,817,732,890,561,692,389,1690,751,717,700,1161,627,718,713,1612,1894,496,566,577,748,796,642,541,758,1836,1477,902,822,569,1283,1231,840,1037,653,1784,1610,1904,1586,912,1861,1808,402,460,512,409,445,380,380,1419,1015,562,1183,979,373
788,823,1423,1290,783,639,1542,578,817,445,805,963,634,765,462,1763,824,790,773,1234,700,791,786,1685,1967,569,639,650,821,869,715,614,831,1909,1550,975,895,642,1356,1304,913,1110,726,1857,1683,1977,1659,985,1934,1881,475,533,585,482,518,453,453,1492,1088,635,1256,1052,446
703,738,1338,1205,698,554,1457,493,732,805,360,878,549,680,377,1678,739,705,688,1149,615,706,701,1600,1882,484,554,565,736,784,630,529,746,1824,1465,890,810,557,1271,1219,828,1025,641,1772,1598,1892,1574,900,1849,1796,390,448,500,397,433,368,368,1407,1003,550,1171,967,361
861,896,1496,1363,856,712,1615,651,890,963,878,518,707,838,535,1836,897,863,846,1307,773,864,859,1758,2040,642,712,723,894,942,788,687,904,1982,1623,1048,968,715,1429,1377,986,1183,799,1930,1756,2050,1732,1058,2007,1954,548,606,658,555,591,526,526,1565,1161,708,1329,1125,519
532,567,1167,1034,527,383,1286,322,561,634,549,707,189,509,206,1507,568,534,517,978,444,535,530,1429,1711,313,383,394,565,613,459,358,575,1653,1294,719,639,386,1100,1048,657,854,470,1601,1427,1721,1403,729,1678,1625,219,277,329,226,262,197,197,1236,832,379,1000,796,190
663,698,1298,1165,658,514,1417,453,692,765,680,838,509,320,337,1638,699,665,648,1109,575,666,661,1560,1842,444,514,525,696,744,590,489,706,1784,1425,850,770,517,1231,1179,788,985,601,1732,1558,1852,1534,860,1809,1756,350,408,460,357,393,328,328,1367,963,510,1131,927,321
360,395,995,862,355,211,1114,150,389,462,377,535,206,337,17,1335,396,362,345,806,272,363,358,1257,1539,141,211,222,393,441,287,186,403,1481,1122,547,467,214,928,876,485,682,298,1429,1255,1549,1231,557,1506,1453,47,105,157,54,90,25,25,1064,660,207,828,624,18
1661,1696,2296,2163,1656,1512,2415,1451,1690,1763,1678,1836,1507,1638,1335,1318,1697,1663,1646,2107,1573,1664,1659,2558,2840,1442,1512,1523,1694,1742,1588,1487,1704,2782,2423,1848,1768,1515,2229,2177,1786,1983,1599,2730,2556,2850,2532,1858,2807,2754,1348,1406,1458,1355,1391,1326,1326,2365,1961,1508,2129,1925,1319
722,757,1357,1224,717,573,1476,512,751,824,739,897,568,699,396,1697,379,724,707,1168,634,725,720,1619,1901,503,573,584,755,803,649,548,765,1843,1484,909,829,576,1290,1238,847,1044,660,1791,1617,1911,1593,919,1868,1815,409,467,519,416,452,387,387,1426,1022,569,1190,986,380
688,723,1323,1190,683,539,1442,478,717,790,705,863,534,665,362,1663,724,345,673,1134,600,691,686,1585,1867,469,539,550,721,769,615,514,731,1809,1450,875,795,542,1256,1204,813,1010,626,1757,1583,1877,1559,885,1834,1781,375,433,485,382,418,353,353,1392,988,535,1156,952,346
671,706,1306,1173,666,522,1425,461,700,773,688,846,517,648,345,1646,707,673,328,1117,583,674,669,1568,1850,452,522,533,704,752,598,497,714,1792,1433,858,778,525,1239,1187,796,993,609,1740,1566,1860,1542,868,1817,1764,358,416,468,365,401,336,336,1375,971,518,1139,935,329
1132,1167,1767,1634,1127,983,1886,922,1161,1234,1149,1307,978,1109,806,2107,1168,1134,1117,789,1044,1135,1130,2029,2311,913,983,994,1165,1213,1059,958,1175,2253,1894,1319,1239,986,1700,1648,1257,1454,1070,2201,2027,2321,2003,1329,2278,2225,819,877,929,826,862,797,797,1836,1432,979,1600,1396,790
598,633,1233,1100,593,449,1352,388,627,700,615,773,444,575,272,1573,634,600,583,1044,255,601,596,1495,1777,379,449,460,631,679,525,424,641,1719,1360,785,705,452,1166,1114,723,920,536,1667,1493,1787,1469,795,1744,1691,285,343,395,292,328,263,263,1302,898,445,1066,862,256
689,724,1324,1191,684,540,1443,479,718,791,706,864,535,666,363,1664,725,691,674,1135,601,346,687,1586,1868,470,540,551,722,770,616,515,732,1810,1451,876,796,543,1257,1205,814,1011,627,1758,1584,1878,1560,886,1835,1782,376,434,486,383,419,354,354,1393,989,536,1157,953,347
684,719,1319,1186,679,535,1438,474,713,786,701,859,530,661,358,1659,720,686,669,1130,596,687,341,1581,1863,465,535,546,717,765,611,510,727,1805,1446,871,791,538,1252,1200,809,1006,622,1753,1579,1873,1555,881,1830,1777,371,429,481,378,414,349,349,1388,984,531,1152,948,342
1583,1618,2218,2085,1578,1434,2337,1373,1612,1685,1600,1758,1429,1560,1257,2558,1619,1585,1568,2029,1495,1586,1581,1240,2762,1364,1434,1445,1616,1664,1510,1409,1626,2704,2345,1770,1690,1437,2151,2099,1708,1905,1521,2652,2478,2772,2454,1780,2729,2676,1270,1328,1380,1277,1313,1248,1248,2287,1883,1430,2051,1847,1241
1865,1900,2500,2367,1860,1716,2619,1655,1894,1967,1882,2040,1711,1842,1539,2840,1901,1867,1850,2311,1777,1868,1863,2762,1522,1646,1716,1727,1898,1946,1792,1691,1908,2986,2627,2052,1972,1719,2433,2381,1990,2187,1803,2934,2760,3054,2736,2062,3011,2958,1552,1610,1662,1559,1595,1530,1530,2569,2165,1712,2333,2129,1523
467,502,1102,969,462,318,1221,257,496,569,484,642,313,444,141,1442,503,469,452,913,379,470,465,1364,1646,124,318,329,500,548,394,293,510,1588,1229,654,574,321,1035,983,592,789,405,1536,1362,1656,1338,664,1613,1560,154,212,264,161,197,132,132,1171,767,314,935,731,125
537,572,1172,1039,532,388,1291,327,566,639,554,712,383,514,211,1512,573,539,522,983,449,540,535,1434,1716,318,194,399,570,618,464,363,580,1658,1299,724,644,391,1105,1053,662,859,475,1606,1432,1726,1408,734,1683,1630,224,282,334,231,267,202,202,1241,837,384,1005,801,195
548,583,1183,1050,543,399,1302,338,577,650,565,723,394,525,222,1523,584,550,533,994,460,551,546,1445,1727,329,399,205,581,629,475,374,591,1669,1310,735,655,402,1116,1064,673,870,486,1617,1443,1737,1419,745,1694,1641,235,293,345,242,278,213,213,1252,848,395,1016,812,206
719,754,1354,1221,714,570,1473,509,748,821,736,894,565,696,393,1694,755,721,704,1165,631,722,717,1616,1898,500,570,581,376,800,646,545,762,1840,1481,906,826,573,1287,1235,844,1041,657,1788,1614,1908,1590,916,1865,1812,406,464,516,413,449,384,384,1423,1019,566,1187,983,377
767,802,1402,1269,762,618,1521,557,796,869,784,942,613,744,441,1742,803,769,752,1213,679,770,765,1664,1946,548,618,629,800,424,694,593,810,1888,1529,954,874,621,1335,1283,892,1089,705,1836,1662,1956,1638,964,1913,1860,454,512,564,461,497,432,432,1471,1067,614,1235,1031,425
613,648,1248,1115,608,464,1367,403,642,715,630,788,459,590,287,1588,649,615,598,1059,525,616,611,1510,1792,394,464,475,646,694,270,439,656,1734,1375,800,720,467,1181,1129,738,935,551,1682,1508,1802,1484,810,1759,1706,300,358,410,307,343,278,278,1317,913,460,1081,877,271
512,547,1147,1014,507,363,1266,302,541,614,529,687,358,489,186,1487,548,514,497,958,424,515,510,1409,1691,293,363,374,545,593,439,169,555,1633,1274,699,619,366,1080,1028,637,834,450,1581,1407,1701,1383,709,1658,1605,199,257,309,206,242,177,177,1216,812,359,980,776,170
729,764,1364,1231,724,580,1483,519,758,831,746,904,575,706,403,1704,765,731,714,1175,641,732,727,1626,1908,510,580,591,762,810,656,555,386,1850,1491,916,836,583,1297,1245,854,1051,667,1798,1624,1918,1600,926,1875,1822,416,474,526,423,459,394,394,1433,1029,576,1197,993,387
1807,1842,2442,2309,1802,1658,2561,1597,1836,1909,1824,1982,1653,1784,1481,2782,1843,1809,1792,2253,1719,1810,1805,2704,2986,1588,1658,1669,1840,1888,1734,1633,1850,1464,2569,1994,1914,1661,2375,2323,1932,2129,1745,2876,2702,2996,2678,2004,2953,2900,1494,1552,1604,1501,1537,1472,1472,2511,2107,1654,2275,2071,1465
1448,1483,2083,1950,1443,1299,2202,1238,1477,1550,1465,1623,1294,1425,1122,2423,1484,1450,1433,1894,1360,1451,1446,2345,2627,1229,1299,1310,1481,1529,1375,1274,1491,2569,1105,1635,1555,1302,2016,1964,1573,1770,1386,2517,2343,2637,2319,1645,2594,2541,1135,1193,1245,1142,1178,1113,1113,2152,1748,1295,1916,1712,1106
873,908,1508,1375,868,724,1627,663,902,975,890,1048,719,850,547,1848,909,875,858,1319,785,876,871,1770,2052,654,724,735,906,954,800,699,916,1994,1635,530,980,727,1441,1389,998,1195,811,1942,1768,2062,1744,1070,2019,1966,560,618,670,567,603,538,538,1577,1173,720,1341,1137,531
793,828,1428,1295,788,644,1547,583,822,895,810,968,639,770,467,1768,829,795,778,1239,705,796,791,1690,1972,574,644,655,826,874,720,619,836,1914,1555,980,450,647,1361,1309,918,1115,731,1862,1688,1982,1664,990,1939,1886,480,538,590,487,523,458,458,1497,1093,640,1261,1057,451
540,575,1175,1042,535,391,1294,330,569,642,557,715,386,517,214,1515,576,542,525,986,452,543,538,1437,1719,321,391,402,573,621,467,366,583,1661,1302,727,647,197,1108,1056,665,862,478,1609,1435,1729,1411,737,1686,1633,227,285,337,234,270,205,205,1244,840,387,1008,804,198
1254,1289,1889,1756,1249,1105,2008,1044,1283,1356,1271,1429,1100,1231,928,2229,1290,1256,1239,1700,1166,1257,1252,2151,2433,1035,1105,1116,1287,1335,1181,1080,1297,2375,2016,1441,1361,1108,911,1770,1379,1576,1192,2323,2149,2443,2125,1451,2400,2347,941,999,1051,948,984,919,919,1958,1554,1101,1722,1518,912
1202,1237,1837,1704,1197,1053,1956,992,1231,1304,1219,1377,1048,1179,876,2177,1238,1204,1187,1648,1114,1205,1200,2099,2381,983,1053,1064,1235,1283,1129,1028,1245,2323,1964,1389,1309,1056,1770,859,1327,1524,1140,2271,2097,2391,2073,1399,2348,2295,889,947,999,896,932,867,867,1906,1502,1049,1670,1466,860
811,846,1446,1313,806,662,1565,601,840,913,828,986,657,788,485,1786,847,813,796,1257,723,814,809,1708,1990,592,662,673,844,892,738,637,854,1932,1573,998,918,665,1379,1327,468,1133,749,1880,1706,2000,1682,1008,1957,1904,498,556,608,505,541,476,476,1515,1111,658,1279,1075,469
1008,1043,1643,1510,1003,859,1762,798,1037,1110,1025,1183,854,985,682,1983,1044,1010,993,1454,920,1011,1006,1905,2187,789,859,870,1041,1089,935,834,1051,2129,1770,1195,1115,862,1576,1524,1133,665,946,2077,1903,2197,1879,1205,2154,2101,695,753,805,702,738,673,673,1712,1308,855,1476,1272,666
624,659,1259,1126,619,475,1378,414,653,726,641,799,470,601,298,1599,660,626,609,1070,536,627,622,1521,1803,405,475,486,657,705,551,450,667,1745,1386,811,731,478,1192,1140,749,946,281,1693,1519,1813,1495,821,1770,1717,311,369,421,318,354,289,289,1328,924,471,1092,888,282
1755,1790,2390,2257,1750,1606,2509,1545,1784,1857,1772,1930,1601,1732,1429,2730,1791,1757,1740,2201,1667,1758,1753,2652,2934,1536,1606,1617,1788,1836,1682,1581,1798,2876,2517,1942,1862,1609,2323,2271,1880,2077,1693,1412,2650,2944,2626,1952,2901,2848,1442,1500,1552,1449,1485,1420,1420,2459,2055,1602,2223,2019,1413
1581,1616,2216,2083,1576,1432,2335,1371,1610,1683,1598,1756,1427,1558,1255,2556,1617,1583,1566,2027,1493,1584,1579,2478,2760,1362,1432,1443,1614,1662,1508,1407,1624,2702,2343,1768,1688,1435,2149,2097,1706,1903,1519,2650,1238,2770,2452,1778,2727,2674,1268,1326,1378,1275,1311,1246,1246,2285,1881,1428,2049,1845,1239
1875,1910,2510,2377,1870,1726,2629,1665,1904,1977,1892,2050,1721,1852,1549,2850,1911,1877,1860,2321,1787,1878,1873,2772,3054,1656,1726,1737,1908,1956,1802,1701,1918,2996,2637,2062,1982,1729,2443,2391,2000,2197,1813,2944,2770,1532,2746,2072,3021,2968,1562,1620,1672,1569,1605,1540,1540,2579,2175,1722,2343,2139,1533
1557,1592,2192,2059,1552,1408,2311,1347,1586,1659,1574,1732,1403,1534,1231,2532,1593,1559,1542,2003,1469,1560,1555,2454,2736,1338,1408,1419,1590,1638,1484,1383,1600,2678,2319,1744,1664,1411,2125,2073,1682,1879,1495,2626,2452,2746,1214,1754,2703,2650,1244,1302,1354,1251,1287,1222,1222,2261,1857,1404,2025,1821,1215
883,918,1518,1385,878,734,1637,673,912,985,900,1058,729,860,557,1858,919,885,868,1329,795,886,881,1780,2062,664,734,745,916,964,810,709,926,2004,1645,1070,990,737,1451,1399,1008,1205,821,1952,1778,2072,1754,540,2029,1976,570,628,680,577,613,548,548,1587,1183,730,1351,1147,541
1832,1867,2467,2334,1827,1683,2586,1622,1861,1934,1849,2007,1678,1809,1506,2807,1868,1834,1817,2278,1744,1835,1830,2729,3011,1613,1683,1694,1865,1913,1759,1658,1875,2953,2594,2019,1939,1686,2400,2348,1957,2154,1770,2901,2727,3021,2703,2029,1489,2925,1519,1577,1629,1526,1562,1497,1497,2536,2132,1679,2300,2096,1490
1779,1814,2414,2281,1774,1630,2533,1569,1808,1881,1796,1954,1625,1756,1453,2754,1815,1781,1764,2225,1691,1782,1777,2676,2958,1560,1630,1641,1812,1860,1706,1605,1822,2900,2541,1966,1886,1633,2347,2295,1904,2101,1717,2848,2674,2968,2650,1976,2925,1436,1466,1524,1576,1473,1509,1444,1444,2483,2079,1626,2247,2043,1437
373,408,1008,875,368,224,1127,163,402,475,390,548,219,350,47,1348,409,375,358,819,285,376,371,1270,1552,154,224,235,406,454,300,199,416,1494,1135,560,480,227,941,889,498,695,311,1442,1268,1562,1244,570,1519,1466,30,118,170,67,103,38,38,1077,673,220,841,637,31
431,466,1066,933,426,282,1185,221,460,533,448,606,277,408,105,1406,467,433,416,877,343,434,429,1328,1610,212,282,293,464,512,358,257,474,1552,1193,618,538,285,999,947,556,753,369,1500,1326,1620,1302,628,1577,1524,118,88,228,125,161,96,96,1135,731,278,899,695,89
483,518,1118,985,478,334,1237,273,512,585,500,658,329,460,157,1458,519,485,468,929,395,486,481,1380,1662,264,334,345,516,564,410,309,526,1604,1245,670,590,337,1051,999,608,805,421,1552,1378,1672,1354,680,1629,1576,170,228,140,177,213,148,148,1187,783,330,951,747,141
380,415,1015,882,375,231,1134,170,409,482,397,555,226,357,54,1355,416,382,365,826,292,383,378,1277,1559,161,231,242,413,461,307,206,423,1501,1142,567,487,234,948,896,505,702,318,1449,1275,1569,1251,577,1526,1473,67,125,177,37,110,45,45,1084,680,227,848,644,38
416,451,1051,918,411,267,1170,206,445,518,433,591,262,393,90,1391,452,418,401,862,328,419,414,1313,1595,197,267,278,449,497,343,242,459,1537,1178,603,523,270,984,932,541,738,354,1485,1311,1605,1287,613,1562,1509,103,161,213,110,73,81,81,1120,716,263,884,680,74
351,386,986,853,346,202,1105,141,380,453,368,526,197,328,25,1326,387,353,336,797,263,354,349,1248,1530,132,202,213,384,432,278,177,394,1472,1113,538,458,205,919,867,476,673,289,1420,1246,1540,1222,548,1497,1444,38,96,148,45,81,8,16,1055,651,198,819,615,9
351,386,986,853,346,202,1105,141,380,453,368,526,197,328,25,1326,387,353,336,797,263,354,349,1248,1530,132,202,213,384,432,278,177,394,1472,1113,538,458,205,919,867,476,673,289,1420,1246,1540,1222,548,1497,1444,38,96,148,45,81,16,8,1055,651,198,819,615,9
1390,1425,2025,1892,1385,1241,2144,1180,1419,1492,1407,1565,1236,1367,1064,2365,1426,1392,1375,1836,1302,1393,1388,2287,2569,1171,1241,1252,1423,1471,1317,1216,1433,2511,2152,1577,1497,1244,1958,1906,1515,1712,1328,2459,2285,2579,2261,1587,2536,2483,1077,1135,1187,1084,1120,1055,1055,1047,1690,1237,1858,1654,1048
986,1021,1621,1488,981,837,1740,776,1015,1088,1003,1161,832,963,660,1961,1022,988,971,1432,898,989,984,1883,2165,767,837,848,1019,1067,913,812,1029,2107,1748,1173,1093,840,1554,1502,1111,1308,924,2055,1881,2175,1857,1183,2132,2079,673,731,783,680,716,651,651,1690,643,833,1454,1250,644
533,568,1168,1035,528,384,1287,323,562,635,550,708,379,510,207,1508,569,535,518,979,445,536,531,1430,1712,314,384,395,566,614,460,359,576,1654,1295,720,640,387,1101,1049,658,855,471,1602,1428,1722,1404,730,1679,1626,220,278,330,227,263,198,198,1237,833,190,1001,797,191
1154,1189,1789,1656,1149,1005,1908,944,1183,1256,1171,1329,1000,1131,828,2129,1190,1156,1139,1600,1066,1157,1152,2051,2333,935,1005,1016,1187,1235,1081,980,1197,2275,1916,1341,1261,1008,1722,1670,1279,1476,1092,2223,2049,2343,2025,1351,2300,2247,841,899,951,848,884,819,819,1858,1454,1001,811,1418,812
950,985,1585,1452,945,801,1704,740,979,1052,967,1125,796,927,624,1925,986,952,935,1396,862,953,948,1847,2129,731,801,812,983,1031,877,776,993,2071,1712,1137,1057,804,1518,1466,1075,1272,888,2019,1845,2139,1821,1147,2096,2043,637,695,747,644,680,615,615,1654,1250,797,1418,607,608
344,379,979,846,339,195,1098,134,373,446,361,519,190,321,18,1319,380,346,329,790,256,347,342,1241,1523,125,195,206,377,425,271,170,387,1465,1106,531,451,198,912,860,469,666,282,1413,1239,1533,1215,541,1490,1437,31,89,141,38,74,9,9,1048,644,191,812,608,1
