1.00000000,0.18543259,0.04537162,0.14897579,0.09347457,0.05376689,0.00802574,0.01437949
0.18543259,1.00000000,0.07784153,0.12295210,0.11459569,0.03088685,0.00696145,0.01187251
0.04537162,0.07784153,1.00000000,0.03810947,0.05535345,0.01334263,0.00640054,0.01312066
0.14897579,0.12295210,0.03810947,1.00000000,0.07179437,0.02816556,0.01014232,0.02119036
0.09347457,0.11459569,0.05535345,0.07179437,1.00000000,0.03428491,0.00353426,0.00931548
0.05376689,0.03088685,0.01334263,0.02816556,0.03428491,1.00000000,0.00998390,0.01938611
0.00802574,0.00696145,0.00640054,0.01014232,0.00353426,0.00998390,1.00000000,0.02486679
0.01437949,0.01187251,0.01312066,0.02119036,0.00931548,0.01938611,0.02486679,1.00000000
