8005,15516,26764,27078,14537,11467,28936,11539,14109,16780,16647,17672,12056,13862,8063,30100,15695,14613,15626,22646,12109,15612,13586,34144,42198,12670,11049,11500,19563,16313,12066,11583,16622,33235,30058,21823,14870,12047,24968,24254,15509,18362,15401,41580,38809,48126,36848,18965,36836,37976,9257,10207,11677,10177,9941,9125,9201,32243,21809,14771,30883,21316,8036
15516,7511,26270,26584,14043,10973,28442,11045,13615,16286,16153,17178,11562,13368,7569,29606,15201,14119,15132,22152,11615,15118,13092,33650,41704,12176,10555,11006,19069,15819,11572,11089,16128,32741,29564,21329,14376,11553,24474,23760,15015,17868,14907,41086,38315,47632,36354,18471,36342,37482,8763,9713,11183,9683,9447,8631,8707,31749,21315,14277,30389,20822,7542
26764,26270,18759,37832,25291,22221,39690,22293,24863,27534,27401,28426,22810,24616,18817,40854,26449,25367,26380,33400,22863,26366,24340,44898,52952,23424,21803,22254,30317,27067,22820,22337,27376,43989,40812,32577,25624,22801,35722,35008,26263,29116,26155,52334,49563,58880,47602,29719,47590,48730,20011,20961,22431,20931,20695,19879,19955,42997,32563,25525,41637,32070,18790
27078,26584,37832,19073,25605,22535,40004,22607,25177,27848,27715,28740,23124,24930,19131,41168,26763,25681,26694,33714,23177,26680,24654,45212,53266,23738,22117,22568,30631,27381,23134,22651,27690,44303,41126,32891,25938,23115,36036,35322,26577,29430,26469,52648,49877,59194,47916,30033,47904,49044,20325,21275,22745,21245,21009,20193,20269,43311,32877,25839,41951,32384,19104
14537,14043,25291,25605,6532,9994,27463,10066,12636,15307,15174,16199,10583,12389,6590,28627,14222,13140,14153,21173,10636,14139,12113,32671,40725,11197,9576,10027,18090,14840,10593,10110,15149,31762,28585,20350,13397,10574,23495,22781,14036,16889,13928,40107,37336,46653,35375,17492,35363,36503,7784,8734,10204,8704,8468,7652,7728,30770,20336,13298,29410,19843,6563
11467,10973,22221,22535,9994,3462,24393,6996,9566,12237,12104,13129,7513,9319,3520,25557,11152,10070,11083,18103,7566,11069,9043,29601,37655,8127,6506,6957,15020,11770,7523,7040,12079,28692,25515,17280,10327,7504,20425,19711,10966,13819,10858,37037,34266,43583,32305,14422,32293,33433,4714,5664,7134,5634,5398,4582,4658,27700,17266,10228,26340,16773,3493
28936,28442,39690,40004,27463,24393,20931,24465,27035,29706,29573,30598,24982,26788,20989,43026,28621,27539,28552,35572,25035,28538,26512,47070,55124,25596,23975,24426,32489,29239,24992,24509,29548,46161,42984,34749,27796,24973,37894,37180,28435,31288,28327,54506,51735,61052,49774,31891,49762,50902,22183,23133,24603,23103,22867,22051,22127,45169,34735,27697,43809,34242,20962
11539,11045,22293,22607,10066,6996,24465,3534,9638,12309,12176,13201,7585,9391,3592,25629,11224,10142,11155,18175,7638,11141,9115,29673,37727,8199,6578,7029,15092,11842,7595,7112,12151,28764,25587,17352,10399,7576,20497,19783,11038,13891,10930,37109,34338,43655,32377,14494,32365,33505,4786,5736,7206,5706,5470,4654,4730,27772,17338,10300,26412,16845,3565
14109,13615,24863,25177,12636,9566,27035,9638,6104,14879,14746,15771,10155,11961,6162,28199,13794,12712,13725,20745,10208,13711,11685,32243,40297,10769,9148,9599,17662,14412,10165,9682,14721,31334,28157,19922,12969,10146,23067,22353,13608,16461,13500,39679,36908,46225,34947,17064,34935,36075,7356,8306,9776,8276,8040,7224,7300,30342,19908,12870,28982,19415,6135
16780,16286,27534,27848,15307,12237,29706,12309,14879,8775,17417,18442,12826,14632,8833,30870,16465,15383,16396,23416,12879,16382,14356,34914,42968,13440,11819,12270,20333,17083,12836,12353,17392,34005,30828,22593,15640,12817,25738,25024,16279,19132,16171,42350,39579,48896,37618,19735,37606,38746,10027,10977,12447,10947,10711,9895,9971,33013,22579,15541,31653,22086,8806
16647,16153,27401,27715,15174,12104,29573,12176,14746,17417,8642,18309,12693,14499,8700,30737,16332,15250,16263,23283,12746,16249,14223,34781,42835,13307,11686,12137,20200,16950,12703,12220,17259,33872,30695,22460,15507,12684,25605,24891,16146,18999,16038,42217,39446,48763,37485,19602,37473,38613,9894,10844,12314,10814,10578,9762,9838,32880,22446,15408,31520,21953,8673
17672,17178,28426,28740,16199,13129,30598,13201,15771,18442,18309,9667,13718,15524,9725,31762,17357,16275,17288,24308,13771,17274,15248,35806,43860,14332,12711,13162,21225,17975,13728,13245,18284,34897,31720,23485,16532,13709,26630,25916,17171,20024,17063,43242,40471,49788,38510,20627,38498,39638,10919,11869,13339,11839,11603,10787,10863,33905,23471,16433,32545,22978,9698
12056,11562,22810,23124,10583,7513,24982,7585,10155,12826,12693,13718,4051,9908,4109,26146,11741,10659,11672,18692,8155,11658,9632,30190,38244,8716,7095,7546,15609,12359,8112,7629,12668,29281,26104,17869,10916,8093,21014,20300,11555,14408,11447,37626,34855,44172,32894,15011,32882,34022,5303,6253,7723,6223,5987,5171,5247,28289,17855,10817,26929,17362,4082
13862,13368,24616,24930,12389,9319,26788,9391,11961,14632,14499,15524,9908,5857,5915,27952,13547,12465,13478,20498,9961,13464,11438,31996,40050,10522,8901,9352,17415,14165,9918,9435,14474,31087,27910,19675,12722,9899,22820,22106,13361,16214,13253,39432,36661,45978,34700,16817,34688,35828,7109,8059,9529,8029,7793,6977,7053,30095,19661,12623,28735,19168,5888
8063,7569,18817,19131,6590,3520,20989,3592,6162,8833,8700,9725,4109,5915,58,22153,7748,6666,7679,14699,4162,7665,5639,26197,34251,4723,3102,3553,11616,8366,4119,3636,8675,25288,22111,13876,6923,4100,17021,16307,7562,10415,7454,33633,30862,40179,28901,11018,28889,30029,1310,2260,3730,2230,1994,1178,1254,24296,13862,6824,22936,13369,89
30100,29606,40854,41168,28627,25557,43026,25629,28199,30870,30737,31762,26146,27952,22153,22095,29785,28703,29716,36736,26199,29702,27676,48234,56288,26760,25139,25590,33653,30403,26156,25673,30712,47325,44148,35913,28960,26137,39058,38344,29599,32452,29491,55670,52899,62216,50938,33055,50926,52066,23347,24297,25767,24267,24031,23215,23291,46333,35899,28861,44973,35406,22126
15695,15201,26449,26763,14222,11152,28621,11224,13794,16465,16332,17357,11741,13547,7748,29785,7690,14298,15311,22331,11794,15297,13271,33829,41883,12355,10734,11185,19248,15998,11751,11268,16307,32920,29743,21508,14555,11732,24653,23939,15194,18047,15086,41265,38494,47811,36533,18650,36521,37661,8942,9892,11362,9862,9626,8810,8886,31928,21494,14456,30568,21001,7721
14613,14119,25367,25681,13140,10070,27539,10142,12712,15383,15250,16275,10659,12465,6666,28703,14298,6608,14229,21249,10712,14215,12189,32747,40801,11273,9652,10103,18166,14916,10669,10186,15225,31838,28661,20426,13473,10650,23571,22857,14112,16965,14004,40183,37412,46729,35451,17568,35439,36579,7860,8810,10280,8780,8544,7728,7804,30846,20412,13374,29486,19919,6639
15626,15132,26380,26694,14153,11083,28552,11155,13725,16396,16263,17288,11672,13478,7679,29716,15311,14229,7621,22262,11725,15228,13202,33760,41814,12286,10665,11116,19179,15929,11682,11199,16238,32851,29674,21439,14486,11663,24584,23870,15125,17978,15017,41196,38425,47742,36464,18581,36452,37592,8873,9823,11293,9793,9557,8741,8817,31859,21425,14387,30499,20932,7652
22646,22152,33400,33714,21173,18103,35572,18175,20745,23416,23283,24308,18692,20498,14699,36736,22331,21249,22262,14641,18745,22248,20222,40780,48834,19306,17685,18136,26199,22949,18702,18219,23258,39871,36694,28459,21506,18683,31604,30890,22145,24998,22037,48216,45445,54762,43484,25601,43472,44612,15893,16843,18313,16813,16577,15761,15837,38879,28445,21407,37519,27952,14672
12109,11615,22863,23177,10636,7566,25035,7638,10208,12879,12746,13771,8155,9961,4162,26199,11794,10712,11725,18745,4104,11711,9685,30243,38297,8769,7148,7599,15662,12412,8165,7682,12721,29334,26157,17922,10969,8146,21067,20353,11608,14461,11500,37679,34908,44225,32947,15064,32935,34075,5356,6306,7776,6276,6040,5224,5300,28342,17908,10870,26982,17415,4135
15612,15118,26366,26680,14139,11069,28538,11141,13711,16382,16249,17274,11658,13464,7665,29702,15297,14215,15228,22248,11711,7607,13188,33746,41800,12272,10651,11102,19165,15915,11668,11185,16224,32837,29660,21425,14472,11649,24570,23856,15111,17964,15003,41182,38411,47728,36450,18567,36438,37578,8859,9809,11279,9779,9543,8727,8803,31845,21411,14373,30485,20918,7638
13586,13092,24340,24654,12113,9043,26512,9115,11685,14356,14223,15248,9632,11438,5639,27676,13271,12189,13202,20222,9685,13188,5581,31720,39774,10246,8625,9076,17139,13889,9642,9159,14198,30811,27634,19399,12446,9623,22544,21830,13085,15938,12977,39156,36385,45702,34424,16541,34412,35552,6833,7783,9253,7753,7517,6701,6777,29819,19385,12347,28459,18892,5612
34144,33650,44898,45212,32671,29601,47070,29673,32243,34914,34781,35806,30190,31996,26197,48234,33829,32747,33760,40780,30243,33746,31720,26139,60332,30804,29183,29634,37697,34447,30200,29717,34756,51369,48192,39957,33004,30181,43102,42388,33643,36496,33535,59714,56943,66260,54982,37099,54970,56110,27391,28341,29811,28311,28075,27259,27335,50377,39943,32905,49017,39450,26170
42198,41704,52952,53266,40725,37655,55124,37727,40297,42968,42835,43860,38244,40050,34251,56288,41883,40801,41814,48834,38297,41800,39774,60332,34193,38858,37237,37688,45751,42501,38254,37771,42810,59423,56246,48011,41058,38235,51156,50442,41697,44550,41589,67768,64997,74314,63036,45153,63024,64164,35445,36395,37865,36365,36129,35313,35389,58431,47997,40959,57071,47504,34224
12670,12176,23424,23738,11197,8127,25596,8199,10769,13440,13307,14332,8716,10522,4723,26760,12355,11273,12286,19306,8769,12272,10246,30804,38858,4665,7709,8160,16223,12973,8726,8243,13282,29895,26718,18483,11530,8707,21628,20914,12169,15022,12061,38240,35469,44786,33508,15625,33496,34636,5917,6867,8337,6837,6601,5785,5861,28903,18469,11431,27543,17976,4696
11049,10555,21803,22117,9576,6506,23975,6578,9148,11819,11686,12711,7095,8901,3102,25139,10734,9652,10665,17685,7148,10651,8625,29183,37237,7709,3044,6539,14602,11352,7105,6622,11661,28274,25097,16862,9909,7086,20007,19293,10548,13401,10440,36619,33848,43165,31887,14004,31875,33015,4296,5246,6716,5216,4980,4164,4240,27282,16848,9810,25922,16355,3075
11500,11006,22254,22568,10027,6957,24426,7029,9599,12270,12137,13162,7546,9352,3553,25590,11185,10103,11116,18136,7599,11102,9076,29634,37688,8160,6539,3495,15053,11803,7556,7073,12112,28725,25548,17313,10360,7537,20458,19744,10999,13852,10891,37070,34299,43616,32338,14455,32326,33466,4747,5697,7167,5667,5431,4615,4691,27733,17299,10261,26373,16806,3526
19563,19069,30317,30631,18090,15020,32489,15092,17662,20333,20200,21225,15609,17415,11616,33653,19248,18166,19179,26199,15662,19165,17139,37697,45751,16223,14602,15053,11558,19866,15619,15136,20175,36788,33611,25376,18423,15600,28521,27807,19062,21915,18954,45133,42362,51679,40401,22518,40389,41529,12810,13760,15230,13730,13494,12678,12754,35796,25362,18324,34436,24869,11589
16313,15819,27067,27381,14840,11770,29239,11842,14412,17083,16950,17975,12359,14165,8366,30403,15998,14916,15929,22949,12412,15915,13889,34447,42501,12973,11352,11803,19866,8308,12369,11886,16925,33538,30361,22126,15173,12350,25271,24557,15812,18665,15704,41883,39112,48429,37151,19268,37139,38279,9560,10510,11980,10480,10244,9428,9504,32546,22112,15074,31186,21619,8339
12066,11572,22820,23134,10593,7523,24992,7595,10165,12836,12703,13728,8112,9918,4119,26156,11751,10669,11682,18702,8165,11668,9642,30200,38254,8726,7105,7556,15619,12369,4061,7639,12678,29291,26114,17879,10926,8103,21024,20310,11565,14418,11457,37636,34865,44182,32904,15021,32892,34032,5313,6263,7733,6233,5997,5181,5257,28299,17865,10827,26939,17372,4092
11583,11089,22337,22651,10110,7040,24509,7112,9682,12353,12220,13245,7629,9435,3636,25673,11268,10186,11199,18219,7682,11185,9159,29717,37771,8243,6622,7073,15136,11886,7639,3578,12195,28808,25631,17396,10443,7620,20541,19827,11082,13935,10974,37153,34382,43699,32421,14538,32409,33549,4830,5780,7250,5750,5514,4698,4774,27816,17382,10344,26456,16889,3609
16622,16128,27376,27690,15149,12079,29548,12151,14721,17392,17259,18284,12668,14474,8675,30712,16307,15225,16238,23258,12721,16224,14198,34756,42810,13282,11661,12112,20175,16925,12678,12195,8617,33847,30670,22435,15482,12659,25580,24866,16121,18974,16013,42192,39421,48738,37460,19577,37448,38588,9869,10819,12289,10789,10553,9737,9813,32855,22421,15383,31495,21928,8648
33235,32741,43989,44303,31762,28692,46161,28764,31334,34005,33872,34897,29281,31087,25288,47325,32920,31838,32851,39871,29334,32837,30811,51369,59423,29895,28274,28725,36788,33538,29291,28808,33847,25230,47283,39048,32095,29272,42193,41479,32734,35587,32626,58805,56034,65351,54073,36190,54061,55201,26482,27432,28902,27402,27166,26350,26426,49468,39034,31996,48108,38541,25261
30058,29564,40812,41126,28585,25515,42984,25587,28157,30828,30695,31720,26104,27910,22111,44148,29743,28661,29674,36694,26157,29660,27634,48192,56246,26718,25097,25548,33611,30361,26114,25631,30670,47283,22053,35871,28918,26095,39016,38302,29557,32410,29449,55628,52857,62174,50896,33013,50884,52024,23305,24255,25725,24225,23989,23173,23249,46291,35857,28819,44931,35364,22084
21823,21329,32577,32891,20350,17280,34749,17352,19922,22593,22460,23485,17869,19675,13876,35913,21508,20426,21439,28459,17922,21425,19399,39957,48011,18483,16862,17313,25376,22126,17879,17396,22435,39048,35871,13818,20683,17860,30781,30067,21322,24175,21214,47393,44622,53939,42661,24778,42649,43789,15070,16020,17490,15990,15754,14938,15014,38056,27622,20584,36696,27129,13849
14870,14376,25624,25938,13397,10327,27796,10399,12969,15640,15507,16532,10916,12722,6923,28960,14555,13473,14486,21506,10969,14472,12446,33004,41058,11530,9909,10360,18423,15173,10926,10443,15482,32095,28918,20683,6865,10907,23828,23114,14369,17222,14261,40440,37669,46986,35708,17825,35696,36836,8117,9067,10537,9037,8801,7985,8061,31103,20669,13631,29743,20176,6896
12047,11553,22801,23115,10574,7504,24973,7576,10146,12817,12684,13709,8093,9899,4100,26137,11732,10650,11663,18683,8146,11649,9623,30181,38235,8707,7086,7537,15600,12350,8103,7620,12659,29272,26095,17860,10907,4042,21005,20291,11546,14399,11438,37617,34846,44163,32885,15002,32873,34013,5294,6244,7714,6214,5978,5162,5238,28280,17846,10808,26920,17353,4073
24968,24474,35722,36036,23495,20425,37894,20497,23067,25738,25605,26630,21014,22820,17021,39058,24653,23571,24584,31604,21067,24570,22544,43102,51156,21628,20007,20458,28521,25271,21024,20541,25580,42193,39016,30781,23828,21005,16963,33212,24467,27320,24359,50538,47767,57084,45806,27923,45794,46934,18215,19165,20635,19135,18899,18083,18159,41201,30767,23729,39841,30274,16994
24254,23760,35008,35322,22781,19711,37180,19783,22353,25024,24891,25916,20300,22106,16307,38344,23939,22857,23870,30890,20353,23856,21830,42388,50442,20914,19293,19744,27807,24557,20310,19827,24866,41479,38302,30067,23114,20291,33212,16249,23753,26606,23645,49824,47053,56370,45092,27209,45080,46220,17501,18451,19921,18421,18185,17369,17445,40487,30053,23015,39127,29560,16280
15509,15015,26263,26577,14036,10966,28435,11038,13608,16279,16146,17171,11555,13361,7562,29599,15194,14112,15125,22145,11608,15111,13085,33643,41697,12169,10548,10999,19062,15812,11565,11082,16121,32734,29557,21322,14369,11546,24467,23753,7504,17861,14900,41079,38308,47625,36347,18464,36335,37475,8756,9706,11176,9676,9440,8624,8700,31742,21308,14270,30382,20815,7535
18362,17868,29116,29430,16889,13819,31288,13891,16461,19132,18999,20024,14408,16214,10415,32452,18047,16965,17978,24998,14461,17964,15938,36496,44550,15022,13401,13852,21915,18665,14418,13935,18974,35587,32410,24175,17222,14399,27320,26606,17861,10357,17753,43932,41161,50478,39200,21317,39188,40328,11609,12559,14029,12529,12293,11477,11553,34595,24161,17123,33235,23668,10388
15401,14907,26155,26469,13928,10858,28327,10930,13500,16171,16038,17063,11447,13253,7454,29491,15086,14004,15017,22037,11500,15003,12977,33535,41589,12061,10440,10891,18954,15704,11457,10974,16013,32626,29449,21214,14261,11438,24359,23645,14900,17753,7396,40971,38200,47517,36239,18356,36227,37367,8648,9598,11068,9568,9332,8516,8592,31634,21200,14162,30274,20707,7427
41580,41086,52334,52648,40107,37037,54506,37109,39679,42350,42217,43242,37626,39432,33633,55670,41265,40183,41196,48216,37679,41182,39156,59714,67768,38240,36619,37070,45133,41883,37636,37153,42192,58805,55628,47393,40440,37617,50538,49824,41079,43932,40971,33575,64379,73696,62418,44535,62406,63546,34827,35777,37247,35747,35511,34695,34771,57813,47379,40341,56453,46886,33606
38809,38315,49563,49877,37336,34266,51735,34338,36908,39579,39446,40471,34855,36661,30862,52899,38494,37412,38425,45445,34908,38411,36385,56943,64997,35469,33848,34299,42362,39112,34865,34382,39421,56034,52857,44622,37669,34846,47767,47053,38308,41161,38200,64379,30804,70925,59647,41764,59635,60775,32056,33006,34476,32976,32740,31924,32000,55042,44608,37570,53682,44115,30835
48126,47632,58880,59194,46653,43583,61052,43655,46225,48896,48763,49788,44172,45978,40179,62216,47811,46729,47742,54762,44225,47728,45702,66260,74314,44786,43165,43616,51679,48429,44182,43699,48738,65351,62174,53939,46986,44163,57084,56370,47625,50478,47517,73696,70925,40121,68964,51081,68952,70092,41373,42323,43793,42293,42057,41241,41317,64359,53925,46887,62999,53432,40152
36848,36354,47602,47916,35375,32305,49774,32377,34947,37618,37485,38510,32894,34700,28901,50938,36533,35451,36464,43484,32947,36450,34424,54982,63036,33508,31887,32338,40401,37151,32904,32421,37460,54073,50896,42661,35708,32885,45806,45092,36347,39200,36239,62418,59647,68964,28843,39803,57674,58814,30095,31045,32515,31015,30779,29963,30039,53081,42647,35609,51721,42154,28874
18965,18471,29719,30033,17492,14422,31891,14494,17064,19735,19602,20627,15011,16817,11018,33055,18650,17568,18581,25601,15064,18567,16541,37099,45153,15625,14004,14455,22518,19268,15021,14538,19577,36190,33013,24778,17825,15002,27923,27209,18464,21317,18356,44535,41764,51081,39803,10960,39791,40931,12212,13162,14632,13132,12896,12080,12156,35198,24764,17726,33838,24271,10991
36836,36342,47590,47904,35363,32293,49762,32365,34935,37606,37473,38498,32882,34688,28889,50926,36521,35439,36452,43472,32935,36438,34412,54970,63024,33496,31875,32326,40389,37139,32892,32409,37448,54061,50884,42649,35696,32873,45794,45080,36335,39188,36227,62406,59635,68952,57674,39791,28831,58802,30083,31033,32503,31003,30767,29951,30027,53069,42635,35597,51709,42142,28862
37976,37482,48730,49044,36503,33433,50902,33505,36075,38746,38613,39638,34022,35828,30029,52066,37661,36579,37592,44612,34075,37578,35552,56110,64164,34636,33015,33466,41529,38279,34032,33549,38588,55201,52024,43789,36836,34013,46934,46220,37475,40328,37367,63546,60775,70092,58814,40931,58802,29971,31223,32173,33643,32143,31907,31091,31167,54209,43775,36737,52849,43282,30002
9257,8763,20011,20325,7784,4714,22183,4786,7356,10027,9894,10919,5303,7109,1310,23347,8942,7860,8873,15893,5356,8859,6833,27391,35445,5917,4296,4747,12810,9560,5313,4830,9869,26482,23305,15070,8117,5294,18215,17501,8756,11609,8648,34827,32056,41373,30095,12212,30083,31223,1252,3454,4924,3424,3188,2372,2448,25490,15056,8018,24130,14563,1283
10207,9713,20961,21275,8734,5664,23133,5736,8306,10977,10844,11869,6253,8059,2260,24297,9892,8810,9823,16843,6306,9809,7783,28341,36395,6867,5246,5697,13760,10510,6263,5780,10819,27432,24255,16020,9067,6244,19165,18451,9706,12559,9598,35777,33006,42323,31045,13162,31033,32173,3454,2202,5874,4374,4138,3322,3398,26440,16006,8968,25080,15513,2233
11677,11183,22431,22745,10204,7134,24603,7206,9776,12447,12314,13339,7723,9529,3730,25767,11362,10280,11293,18313,7776,11279,9253,29811,37865,8337,6716,7167,15230,11980,7733,7250,12289,28902,25725,17490,10537,7714,20635,19921,11176,14029,11068,37247,34476,43793,32515,14632,32503,33643,4924,5874,3672,5844,5608,4792,4868,27910,17476,10438,26550,16983,3703
10177,9683,20931,21245,8704,5634,23103,5706,8276,10947,10814,11839,6223,8029,2230,24267,9862,8780,9793,16813,6276,9779,7753,28311,36365,6837,5216,5667,13730,10480,6233,5750,10789,27402,24225,15990,9037,6214,19135,18421,9676,12529,9568,35747,32976,42293,31015,13132,31003,32143,3424,4374,5844,2172,4108,3292,3368,26410,15976,8938,25050,15483,2203
9941,9447,20695,21009,8468,5398,22867,5470,8040,10711,10578,11603,5987,7793,1994,24031,9626,8544,9557,16577,6040,9543,7517,28075,36129,6601,4980,5431,13494,10244,5997,5514,10553,27166,23989,15754,8801,5978,18899,18185,9440,12293,9332,35511,32740,42057,30779,12896,30767,31907,3188,4138,5608,4108,1936,3056,3132,26174,15740,8702,24814,15247,1967
9125,8631,19879,20193,7652,4582,22051,4654,7224,9895,9762,10787,5171,6977,1178,23215,8810,7728,8741,15761,5224,8727,6701,27259,35313,5785,4164,4615,12678,9428,5181,4698,9737,26350,23173,14938,7985,5162,18083,17369,8624,11477,8516,34695,31924,41241,29963,12080,29951,31091,2372,3322,4792,3292,3056,1120,2316,25358,14924,7886,23998,14431,1151
9201,8707,19955,20269,7728,4658,22127,4730,7300,9971,9838,10863,5247,7053,1254,23291,8886,7804,8817,15837,5300,8803,6777,27335,35389,5861,4240,4691,12754,9504,5257,4774,9813,26426,23249,15014,8061,5238,18159,17445,8700,11553,8592,34771,32000,41317,30039,12156,30027,31167,2448,3398,4868,3368,3132,2316,1196,25434,15000,7962,24074,14507,1227
32243,31749,42997,43311,30770,27700,45169,27772,30342,33013,32880,33905,28289,30095,24296,46333,31928,30846,31859,38879,28342,31845,29819,50377,58431,28903,27282,27733,35796,32546,28299,27816,32855,49468,46291,38056,31103,28280,41201,40487,31742,34595,31634,57813,55042,64359,53081,35198,53069,54209,25490,26440,27910,26410,26174,25358,25434,24238,38042,31004,47116,37549,24269
21809,21315,32563,32877,20336,17266,34735,17338,19908,22579,22446,23471,17855,19661,13862,35899,21494,20412,21425,28445,17908,21411,19385,39943,47997,18469,16848,17299,25362,22112,17865,17382,22421,39034,35857,27622,20669,17846,30767,30053,21308,24161,21200,47379,44608,53925,42647,24764,42635,43775,15056,16006,17476,15976,15740,14924,15000,38042,13804,20570,36682,27115,13835
14771,14277,25525,25839,13298,10228,27697,10300,12870,15541,15408,16433,10817,12623,6824,28861,14456,13374,14387,21407,10870,14373,12347,32905,40959,11431,9810,10261,18324,15074,10827,10344,15383,31996,28819,20584,13631,10808,23729,23015,14270,17123,14162,40341,37570,46887,35609,17726,35597,36737,8018,8968,10438,8938,8702,7886,7962,31004,20570,6766,29644,20077,6797
30883,30389,41637,41951,29410,26340,43809,26412,28982,31653,31520,32545,26929,28735,22936,44973,30568,29486,30499,37519,26982,30485,28459,49017,57071,27543,25922,26373,34436,31186,26939,26456,31495,48108,44931,36696,29743,26920,39841,39127,30382,33235,30274,56453,53682,62999,51721,33838,51709,52849,24130,25080,26550,25050,24814,23998,24074,47116,36682,29644,22878,36189,22909
21316,20822,32070,32384,19843,16773,34242,16845,19415,22086,21953,22978,17362,19168,13369,35406,21001,19919,20932,27952,17415,20918,18892,39450,47504,17976,16355,16806,24869,21619,17372,16889,21928,38541,35364,27129,20176,17353,30274,29560,20815,23668,20707,46886,44115,53432,42154,24271,42142,43282,14563,15513,16983,15483,15247,14431,14507,37549,27115,20077,36189,13311,13342
8036,7542,18790,19104,6563,3493,20962,3565,6135,8806,8673,9698,4082,5888,89,22126,7721,6639,7652,14672,4135,7638,5612,26170,34224,4696,3075,3526,11589,8339,4092,3609,8648,25261,22084,13849,6896,4073,16994,16280,7535,10388,7427,33606,30835,40152,28874,10991,28862,30002,1283,2233,3703,2203,1967,1151,1227,24269,13835,6797,22909,13342,31
