156,276,428,320,231,202,512,187,207,222,283,316,217,254,160,531,239,215,230,343,198,229,254,485,373,197,200,203,243,232,187,241,241,349,297,278,247,175,288,576,250,232,190,604,417,481,487,264,458,443,162,171,190,178,172,161,161,458,295,188,385,348,156
276,120,392,284,195,166,476,151,171,186,247,280,181,218,124,495,203,179,194,307,162,193,218,449,337,161,164,167,207,196,151,205,205,313,261,242,211,139,252,540,214,196,154,568,381,445,451,228,422,407,126,135,154,142,136,125,125,422,259,152,349,312,120
428,392,272,436,347,318,628,303,323,338,399,432,333,370,276,647,355,331,346,459,314,345,370,601,489,313,316,319,359,348,303,357,357,465,413,394,363,291,404,692,366,348,306,720,533,597,603,380,574,559,278,287,306,294,288,277,277,574,411,304,501,464,272
320,284,436,164,239,210,520,195,215,230,291,324,225,262,168,539,247,223,238,351,206,237,262,493,381,205,208,211,251,240,195,249,249,357,305,286,255,183,296,584,258,240,198,612,425,489,495,272,466,451,170,179,198,186,180,169,169,466,303,196,393,356,164
231,195,347,239,75,121,431,106,126,141,202,235,136,173,79,450,158,134,149,262,117,148,173,404,292,116,119,122,162,151,106,160,160,268,216,197,166,94,207,495,169,151,109,523,336,400,406,183,377,362,81,90,109,97,91,80,80,377,214,107,304,267,75
202,166,318,210,121,46,402,77,97,112,173,206,107,144,50,421,129,105,120,233,88,119,144,375,263,87,90,93,133,122,77,131,131,239,187,168,137,65,178,466,140,122,80,494,307,371,377,154,348,333,52,61,80,68,62,51,51,348,185,78,275,238,46
512,476,628,520,431,402,356,387,407,422,483,516,417,454,360,731,439,415,430,543,398,429,454,685,573,397,400,403,443,432,387,441,441,549,497,478,447,375,488,776,450,432,390,804,617,681,687,464,658,643,362,371,390,378,372,361,361,658,495,388,585,548,356
187,151,303,195,106,77,387,31,82,97,158,191,92,129,35,406,114,90,105,218,73,104,129,360,248,72,75,78,118,107,62,116,116,224,172,153,122,50,163,451,125,107,65,479,292,356,362,139,333,318,37,46,65,53,47,36,36,333,170,63,260,223,31
207,171,323,215,126,97,407,82,51,117,178,211,112,149,55,426,134,110,125,238,93,124,149,380,268,92,95,98,138,127,82,136,136,244,192,173,142,70,183,471,145,127,85,499,312,376,382,159,353,338,57,66,85,73,67,56,56,353,190,83,280,243,51
222,186,338,230,141,112,422,97,117,66,193,226,127,164,70,441,149,125,140,253,108,139,164,395,283,107,110,113,153,142,97,151,151,259,207,188,157,85,198,486,160,142,100,514,327,391,397,174,368,353,72,81,100,88,82,71,71,368,205,98,295,258,66
283,247,399,291,202,173,483,158,178,193,127,287,188,225,131,502,210,186,201,314,169,200,225,456,344,168,171,174,214,203,158,212,212,320,268,249,218,146,259,547,221,203,161,575,388,452,458,235,429,414,133,142,161,149,143,132,132,429,266,159,356,319,127
316,280,432,324,235,206,516,191,211,226,287,160,221,258,164,535,243,219,234,347,202,233,258,489,377,201,204,207,247,236,191,245,245,353,301,282,251,179,292,580,254,236,194,608,421,485,491,268,462,447,166,175,194,182,176,165,165,462,299,192,389,352,160
217,181,333,225,136,107,417,92,112,127,188,221,61,159,65,436,144,120,135,248,103,134,159,390,278,102,105,108,148,137,92,146,146,254,202,183,152,80,193,481,155,137,95,509,322,386,392,169,363,348,67,76,95,83,77,66,66,363,200,93,290,253,61
254,218,370,262,173,144,454,129,149,164,225,258,159,98,102,473,181,157,172,285,140,171,196,427,315,139,142,145,185,174,129,183,183,291,239,220,189,117,230,518,192,174,132,546,359,423,429,206,400,385,104,113,132,120,114,103,103,400,237,130,327,290,98
160,124,276,168,79,50,360,35,55,70,131,164,65,102,4,379,87,63,78,191,46,77,102,333,221,45,48,51,91,80,35,89,89,197,145,126,95,23,136,424,98,80,38,452,265,329,335,112,306,291,10,19,38,26,20,9,9,306,143,36,233,196,4
531,495,647,539,450,421,731,406,426,441,502,535,436,473,379,375,458,434,449,562,417,448,473,704,592,416,419,422,462,451,406,460,460,568,516,497,466,394,507,795,469,451,409,823,636,700,706,483,677,662,381,390,409,397,391,380,380,677,514,407,604,567,375
239,203,355,247,158,129,439,114,134,149,210,243,144,181,87,458,83,142,157,270,125,156,181,412,300,124,127,130,170,159,114,168,168,276,224,205,174,102,215,503,177,159,117,531,344,408,414,191,385,370,89,98,117,105,99,88,88,385,222,115,312,275,83
215,179,331,223,134,105,415,90,110,125,186,219,120,157,63,434,142,59,133,246,101,132,157,388,276,100,103,106,146,135,90,144,144,252,200,181,150,78,191,479,153,135,93,507,320,384,390,167,361,346,65,74,93,81,75,64,64,361,198,91,288,251,59
230,194,346,238,149,120,430,105,125,140,201,234,135,172,78,449,157,133,74,261,116,147,172,403,291,115,118,121,161,150,105,159,159,267,215,196,165,93,206,494,168,150,108,522,335,399,405,182,376,361,80,89,108,96,90,79,79,376,213,106,303,266,74
343,307,459,351,262,233,543,218,238,253,314,347,248,285,191,562,270,246,261,187,229,260,285,516,404,228,231,234,274,263,218,272,272,380,328,309,278,206,319,607,281,263,221,635,448,512,518,295,489,474,193,202,221,209,203,192,192,489,326,219,416,379,187
198,162,314,206,117,88,398,73,93,108,169,202,103,140,46,417,125,101,116,229,42,115,140,371,259,83,86,89,129,118,73,127,127,235,183,164,133,61,174,462,136,118,76,490,303,367,373,150,344,329,48,57,76,64,58,47,47,344,181,74,271,234,42
229,193,345,237,148,119,429,104,124,139,200,233,134,171,77,448,156,132,147,260,115,73,171,402,290,114,117,120,160,149,104,158,158,266,214,195,164,92,205,493,167,149,107,521,334,398,404,181,375,360,79,88,107,95,89,78,78,375,212,105,302,265,73
254,218,370,262,173,144,454,129,149,164,225,258,159,196,102,473,181,157,172,285,140,171,98,427,315,139,142,145,185,174,129,183,183,291,239,220,189,117,230,518,192,174,132,546,359,423,429,206,400,385,104,113,132,120,114,103,103,400,237,130,327,290,98
485,449,601,493,404,375,685,360,380,395,456,489,390,427,333,704,412,388,403,516,371,402,427,329,546,370,373,376,416,405,360,414,414,522,470,451,420,348,461,749,423,405,363,777,590,654,660,437,631,616,335,344,363,351,345,334,334,631,468,361,558,521,329
373,337,489,381,292,263,573,248,268,283,344,377,278,315,221,592,300,276,291,404,259,290,315,546,217,258,261,264,304,293,248,302,302,410,358,339,308,236,349,637,311,293,251,665,478,542,548,325,519,504,223,232,251,239,233,222,222,519,356,249,446,409,217
197,161,313,205,116,87,397,72,92,107,168,201,102,139,45,416,124,100,115,228,83,114,139,370,258,41,85,88,128,117,72,126,126,234,182,163,132,60,173,461,135,117,75,489,302,366,372,149,343,328,47,56,75,63,57,46,46,343,180,73,270,233,41
200,164,316,208,119,90,400,75,95,110,171,204,105,142,48,419,127,103,118,231,86,117,142,373,261,85,44,91,131,120,75,129,129,237,185,166,135,63,176,464,138,120,78,492,305,369,375,152,346,331,50,59,78,66,60,49,49,346,183,76,273,236,44
203,167,319,211,122,93,403,78,98,113,174,207,108,145,51,422,130,106,121,234,89,120,145,376,264,88,91,47,134,123,78,132,132,240,188,169,138,66,179,467,141,123,81,495,308,372,378,155,349,334,53,62,81,69,63,52,52,349,186,79,276,239,47
243,207,359,251,162,133,443,118,138,153,214,247,148,185,91,462,170,146,161,274,129,160,185,416,304,128,131,134,87,163,118,172,172,280,228,209,178,106,219,507,181,163,121,535,348,412,418,195,389,374,93,102,121,109,103,92,92,389,226,119,316,279,87
232,196,348,240,151,122,432,107,127,142,203,236,137,174,80,451,159,135,150,263,118,149,174,405,293,117,120,123,163,76,107,161,161,269,217,198,167,95,208,496,170,152,110,524,337,401,407,184,378,363,82,91,110,98,92,81,81,378,215,108,305,268,76
187,151,303,195,106,77,387,62,82,97,158,191,92,129,35,406,114,90,105,218,73,104,129,360,248,72,75,78,118,107,31,116,116,224,172,153,122,50,163,451,125,107,65,479,292,356,362,139,333,318,37,46,65,53,47,36,36,333,170,63,260,223,31
241,205,357,249,160,131,441,116,136,151,212,245,146,183,89,460,168,144,159,272,127,158,183,414,302,126,129,132,172,161,116,85,170,278,226,207,176,104,217,505,179,161,119,533,346,410,416,193,387,372,91,100,119,107,101,90,90,387,224,117,314,277,85
241,205,357,249,160,131,441,116,136,151,212,245,146,183,89,460,168,144,159,272,127,158,183,414,302,126,129,132,172,161,116,170,85,278,226,207,176,104,217,505,179,161,119,533,346,410,416,193,387,372,91,100,119,107,101,90,90,387,224,117,314,277,85
349,313,465,357,268,239,549,224,244,259,320,353,254,291,197,568,276,252,267,380,235,266,291,522,410,234,237,240,280,269,224,278,278,193,334,315,284,212,325,613,287,269,227,641,454,518,524,301,495,480,199,208,227,215,209,198,198,495,332,225,422,385,193
297,261,413,305,216,187,497,172,192,207,268,301,202,239,145,516,224,200,215,328,183,214,239,470,358,182,185,188,228,217,172,226,226,334,141,263,232,160,273,561,235,217,175,589,402,466,472,249,443,428,147,156,175,163,157,146,146,443,280,173,370,333,141
278,242,394,286,197,168,478,153,173,188,249,282,183,220,126,497,205,181,196,309,164,195,220,451,339,163,166,169,209,198,153,207,207,315,263,122,213,141,254,542,216,198,156,570,383,447,453,230,424,409,128,137,156,144,138,127,127,424,261,154,351,314,122
247,211,363,255,166,137,447,122,142,157,218,251,152,189,95,466,174,150,165,278,133,164,189,420,308,132,135,138,178,167,122,176,176,284,232,213,91,110,223,511,185,167,125,539,352,416,422,199,393,378,97,106,125,113,107,96,96,393,230,123,320,283,91
175,139,291,183,94,65,375,50,70,85,146,179,80,117,23,394,102,78,93,206,61,92,117,348,236,60,63,66,106,95,50,104,104,212,160,141,110,19,151,439,113,95,53,467,280,344,350,127,321,306,25,34,53,41,35,24,24,321,158,51,248,211,19
288,252,404,296,207,178,488,163,183,198,259,292,193,230,136,507,215,191,206,319,174,205,230,461,349,173,176,179,219,208,163,217,217,325,273,254,223,151,132,552,226,208,166,580,393,457,463,240,434,419,138,147,166,154,148,137,137,434,271,164,361,324,132
576,540,692,584,495,466,776,451,471,486,547,580,481,518,424,795,503,479,494,607,462,493,518,749,637,461,464,467,507,496,451,505,505,613,561,542,511,439,552,420,514,496,454,868,681,745,751,528,722,707,426,435,454,442,436,425,425,722,559,452,649,612,420
250,214,366,258,169,140,450,125,145,160,221,254,155,192,98,469,177,153,168,281,136,167,192,423,311,135,138,141,181,170,125,179,179,287,235,216,185,113,226,514,94,170,128,542,355,419,425,202,396,381,100,109,128,116,110,99,99,396,233,126,323,286,94
232,196,348,240,151,122,432,107,127,142,203,236,137,174,80,451,159,135,150,263,118,149,174,405,293,117,120,123,163,152,107,161,161,269,217,198,167,95,208,496,170,76,110,524,337,401,407,184,378,363,82,91,110,98,92,81,81,378,215,108,305,268,76
190,154,306,198,109,80,390,65,85,100,161,194,95,132,38,409,117,93,108,221,76,107,132,363,251,75,78,81,121,110,65,119,119,227,175,156,125,53,166,454,128,110,34,482,295,359,365,142,336,321,40,49,68,56,50,39,39,336,173,66,263,226,34
604,568,720,612,523,494,804,479,499,514,575,608,509,546,452,823,531,507,522,635,490,521,546,777,665,489,492,495,535,524,479,533,533,641,589,570,539,467,580,868,542,524,482,448,709,773,779,556,750,735,454,463,482,470,464,453,453,750,587,480,677,640,448
417,381,533,425,336,307,617,292,312,327,388,421,322,359,265,636,344,320,335,448,303,334,359,590,478,302,305,308,348,337,292,346,346,454,402,383,352,280,393,681,355,337,295,709,261,586,592,369,563,548,267,276,295,283,277,266,266,563,400,293,490,453,261
481,445,597,489,400,371,681,356,376,391,452,485,386,423,329,700,408,384,399,512,367,398,423,654,542,366,369,372,412,401,356,410,410,518,466,447,416,344,457,745,419,401,359,773,586,325,656,433,627,612,331,340,359,347,341,330,330,627,464,357,554,517,325
487,451,603,495,406,377,687,362,382,397,458,491,392,429,335,706,414,390,405,518,373,404,429,660,548,372,375,378,418,407,362,416,416,524,472,453,422,350,463,751,425,407,365,779,592,656,331,439,633,618,337,346,365,353,347,336,336,633,470,363,560,523,331
264,228,380,272,183,154,464,139,159,174,235,268,169,206,112,483,191,167,182,295,150,181,206,437,325,149,152,155,195,184,139,193,193,301,249,230,199,127,240,528,202,184,142,556,369,433,439,108,410,395,114,123,142,130,124,113,113,410,247,140,337,300,108
458,422,574,466,377,348,658,333,353,368,429,462,363,400,306,677,385,361,376,489,344,375,400,631,519,343,346,349,389,378,333,387,387,495,443,424,393,321,434,722,396,378,336,750,563,627,633,410,302,589,308,317,336,324,318,307,307,604,441,334,531,494,302
443,407,559,451,362,333,643,318,338,353,414,447,348,385,291,662,370,346,361,474,329,360,385,616,504,328,331,334,374,363,318,372,372,480,428,409,378,306,419,707,381,363,321,735,548,612,618,395,589,287,293,302,321,309,303,292,292,589,426,319,516,479,287
162,126,278,170,81,52,362,37,57,72,133,166,67,104,10,381,89,65,80,193,48,79,104,335,223,47,50,53,93,82,37,91,91,199,147,128,97,25,138,426,100,82,40,454,267,331,337,114,308,293,6,21,40,28,22,11,11,308,145,38,235,198,6
171,135,287,179,90,61,371,46,66,81,142,175,76,113,19,390,98,74,89,202,57,88,113,344,232,56,59,62,102,91,46,100,100,208,156,137,106,34,147,435,109,91,49,463,276,340,346,123,317,302,21,15,49,37,31,20,20,317,154,47,244,207,15
190,154,306,198,109,80,390,65,85,100,161,194,95,132,38,409,117,93,108,221,76,107,132,363,251,75,78,81,121,110,65,119,119,227,175,156,125,53,166,454,128,110,68,482,295,359,365,142,336,321,40,49,34,56,50,39,39,336,173,66,263,226,34
178,142,294,186,97,68,378,53,73,88,149,182,83,120,26,397,105,81,96,209,64,95,120,351,239,63,66,69,109,98,53,107,107,215,163,144,113,41,154,442,116,98,56,470,283,347,353,130,324,309,28,37,56,22,38,27,27,324,161,54,251,214,22
172,136,288,180,91,62,372,47,67,82,143,176,77,114,20,391,99,75,90,203,58,89,114,345,233,57,60,63,103,92,47,101,101,209,157,138,107,35,148,436,110,92,50,464,277,341,347,124,318,303,22,31,50,38,16,21,21,318,155,48,245,208,16
161,125,277,169,80,51,361,36,56,71,132,165,66,103,9,380,88,64,79,192,47,78,103,334,222,46,49,52,92,81,36,90,90,198,146,127,96,24,137,425,99,81,39,453,266,330,336,113,307,292,11,20,39,27,21,5,10,307,144,37,234,197,5
161,125,277,169,80,51,361,36,56,71,132,165,66,103,9,380,88,64,79,192,47,78,103,334,222,46,49,52,92,81,36,90,90,198,146,127,96,24,137,425,99,81,39,453,266,330,336,113,307,292,11,20,39,27,21,10,5,307,144,37,234,197,5
458,422,574,466,377,348,658,333,353,368,429,462,363,400,306,677,385,361,376,489,344,375,400,631,519,343,346,349,389,378,333,387,387,495,443,424,393,321,434,722,396,378,336,750,563,627,633,410,604,589,308,317,336,324,318,307,307,302,441,334,531,494,302
295,259,411,303,214,185,495,170,190,205,266,299,200,237,143,514,222,198,213,326,181,212,237,468,356,180,183,186,226,215,170,224,224,332,280,261,230,158,271,559,233,215,173,587,400,464,470,247,441,426,145,154,173,161,155,144,144,441,139,171,368,331,139
188,152,304,196,107,78,388,63,83,98,159,192,93,130,36,407,115,91,106,219,74,105,130,361,249,73,76,79,119,108,63,117,117,225,173,154,123,51,164,452,126,108,66,480,293,357,363,140,334,319,38,47,66,54,48,37,37,334,171,32,261,224,32
385,349,501,393,304,275,585,260,280,295,356,389,290,327,233,604,312,288,303,416,271,302,327,558,446,270,273,276,316,305,260,314,314,422,370,351,320,248,361,649,323,305,263,677,490,554,560,337,531,516,235,244,263,251,245,234,234,531,368,261,229,421,229
348,312,464,356,267,238,548,223,243,258,319,352,253,290,196,567,275,251,266,379,234,265,290,521,409,233,236,239,279,268,223,277,277,385,333,314,283,211,324,612,286,268,226,640,453,517,523,300,494,479,198,207,226,214,208,197,197,494,331,224,421,192,192
156,120,272,164,75,46,356,31,51,66,127,160,61,98,4,375,83,59,74,187,42,73,98,329,217,41,44,47,87,76,31,85,85,193,141,122,91,19,132,420,94,76,34,448,261,325,331,108,302,287,6,15,34,22,16,5,5,302,139,32,229,192,0
