55266,7730,7858,3256,436,332,3334,1216,1224,2274,1848,1340,976,666,156,2784,908,2504,686,1764,274,1116,546,3330,5904,2370,422,242,846,1166,410,432,404,2248,1834,1806,1558,750,3072,1234,668,1264,2532,3842,4860,7776,20282,1974,4556,5924,936,786,4748,2052,1908,648,700,5596,3152,3016,4160,3306,3560
7730,39495,6018,850,138,70,2584,630,302,898,472,292,168,192,50,754,332,1328,406,690,98,260,296,626,760,450,110,278,266,322,124,82,136,608,364,334,2142,292,1020,586,404,458,334,1720,1980,880,1370,2092,548,796,514,256,1950,552,1646,1702,206,712,728,410,354,542,896
7858,6018,84763,3810,11172,5004,2050,2354,1216,974,802,1562,228,4038,34,5800,474,2390,3200,212,48,242,22,266,128,476,258,166,112,148,138,26,42,2094,502,146,964,302,114,7024,178,244,166,2454,1026,484,40192,178,72,44,16,30,2572,100,360,56,34,2660,4762,522,1404,4062,154
3256,850,3810,120017,5690,918,13458,514,1634,1852,7344,2194,1930,726,100,14882,680,564,498,520,194,230,3216,476,314,984,444,236,434,358,382,134,34,750,618,210,8334,6988,374,1410,790,3104,342,6864,5250,2704,29562,212,224,44,50,60,1266,2026,60,4,36,11728,3204,4518,874,8724,222
436,138,11172,5690,27604,5348,548,530,1156,236,1034,2506,346,2632,58,5930,536,256,1096,46,42,16,32,48,36,118,120,42,40,28,52,14,6,2086,608,110,598,786,46,5400,372,238,36,542,270,186,3706,26,4,4,2,4,1278,42,62,0,4,540,960,204,182,2316,8
332,70,5004,918,5348,12015,120,158,236,100,420,1552,594,1980,6,6828,244,26,22,2,0,0,2,0,8,4,34,2,8,2,2,4,2,70,26,0,144,66,18,524,74,22,6,44,14,152,1916,14,4,2,0,4,88,8,6,0,0,48,64,30,106,170,10
3334,2584,2050,13458,548,120,98884,8530,3730,19428,3680,2708,1408,730,1806,9060,5174,1384,2108,3798,130,1732,5500,728,838,3504,696,1328,1054,1422,1062,264,62,870,556,44,1332,2522,706,464,480,1146,1308,2312,390,3474,5986,130,26,32,60,22,1984,840,230,12,0,548,208,180,202,8184,346
1216,630,2354,514,530,158,8530,14696,4300,4076,1240,2568,348,392,232,2474,194,1862,78,2028,10,494,284,1042,196,236,288,52,198,90,84,54,8,864,208,22,782,162,112,280,196,134,182,84,28,2286,2072,58,20,4,4,10,114,30,32,2,0,108,24,24,386,440,62
1224,302,1216,1634,1156,236,3730,4300,26940,12762,1812,7296,808,2486,482,4002,218,186,38,268,6,1402,128,284,212,216,172,18,156,54,26,44,4,540,174,20,242,474,164,528,1018,396,296,56,126,616,2550,44,14,6,6,6,138,22,10,0,12,198,6,60,440,628,36
2274,898,974,1852,236,100,19428,4076,12762,58708,1418,4308,2932,3150,2088,7158,2168,378,92,2602,60,16484,898,742,1166,2162,164,8,184,80,228,114,14,492,290,70,2192,1356,5106,322,2816,5000,3352,106,72,758,1816,326,16,26,44,8,4586,254,906,4,2,174,46,62,246,2406,32
1848,472,802,7344,1034,420,3680,1240,1812,1418,44619,4102,1394,540,94,3956,574,1424,208,1246,98,314,864,2622,972,854,698,194,814,914,146,254,290,1852,4792,756,1556,830,1378,188,172,284,502,3786,3324,16282,2392,658,886,182,260,44,2258,1158,510,12,60,2592,606,902,7980,1454,162
1340,292,1562,2194,2506,1552,2708,2568,7296,4308,4102,46624,10860,7826,1376,16652,1020,40,34,122,6,474,236,94,198,274,134,34,34,24,172,20,12,2416,850,20,406,188,670,558,1386,1114,954,110,14,102,1068,54,4,0,0,0,3112,226,74,2,0,48,14,16,230,294,14
976,168,228,1930,346,594,1408,348,808,2932,1394,10860,32436,1652,292,6604,6328,30,36,236,10,1074,1242,534,1646,2734,310,14,28,46,388,42,14,3070,698,62,586,156,3722,72,776,1590,2996,278,102,98,382,450,24,54,50,20,14236,1706,688,8,0,78,28,290,354,106,2
666,192,4038,726,2632,1980,730,392,2486,3150,540,7826,1652,20769,1542,4302,766,58,156,26,10,436,14,32,106,146,12,14,28,4,72,4,2,1704,182,22,198,148,496,3976,5958,2026,856,100,26,36,3128,40,12,2,2,2,990,28,68,0,0,42,130,80,242,140,2
156,50,34,100,58,6,1806,232,482,2088,94,1376,292,1542,5123,1438,350,6,14,24,0,116,60,18,48,108,6,0,0,6,18,0,4,1844,198,4,20,44,234,64,1774,946,1060,16,2,0,8,16,0,0,0,0,380,20,40,0,0,2,2,2,20,2,2
2784,754,5800,14882,5930,6828,9060,2474,4002,7158,3956,16652,6604,4302,1438,86903,7742,170,406,2678,98,1118,590,206,236,1354,570,56,46,192,1406,54,22,1308,542,32,5898,1582,1992,1732,3598,8808,728,984,166,360,6050,172,186,44,64,14,2284,1262,192,14,2,166,164,250,144,1884,54
908,332,474,680,536,244,5174,194,218,2168,574,1020,6328,766,350,7742,30472,224,1476,568,268,2126,1284,504,2148,2440,264,108,122,796,9468,246,56,4650,1568,180,698,186,5834,4238,1074,3392,3836,1050,38,324,230,776,178,228,150,26,6736,374,686,20,14,22,52,78,350,142,6
2504,1328,2390,564,256,26,1384,1862,186,378,1424,40,30,58,6,170,224,37651,5376,4150,676,600,3856,3962,3252,1514,3386,1370,3394,4152,424,1560,2284,7292,3370,4086,480,1448,642,4058,94,174,1374,2240,570,4658,854,364,450,294,122,84,290,210,56,14,26,2822,476,198,976,586,370
686,406,3200,498,1096,22,2108,78,38,92,208,34,36,156,14,406,1476,5376,28986,1030,932,204,100,650,1162,7358,430,296,540,1920,1400,260,220,9690,3646,1742,286,908,802,5594,98,358,1210,8840,588,654,922,160,370,320,74,80,1388,808,102,26,80,428,706,284,380,902,36
1764,690,212,520,46,2,3798,2028,268,2602,1246,122,236,26,24,2678,568,4150,1030,61669,4958,8116,3180,3404,5196,3672,1404,1812,5846,3804,396,1248,2256,7696,5922,418,536,378,2084,516,194,2162,1314,1150,142,4916,430,180,818,988,296,62,754,200,104,10,60,140,22,68,1482,328,42
274,98,48,194,42,0,130,10,6,60,98,6,10,10,0,98,268,676,932,4958,14799,2070,360,224,8560,158,120,54,766,1198,464,282,922,2088,1656,434,58,152,924,146,12,72,1022,2936,22,1912,22,108,1024,604,474,56,162,114,32,18,252,46,22,64,50,82,2
1116,260,242,230,16,0,1732,494,1402,16484,314,474,1074,436,116,1118,2126,600,204,8116,2070,36028,716,864,3692,2332,182,154,602,828,570,312,178,5372,2796,228,262,464,8214,232,1342,4038,6050,276,36,270,122,86,36,30,58,6,2658,120,618,4,4,48,8,14,132,42,6
546,296,22,3216,32,2,5500,284,128,898,864,236,1242,14,60,590,1284,3856,100,3180,360,716,27506,3336,2170,700,1574,936,3424,5708,1038,3424,942,882,924,144,120,158,268,26,28,104,296,1486,1474,4492,566,256,326,294,376,122,3106,826,136,106,80,88,70,170,564,422,40
3330,626,266,476,48,0,728,1042,284,742,2622,94,534,32,18,206,504,3962,650,3404,224,864,3336,135569,19076,27920,5710,414,1924,1740,386,1620,4786,2288,24562,7218,92,108,1318,1282,354,470,4124,6558,586,35500,2142,9736,3328,2740,1288,1274,4562,1786,342,214,404,1298,1552,22598,21588,1534,64
5904,760,128,314,36,8,838,196,212,1166,972,198,1646,106,48,236,2148,3252,1162,5196,8560,3692,2170,19076,235136,25654,2176,212,1718,4390,1124,2270,8742,10882,31122,18904,126,372,9140,372,502,450,22156,10542,624,87888,2202,2844,24554,57056,16754,11108,19508,13200,3548,1098,4036,1574,1866,16152,9824,930,40
2370,450,476,984,118,4,3504,236,216,2162,854,274,2734,146,108,1354,2440,1514,7358,3672,158,2332,700,27920,25654,82907,4028,106,260,586,398,78,390,1506,3478,1552,224,582,9200,6538,1074,4482,9660,5160,1320,7138,3682,15740,1810,6102,1772,694,8870,6270,1378,388,840,1052,2288,11222,8642,3034,52
422,110,258,444,120,34,696,288,172,164,698,134,310,12,6,570,264,3386,430,1404,120,182,1574,5710,2176,4028,21471,310,436,562,224,334,530,1698,2796,358,200,166,196,540,18,48,278,960,320,2394,316,250,160,198,104,26,898,380,56,14,6,218,612,2504,1696,868,8
242,278,166,236,42,2,1328,52,18,8,194,34,14,14,0,56,108,1370,296,1812,54,154,936,414,212,106,310,10394,1352,3430,130,440,76,2556,918,52,32,42,32,330,4,10,26,524,72,1104,100,38,46,26,16,4,110,28,4,0,6,40,26,28,92,72,30
846,266,112,434,40,8,1054,198,156,184,814,34,28,28,0,46,122,3394,540,5846,766,602,3424,1924,1718,260,436,1352,44878,9618,420,866,682,6950,3790,1094,158,458,266,754,52,88,236,1422,1184,21352,1422,168,844,564,192,72,298,148,24,26,106,1386,174,262,1524,1028,22
1166,322,148,358,28,2,1422,90,54,80,914,24,46,4,6,192,796,4152,1920,3804,1198,828,5708,1740,4390,586,562,3430,9618,41475,4322,3778,1264,9834,6616,382,80,346,212,144,14,32,456,2486,1660,7228,1368,164,528,548,364,96,754,284,28,78,242,160,128,568,1532,4358,12
410,124,138,382,52,2,1062,84,26,228,146,172,388,72,18,1406,9468,424,1400,396,464,570,1038,386,1124,398,224,130,420,4322,14197,904,142,5018,2340,58,86,106,978,436,56,192,948,1970,92,334,90,44,8,10,54,6,528,84,32,8,26,6,6,46,92,314,2
432,82,26,134,14,4,264,54,44,114,254,20,42,4,0,54,246,1560,260,1248,282,312,3424,1620,2270,78,334,440,866,3778,904,12232,1994,3520,2112,188,48,104,592,36,10,8,280,884,350,3722,208,78,886,596,316,284,302,160,16,72,182,104,124,1240,858,552,8
404,136,42,34,6,2,62,8,4,14,290,12,14,2,4,22,56,2284,220,2256,922,178,942,4786,8742,390,530,76,682,1264,142,1994,30590,1754,9782,992,2,18,168,148,48,12,268,1434,430,18542,192,246,4872,2606,1940,816,588,2898,36,890,312,148,374,2824,1114,236,0
2248,608,2094,750,2086,70,870,864,540,492,1852,2416,3070,1704,1844,1308,4650,7292,9690,7696,2088,5372,882,2288,10882,1506,1698,2556,6950,9834,5018,3520,1754,99709,46590,4976,456,3194,1634,6898,1118,1096,6094,7314,1142,2552,338,296,790,676,190,74,10346,2000,466,24,48,2076,682,284,1650,802,20
1834,364,502,618,608,26,556,208,174,290,4792,850,698,182,198,542,1568,3370,3646,5922,1656,2796,924,24562,31122,3478,2796,918,3790,6616,2340,2112,9782,46590,108913,10520,104,950,824,10208,1446,266,6658,7068,496,15118,396,500,2118,1396,662,260,9722,2720,148,132,138,2878,1080,1770,4244,744,14
1806,334,146,210,110,0,44,22,20,70,756,20,62,22,4,32,180,4086,1742,418,434,228,144,7218,18904,1552,358,52,1094,382,58,188,992,4976,10520,63594,148,1618,4398,2098,224,320,5264,3410,902,17732,1378,3118,10070,3606,774,940,984,1112,256,80,304,26974,7114,2740,26282,880,8
1558,2142,964,8334,598,144,1332,782,242,2192,1556,406,586,198,20,5898,698,480,286,536,58,262,120,92,126,224,200,32,158,80,86,48,2,456,104,148,26079,4804,3128,680,242,1226,340,208,218,1048,1650,394,120,24,88,10,272,314,422,62,46,240,70,196,50,1356,436
750,292,302,6988,786,66,2522,162,474,1356,830,188,156,148,44,1582,186,1448,908,378,152,464,158,108,372,582,166,42,458,346,106,104,18,3194,950,1618,4804,23707,2894,1268,710,1558,398,2160,280,1348,3860,152,130,28,36,6,160,920,58,12,22,4188,448,308,256,416,74
3072,1020,114,374,46,18,706,112,164,5106,1378,670,3722,496,234,1992,5834,642,802,2084,924,8214,268,1318,9140,9200,196,32,266,212,978,592,168,1634,824,4398,3128,2894,90132,934,3218,12704,25672,1156,596,1480,922,4122,1142,898,700,190,13038,598,19812,330,98,162,138,432,458,200,74
1234,586,7024,1410,5400,524,464,280,528,322,188,558,72,3976,64,1732,4238,4058,5594,516,146,232,26,1282,372,6538,540,330,754,144,436,36,148,6898,10208,2098,680,1268,934,59453,5948,4796,1306,1120,146,606,1146,130,62,34,20,12,172,76,186,6,4,1146,1388,188,434,202,22
668,404,178,790,372,74,480,196,1018,2816,172,1386,776,5958,1774,3598,1074,94,98,194,12,1342,28,354,502,1074,18,4,52,14,56,10,48,1118,1446,224,242,710,3218,5948,25076,16070,3826,90,32,308,534,218,62,24,26,4,978,82,180,0,0,114,128,50,156,36,4
1264,458,244,3104,238,22,1146,134,396,5000,284,1114,1590,2026,946,8808,3392,174,358,2162,72,4038,104,470,450,4482,48,10,88,32,192,8,12,1096,266,320,1226,1558,12704,4796,16070,43116,9954,236,46,172,662,400,124,156,78,28,2926,502,682,36,10,96,62,456,428,68,28
2532,334,166,342,36,6,1308,182,296,3352,502,954,2996,856,1060,728,3836,1374,1210,1314,1022,6050,296,4124,22156,9660,278,26,236,456,948,280,268,6094,6658,5264,340,398,25672,1306,3826,9954,51284,3674,192,1320,388,2380,960,1252,702,240,12464,1450,3072,94,96,910,440,462,1046,142,12
3842,1720,2454,6864,542,44,2312,84,56,106,3786,110,278,100,16,984,1050,2240,8840,1150,2936,276,1486,6558,10542,5160,960,524,1422,2486,1970,884,1434,7314,7068,3410,208,2160,1156,1120,90,236,3674,152775,45724,13310,7480,1256,1186,2352,446,500,6460,15636,182,112,636,25694,13870,10084,16844,5176,178
4860,1980,1026,5250,270,14,390,28,126,72,3324,14,102,26,2,166,38,570,588,142,22,36,1474,586,624,1320,320,72,1184,1660,92,350,430,1142,496,902,218,280,596,146,32,46,192,45724,166407,40604,10276,306,920,310,230,170,730,740,284,614,2256,11642,20520,12950,10844,6632,264
7776,880,484,2704,186,152,3474,2286,616,758,16282,102,98,36,0,360,324,4658,654,4916,1912,270,4492,35500,87888,7138,2394,1104,21352,7228,334,3722,18542,2552,15118,17732,1048,1348,1480,606,308,172,1320,13310,40604,219761,23046,3940,20406,34662,10636,6292,4326,6230,364,1226,4416,40136,5502,14536,11406,7634,186
20282,1370,40192,29562,3706,1916,5986,2072,2550,1816,2392,1068,382,3128,8,6050,230,854,922,430,22,122,566,2142,2202,3682,316,100,1422,1368,90,208,192,338,396,1378,1650,3860,922,1146,534,662,388,7480,10276,23046,269997,1598,1332,1238,682,314,3708,1970,148,162,626,31662,10186,17050,12668,33072,724
1974,2092,178,212,26,14,130,58,44,326,658,54,450,40,16,172,776,364,160,180,108,86,256,9736,2844,15740,250,38,168,164,44,78,246,296,500,3118,394,152,4122,130,218,400,2380,1256,306,3940,1598,50187,9118,3986,1702,408,5422,1578,2760,2378,330,582,200,928,10080,292,42
4556,548,72,224,4,4,26,20,14,16,886,4,24,12,0,186,178,450,370,818,1024,36,326,3328,24554,1810,160,46,844,528,8,886,4872,790,2118,10070,120,130,1142,62,62,124,960,1186,920,20406,1332,9118,140554,20436,3250,8370,548,4456,356,122,3642,2040,204,3754,5096,204,18
5924,796,44,44,4,2,32,4,6,26,182,0,54,2,0,44,228,294,320,988,604,30,294,2740,57056,6102,198,26,564,548,10,596,2606,676,1396,3606,24,28,898,34,24,156,1252,2352,310,34662,1238,3986,20436,177072,4396,34174,1464,15660,2648,5536,16858,746,246,5966,2000,262,34
936,514,16,50,2,0,60,4,6,44,260,0,50,2,0,64,150,122,74,296,474,58,376,1288,16754,1772,104,16,192,364,54,316,1940,190,662,774,88,36,700,20,26,78,702,446,230,10636,682,1702,3250,4396,26132,2258,3886,3770,1178,566,726,526,122,1780,1054,1210,48
786,256,30,60,4,4,22,10,6,8,44,0,20,2,0,14,26,84,80,62,56,6,122,1274,11108,694,26,4,72,96,6,284,816,74,260,940,10,6,190,12,4,28,240,500,170,6292,314,408,8370,34174,2258,31626,836,3096,1854,480,912,302,98,2596,940,310,24
4748,1950,2572,1266,1278,88,1984,114,138,4586,2258,3112,14236,990,380,2284,6736,290,1388,754,162,2658,3106,4562,19508,8870,898,110,298,754,528,302,588,10346,9722,984,272,160,13038,172,978,2926,12464,6460,730,4326,3708,5422,548,1464,3886,836,104124,18790,23358,1092,76,342,646,1084,644,4838,74
2052,552,100,2026,42,8,840,30,22,254,1158,226,1706,28,20,1262,374,210,808,200,114,120,826,1786,13200,6270,380,28,148,284,84,160,2898,2000,2720,1112,314,920,598,76,82,502,1450,15636,740,6230,1970,1578,4456,15660,3770,3096,18790,55166,1274,912,334,878,832,2988,640,1376,32
1908,1646,360,60,62,6,230,32,10,906,510,74,688,68,40,192,686,56,102,104,32,618,136,342,3548,1378,56,4,24,28,32,16,36,466,148,256,422,58,19812,186,180,682,3072,182,284,364,148,2760,356,2648,1178,1854,23358,1274,44438,6660,78,6,28,52,78,524,148
648,1702,56,4,0,0,12,2,0,4,12,2,8,0,0,14,20,14,26,10,18,4,106,214,1098,388,14,0,26,78,8,72,890,24,132,80,62,12,330,6,0,36,94,112,614,1226,162,2378,122,5536,566,480,1092,912,6660,10413,432,28,8,70,68,174,84
700,206,34,36,4,0,0,0,12,2,60,0,0,0,0,2,14,26,80,60,252,4,80,404,4036,840,6,6,106,242,26,182,312,48,138,304,46,22,98,4,0,10,96,636,2256,4416,626,330,3642,16858,726,912,76,334,78,432,16109,330,156,636,552,304,18
5596,712,2660,11728,540,48,548,108,198,174,2592,48,78,42,2,166,22,2822,428,140,46,48,88,1298,1574,1052,218,40,1386,160,6,104,148,2076,2878,26974,240,4188,162,1146,114,96,910,25694,11642,40136,31662,582,2040,746,526,302,342,878,6,28,330,158151,29844,4464,16388,5018,132
3152,728,4762,3204,960,64,208,24,6,46,606,14,28,130,2,164,52,476,706,22,22,8,70,1552,1866,2288,612,26,174,128,6,124,374,682,1080,7114,70,448,138,1388,128,62,440,13870,20520,5502,10186,200,204,246,122,98,646,832,28,8,156,29844,101134,5730,9316,1936,286
3016,410,522,4518,204,30,180,24,60,62,902,16,290,80,2,250,78,198,284,68,64,14,170,22598,16152,11222,2504,28,262,568,46,1240,2824,284,1770,2740,196,308,432,188,50,456,462,10084,12950,14536,17050,928,3754,5966,1780,2596,1084,2988,52,70,636,4464,5730,71966,11534,3496,96
4160,354,1404,874,182,106,202,386,440,246,7980,230,354,242,20,144,350,976,380,1482,50,132,564,21588,9824,8642,1696,92,1524,1532,92,858,1114,1650,4244,26282,50,256,458,434,156,428,1046,16844,10844,11406,12668,10080,5096,2000,1054,940,644,640,78,68,552,16388,9316,11534,124838,10774,58
3306,542,4062,8724,2316,170,8184,440,628,2406,1454,294,106,140,2,1884,142,586,902,328,82,42,422,1534,930,3034,868,72,1028,4358,314,552,236,802,744,880,1356,416,200,202,36,68,142,5176,6632,7634,33072,292,204,262,1210,310,4838,1376,524,174,304,5018,1936,3496,10774,75659,74
3560,896,154,222,8,10,346,62,36,32,162,14,2,2,2,54,6,370,36,42,2,6,40,64,40,52,8,30,22,12,2,8,0,20,14,8,436,74,74,22,4,28,12,178,264,186,724,42,18,34,48,24,74,32,148,84,18,132,286,96,58,74,3582
