55266,94761,140029,175283,82870,67281,154150,69962,82206,113974,99885,101890,87702,76035,60389,142169,85738,92917,84252,116935,70065,91294,82772,190835,290402,138173,76737,65660,100144,96741,69463,67498,85856,154975,164179,118860,81345,78973,145398,114719,80342,98382,106550,208041,221673,275027,325263,105453,195820,232338,81398,86892,159390,110432,99704,65679,71375,213417,156400,127232,180104,130925,58848
94761,39495,124258,159512,67099,51510,138379,54191,66435,98203,84114,86119,71931,60264,44618,126398,69967,77146,68481,101164,54294,75523,67001,175064,274631,122402,60966,49889,84373,80970,53692,51727,70085,139204,148408,103089,65574,63202,129627,98948,64571,82611,90779,192270,205902,259256,309492,89682,180049,216567,65627,71121,143619,94661,83933,49908,55604,197646,140629,111461,164333,115154,43077
140029,124258,84763,204780,112367,96778,183647,99459,111703,143471,129382,131387,117199,105532,89886,171666,115235,122414,113749,146432,99562,120791,112269,220332,319899,167670,106234,95157,129641,126238,98960,96995,115353,184472,193676,148357,110842,108470,174895,144216,109839,127879,136047,237538,251170,304524,354760,134950,225317,261835,110895,116389,188887,139929,129201,95176,100872,242914,185897,156729,209601,160422,88345
175283,159512,204780,120017,147621,132032,218901,134713,146957,178725,164636,166641,152453,140786,125140,206920,150489,157668,149003,181686,134816,156045,147523,255586,355153,202924,141488,130411,164895,161492,134214,132249,150607,219726,228930,183611,146096,143724,210149,179470,145093,163133,171301,272792,286424,339778,390014,170204,260571,297089,146149,151643,224141,175183,164455,130430,136126,278168,221151,191983,244855,195676,123599
82870,67099,112367,147621,27604,39619,126488,42300,54544,86312,72223,74228,60040,48373,32727,114507,58076,65255,56590,89273,42403,63632,55110,163173,262740,110511,49075,37998,72482,69079,41801,39836,58194,127313,136517,91198,53683,51311,117736,87057,52680,70720,78888,180379,194011,247365,297601,77791,168158,204676,53736,59230,131728,82770,72042,38017,43713,185755,128738,99570,152442,103263,31186
67281,51510,96778,132032,39619,12015,110899,26711,38955,70723,56634,58639,44451,32784,17138,98918,42487,49666,41001,73684,26814,48043,39521,147584,247151,94922,33486,22409,56893,53490,26212,24247,42605,111724,120928,75609,38094,35722,102147,71468,37091,55131,63299,164790,178422,231776,282012,62202,152569,189087,38147,43641,116139,67181,56453,22428,28124,170166,113149,83981,136853,87674,15597
154150,138379,183647,218901,126488,110899,98884,113580,125824,157592,143503,145508,131320,119653,104007,185787,129356,136535,127870,160553,113683,134912,126390,234453,334020,181791,120355,109278,143762,140359,113081,111116,129474,198593,207797,162478,124963,122591,189016,158337,123960,142000,150168,251659,265291,318645,368881,149071,239438,275956,125016,130510,203008,154050,143322,109297,114993,257035,200018,170850,223722,174543,102466
69962,54191,99459,134713,42300,26711,113580,14696,41636,73404,59315,61320,47132,35465,19819,101599,45168,52347,43682,76365,29495,50724,42202,150265,249832,97603,36167,25090,59574,56171,28893,26928,45286,114405,123609,78290,40775,38403,104828,74149,39772,57812,65980,167471,181103,234457,284693,64883,155250,191768,40828,46322,118820,69862,59134,25109,30805,172847,115830,86662,139534,90355,18278
82206,66435,111703,146957,54544,38955,125824,41636,26940,85648,71559,73564,59376,47709,32063,113843,57412,64591,55926,88609,41739,62968,54446,162509,262076,109847,48411,37334,71818,68415,41137,39172,57530,126649,135853,90534,53019,50647,117072,86393,52016,70056,78224,179715,193347,246701,296937,77127,167494,204012,53072,58566,131064,82106,71378,37353,43049,185091,128074,98906,151778,102599,30522
113974,98203,143471,178725,86312,70723,157592,73404,85648,58708,103327,105332,91144,79477,63831,145611,89180,96359,87694,120377,73507,94736,86214,194277,293844,141615,80179,69102,103586,100183,72905,70940,89298,158417,167621,122302,84787,82415,148840,118161,83784,101824,109992,211483,225115,278469,328705,108895,199262,235780,84840,90334,162832,113874,103146,69121,74817,216859,159842,130674,183546,134367,62290
99885,84114,129382,164636,72223,56634,143503,59315,71559,103327,44619,91243,77055,65388,49742,131522,75091,82270,73605,106288,59418,80647,72125,180188,279755,127526,66090,55013,89497,86094,58816,56851,75209,144328,153532,108213,70698,68326,134751,104072,69695,87735,95903,197394,211026,264380,314616,94806,185173,221691,70751,76245,148743,99785,89057,55032,60728,202770,145753,116585,169457,120278,48201
101890,86119,131387,166641,74228,58639,145508,61320,73564,105332,91243,46624,79060,67393,51747,133527,77096,84275,75610,108293,61423,82652,74130,182193,281760,129531,68095,57018,91502,88099,60821,58856,77214,146333,155537,110218,72703,70331,136756,106077,71700,89740,97908,199399,213031,266385,316621,96811,187178,223696,72756,78250,150748,101790,91062,57037,62733,204775,147758,118590,171462,122283,50206
87702,71931,117199,152453,60040,44451,131320,47132,59376,91144,77055,79060,32436,53205,37559,119339,62908,70087,61422,94105,47235,68464,59942,168005,267572,115343,53907,42830,77314,73911,46633,44668,63026,132145,141349,96030,58515,56143,122568,91889,57512,75552,83720,185211,198843,252197,302433,82623,172990,209508,58568,64062,136560,87602,76874,42849,48545,190587,133570,104402,157274,108095,36018
76035,60264,105532,140786,48373,32784,119653,35465,47709,79477,65388,67393,53205,20769,25892,107672,51241,58420,49755,82438,35568,56797,48275,156338,255905,103676,42240,31163,65647,62244,34966,33001,51359,120478,129682,84363,46848,44476,110901,80222,45845,63885,72053,173544,187176,240530,290766,70956,161323,197841,46901,52395,124893,75935,65207,31182,36878,178920,121903,92735,145607,96428,24351
60389,44618,89886,125140,32727,17138,104007,19819,32063,63831,49742,51747,37559,25892,5123,92026,35595,42774,34109,66792,19922,41151,32629,140692,240259,88030,26594,15517,50001,46598,19320,17355,35713,104832,114036,68717,31202,28830,95255,64576,30199,48239,56407,157898,171530,224884,275120,55310,145677,182195,31255,36749,109247,60289,49561,15536,21232,163274,106257,77089,129961,80782,8705
142169,126398,171666,206920,114507,98918,185787,101599,113843,145611,131522,133527,119339,107672,92026,86903,117375,124554,115889,148572,101702,122931,114409,222472,322039,169810,108374,97297,131781,128378,101100,99135,117493,186612,195816,150497,112982,110610,177035,146356,111979,130019,138187,239678,253310,306664,356900,137090,227457,263975,113035,118529,191027,142069,131341,97316,103012,245054,188037,158869,211741,162562,90485
85738,69967,115235,150489,58076,42487,129356,45168,57412,89180,75091,77096,62908,51241,35595,117375,30472,68123,59458,92141,45271,66500,57978,166041,265608,113379,51943,40866,75350,71947,44669,42704,61062,130181,139385,94066,56551,54179,120604,89925,55548,73588,81756,183247,196879,250233,300469,80659,171026,207544,56604,62098,134596,85638,74910,40885,46581,188623,131606,102438,155310,106131,34054
92917,77146,122414,157668,65255,49666,136535,52347,64591,96359,82270,84275,70087,58420,42774,124554,68123,37651,66637,99320,52450,73679,65157,173220,272787,120558,59122,48045,82529,79126,51848,49883,68241,137360,146564,101245,63730,61358,127783,97104,62727,80767,88935,190426,204058,257412,307648,87838,178205,214723,63783,69277,141775,92817,82089,48064,53760,195802,138785,109617,162489,113310,41233
84252,68481,113749,149003,56590,41001,127870,43682,55926,87694,73605,75610,61422,49755,34109,115889,59458,66637,28986,90655,43785,65014,56492,164555,264122,111893,50457,39380,73864,70461,43183,41218,59576,128695,137899,92580,55065,52693,119118,88439,54062,72102,80270,181761,195393,248747,298983,79173,169540,206058,55118,60612,133110,84152,73424,39399,45095,187137,130120,100952,153824,104645,32568
116935,101164,146432,181686,89273,73684,160553,76365,88609,120377,106288,108293,94105,82438,66792,148572,92141,99320,90655,61669,76468,97697,89175,197238,296805,144576,83140,72063,106547,103144,75866,73901,92259,161378,170582,125263,87748,85376,151801,121122,86745,104785,112953,214444,228076,281430,331666,111856,202223,238741,87801,93295,165793,116835,106107,72082,77778,219820,162803,133635,186507,137328,65251
70065,54294,99562,134816,42403,26814,113683,29495,41739,73507,59418,61423,47235,35568,19922,101702,45271,52450,43785,76468,14799,50827,42305,150368,249935,97706,36270,25193,59677,56274,28996,27031,45389,114508,123712,78393,40878,38506,104931,74252,39875,57915,66083,167574,181206,234560,284796,64986,155353,191871,40931,46425,118923,69965,59237,25212,30908,172950,115933,86765,139637,90458,18381
91294,75523,120791,156045,63632,48043,134912,50724,62968,94736,80647,82652,68464,56797,41151,122931,66500,73679,65014,97697,50827,36028,63534,171597,271164,118935,57499,46422,80906,77503,50225,48260,66618,135737,144941,99622,62107,59735,126160,95481,61104,79144,87312,188803,202435,255789,306025,86215,176582,213100,62160,67654,140152,91194,80466,46441,52137,194179,137162,107994,160866,111687,39610
82772,67001,112269,147523,55110,39521,126390,42202,54446,86214,72125,74130,59942,48275,32629,114409,57978,65157,56492,89175,42305,63534,27506,163075,262642,110413,48977,37900,72384,68981,41703,39738,58096,127215,136419,91100,53585,51213,117638,86959,52582,70622,78790,180281,193913,247267,297503,77693,168060,204578,53638,59132,131630,82672,71944,37919,43615,185657,128640,99472,152344,103165,31088
190835,175064,220332,255586,163173,147584,234453,150265,162509,194277,180188,182193,168005,156338,140692,222472,166041,173220,164555,197238,150368,171597,163075,135569,370705,218476,157040,145963,180447,177044,149766,147801,166159,235278,244482,199163,161648,159276,225701,195022,160645,178685,186853,288344,301976,355330,405566,185756,276123,312641,161701,167195,239693,190735,180007,145982,151678,293720,236703,207535,260407,211228,139151
290402,274631,319899,355153,262740,247151,334020,249832,262076,293844,279755,281760,267572,255905,240259,322039,265608,272787,264122,296805,249935,271164,262642,370705,235136,318043,256607,245530,280014,276611,249333,247368,265726,334845,344049,298730,261215,258843,325268,294589,260212,278252,286420,387911,401543,454897,505133,285323,375690,412208,261268,266762,339260,290302,279574,245549,251245,393287,336270,307102,359974,310795,238718
138173,122402,167670,202924,110511,94922,181791,97603,109847,141615,127526,129531,115343,103676,88030,169810,113379,120558,111893,144576,97706,118935,110413,218476,318043,82907,104378,93301,127785,124382,97104,95139,113497,182616,191820,146501,108986,106614,173039,142360,107983,126023,134191,235682,249314,302668,352904,133094,223461,259979,109039,114533,187031,138073,127345,93320,99016,241058,184041,154873,207745,158566,86489
76737,60966,106234,141488,49075,33486,120355,36167,48411,80179,66090,68095,53907,42240,26594,108374,51943,59122,50457,83140,36270,57499,48977,157040,256607,104378,21471,31865,66349,62946,35668,33703,52061,121180,130384,85065,47550,45178,111603,80924,46547,64587,72755,174246,187878,241232,291468,71658,162025,198543,47603,53097,125595,76637,65909,31884,37580,179622,122605,93437,146309,97130,25053
65660,49889,95157,130411,37998,22409,109278,25090,37334,69102,55013,57018,42830,31163,15517,97297,40866,48045,39380,72063,25193,46422,37900,145963,245530,93301,31865,10394,55272,51869,24591,22626,40984,110103,119307,73988,36473,34101,100526,69847,35470,53510,61678,163169,176801,230155,280391,60581,150948,187466,36526,42020,114518,65560,54832,20807,26503,168545,111528,82360,135232,86053,13976
100144,84373,129641,164895,72482,56893,143762,59574,71818,103586,89497,91502,77314,65647,50001,131781,75350,82529,73864,106547,59677,80906,72384,180447,280014,127785,66349,55272,44878,86353,59075,57110,75468,144587,153791,108472,70957,68585,135010,104331,69954,87994,96162,197653,211285,264639,314875,95065,185432,221950,71010,76504,149002,100044,89316,55291,60987,203029,146012,116844,169716,120537,48460
96741,80970,126238,161492,69079,53490,140359,56171,68415,100183,86094,88099,73911,62244,46598,128378,71947,79126,70461,103144,56274,77503,68981,177044,276611,124382,62946,51869,86353,41475,55672,53707,72065,141184,150388,105069,67554,65182,131607,100928,66551,84591,92759,194250,207882,261236,311472,91662,182029,218547,67607,73101,145599,96641,85913,51888,57584,199626,142609,113441,166313,117134,45057
69463,53692,98960,134214,41801,26212,113081,28893,41137,72905,58816,60821,46633,34966,19320,101100,44669,51848,43183,75866,28996,50225,41703,149766,249333,97104,35668,24591,59075,55672,14197,26429,44787,113906,123110,77791,40276,37904,104329,73650,39273,57313,65481,166972,180604,233958,284194,64384,154751,191269,40329,45823,118321,69363,58635,24610,30306,172348,115331,86163,139035,89856,17779
67498,51727,96995,132249,39836,24247,111116,26928,39172,70940,56851,58856,44668,33001,17355,99135,42704,49883,41218,73901,27031,48260,39738,147801,247368,95139,33703,22626,57110,53707,26429,12232,42822,111941,121145,75826,38311,35939,102364,71685,37308,55348,63516,165007,178639,231993,282229,62419,152786,189304,38364,43858,116356,67398,56670,22645,28341,170383,113366,84198,137070,87891,15814
85856,70085,115353,150607,58194,42605,129474,45286,57530,89298,75209,77214,63026,51359,35713,117493,61062,68241,59576,92259,45389,66618,58096,166159,265726,113497,52061,40984,75468,72065,44787,42822,30590,130299,139503,94184,56669,54297,120722,90043,55666,73706,81874,183365,196997,250351,300587,80777,171144,207662,56722,62216,134714,85756,75028,41003,46699,188741,131724,102556,155428,106249,34172
154975,139204,184472,219726,127313,111724,198593,114405,126649,158417,144328,146333,132145,120478,104832,186612,130181,137360,128695,161378,114508,135737,127215,235278,334845,182616,121180,110103,144587,141184,113906,111941,130299,99709,208622,163303,125788,123416,189841,159162,124785,142825,150993,252484,266116,319470,369706,149896,240263,276781,125841,131335,203833,154875,144147,110122,115818,257860,200843,171675,224547,175368,103291
164179,148408,193676,228930,136517,120928,207797,123609,135853,167621,153532,155537,141349,129682,114036,195816,139385,146564,137899,170582,123712,144941,136419,244482,344049,191820,130384,119307,153791,150388,123110,121145,139503,208622,108913,172507,134992,132620,199045,168366,133989,152029,160197,261688,275320,328674,378910,159100,249467,285985,135045,140539,213037,164079,153351,119326,125022,267064,210047,180879,233751,184572,112495
118860,103089,148357,183611,91198,75609,162478,78290,90534,122302,108213,110218,96030,84363,68717,150497,94066,101245,92580,125263,78393,99622,91100,199163,298730,146501,85065,73988,108472,105069,77791,75826,94184,163303,172507,63594,89673,87301,153726,123047,88670,106710,114878,216369,230001,283355,333591,113781,204148,240666,89726,95220,167718,118760,108032,74007,79703,221745,164728,135560,188432,139253,67176
81345,65574,110842,146096,53683,38094,124963,40775,53019,84787,70698,72703,58515,46848,31202,112982,56551,63730,55065,87748,40878,62107,53585,161648,261215,108986,47550,36473,70957,67554,40276,38311,56669,125788,134992,89673,26079,49786,116211,85532,51155,69195,77363,178854,192486,245840,296076,76266,166633,203151,52211,57705,130203,81245,70517,36492,42188,184230,127213,98045,150917,101738,29661
78973,63202,108470,143724,51311,35722,122591,38403,50647,82415,68326,70331,56143,44476,28830,110610,54179,61358,52693,85376,38506,59735,51213,159276,258843,106614,45178,34101,68585,65182,37904,35939,54297,123416,132620,87301,49786,23707,113839,83160,48783,66823,74991,176482,190114,243468,293704,73894,164261,200779,49839,55333,127831,78873,68145,34120,39816,181858,124841,95673,148545,99366,27289
145398,129627,174895,210149,117736,102147,189016,104828,117072,148840,134751,136756,122568,110901,95255,177035,120604,127783,119118,151801,104931,126160,117638,225701,325268,173039,111603,100526,135010,131607,104329,102364,120722,189841,199045,153726,116211,113839,90132,149585,115208,133248,141416,242907,256539,309893,360129,140319,230686,267204,116264,121758,194256,145298,134570,100545,106241,248283,191266,162098,214970,165791,93714
114719,98948,144216,179470,87057,71468,158337,74149,86393,118161,104072,106077,91889,80222,64576,146356,89925,97104,88439,121122,74252,95481,86959,195022,294589,142360,80924,69847,104331,100928,73650,71685,90043,159162,168366,123047,85532,83160,149585,59453,84529,102569,110737,212228,225860,279214,329450,109640,200007,236525,85585,91079,163577,114619,103891,69866,75562,217604,160587,131419,184291,135112,63035
80342,64571,109839,145093,52680,37091,123960,39772,52016,83784,69695,71700,57512,45845,30199,111979,55548,62727,54062,86745,39875,61104,52582,160645,260212,107983,46547,35470,69954,66551,39273,37308,55666,124785,133989,88670,51155,48783,115208,84529,25076,68192,76360,177851,191483,244837,295073,75263,165630,202148,51208,56702,129200,80242,69514,35489,41185,183227,126210,97042,149914,100735,28658
98382,82611,127879,163133,70720,55131,142000,57812,70056,101824,87735,89740,75552,63885,48239,130019,73588,80767,72102,104785,57915,79144,70622,178685,278252,126023,64587,53510,87994,84591,57313,55348,73706,142825,152029,106710,69195,66823,133248,102569,68192,43116,94400,195891,209523,262877,313113,93303,183670,220188,69248,74742,147240,98282,87554,53529,59225,201267,144250,115082,167954,118775,46698
106550,90779,136047,171301,78888,63299,150168,65980,78224,109992,95903,97908,83720,72053,56407,138187,81756,88935,80270,112953,66083,87312,78790,186853,286420,134191,72755,61678,96162,92759,65481,63516,81874,150993,160197,114878,77363,74991,141416,110737,76360,94400,51284,204059,217691,271045,321281,101471,191838,228356,77416,82910,155408,106450,95722,61697,67393,209435,152418,123250,176122,126943,54866
208041,192270,237538,272792,180379,164790,251659,167471,179715,211483,197394,199399,185211,173544,157898,239678,183247,190426,181761,214444,167574,188803,180281,288344,387911,235682,174246,163169,197653,194250,166972,165007,183365,252484,261688,216369,178854,176482,242907,212228,177851,195891,204059,152775,319182,372536,422772,202962,293329,329847,178907,184401,256899,207941,197213,163188,168884,310926,253909,224741,277613,228434,156357
221673,205902,251170,286424,194011,178422,265291,181103,193347,225115,211026,213031,198843,187176,171530,253310,196879,204058,195393,228076,181206,202435,193913,301976,401543,249314,187878,176801,211285,207882,180604,178639,196997,266116,275320,230001,192486,190114,256539,225860,191483,209523,217691,319182,166407,386168,436404,216594,306961,343479,192539,198033,270531,221573,210845,176820,182516,324558,267541,238373,291245,242066,169989
275027,259256,304524,339778,247365,231776,318645,234457,246701,278469,264380,266385,252197,240530,224884,306664,250233,257412,248747,281430,234560,255789,247267,355330,454897,302668,241232,230155,264639,261236,233958,231993,250351,319470,328674,283355,245840,243468,309893,279214,244837,262877,271045,372536,386168,219761,489758,269948,360315,396833,245893,251387,323885,274927,264199,230174,235870,377912,320895,291727,344599,295420,223343
325263,309492,354760,390014,297601,282012,368881,284693,296937,328705,314616,316621,302433,290766,275120,356900,300469,307648,298983,331666,284796,306025,297503,405566,505133,352904,291468,280391,314875,311472,284194,282229,300587,369706,378910,333591,296076,293704,360129,329450,295073,313113,321281,422772,436404,489758,269997,320184,410551,447069,296129,301623,374121,325163,314435,280410,286106,428148,371131,341963,394835,345656,273579
105453,89682,134950,170204,77791,62202,149071,64883,77127,108895,94806,96811,82623,70956,55310,137090,80659,87838,79173,111856,64986,86215,77693,185756,285323,133094,71658,60581,95065,91662,64384,62419,80777,149896,159100,113781,76266,73894,140319,109640,75263,93303,101471,202962,216594,269948,320184,50187,190741,227259,76319,81813,154311,105353,94625,60600,66296,208338,151321,122153,175025,125846,53769
195820,180049,225317,260571,168158,152569,239438,155250,167494,199262,185173,187178,172990,161323,145677,227457,171026,178205,169540,202223,155353,176582,168060,276123,375690,223461,162025,150948,185432,182029,154751,152786,171144,240263,249467,204148,166633,164261,230686,200007,165630,183670,191838,293329,306961,360315,410551,190741,140554,317626,166686,172180,244678,195720,184992,150967,156663,298705,241688,212520,265392,216213,144136
232338,216567,261835,297089,204676,189087,275956,191768,204012,235780,221691,223696,209508,197841,182195,263975,207544,214723,206058,238741,191871,213100,204578,312641,412208,259979,198543,187466,221950,218547,191269,189304,207662,276781,285985,240666,203151,200779,267204,236525,202148,220188,228356,329847,343479,396833,447069,227259,317626,177072,203204,208698,281196,232238,221510,187485,193181,335223,278206,249038,301910,252731,180654
81398,65627,110895,146149,53736,38147,125016,40828,53072,84840,70751,72756,58568,46901,31255,113035,56604,63783,55118,87801,40931,62160,53638,161701,261268,109039,47603,36526,71010,67607,40329,38364,56722,125841,135045,89726,52211,49839,116264,85585,51208,69248,77416,178907,192539,245893,296129,76319,166686,203204,26132,57758,130256,81298,70570,36545,42241,184283,127266,98098,150970,101791,29714
86892,71121,116389,151643,59230,43641,130510,46322,58566,90334,76245,78250,64062,52395,36749,118529,62098,69277,60612,93295,46425,67654,59132,167195,266762,114533,53097,42020,76504,73101,45823,43858,62216,131335,140539,95220,57705,55333,121758,91079,56702,74742,82910,184401,198033,251387,301623,81813,172180,208698,57758,31626,135750,86792,76064,42039,47735,189777,132760,103592,156464,107285,35208
159390,143619,188887,224141,131728,116139,203008,118820,131064,162832,148743,150748,136560,124893,109247,191027,134596,141775,133110,165793,118923,140152,131630,239693,339260,187031,125595,114518,149002,145599,118321,116356,134714,203833,213037,167718,130203,127831,194256,163577,129200,147240,155408,256899,270531,323885,374121,154311,244678,281196,130256,135750,104124,159290,148562,114537,120233,262275,205258,176090,228962,179783,107706
110432,94661,139929,175183,82770,67181,154050,69862,82106,113874,99785,101790,87602,75935,60289,142069,85638,92817,84152,116835,69965,91194,82672,190735,290302,138073,76637,65560,100044,96641,69363,67398,85756,154875,164079,118760,81245,78873,145298,114619,80242,98282,106450,207941,221573,274927,325163,105353,195720,232238,81298,86792,159290,55166,99604,65579,71275,213317,156300,127132,180004,130825,58748
99704,83933,129201,164455,72042,56453,143322,59134,71378,103146,89057,91062,76874,65207,49561,131341,74910,82089,73424,106107,59237,80466,71944,180007,279574,127345,65909,54832,89316,85913,58635,56670,75028,144147,153351,108032,70517,68145,134570,103891,69514,87554,95722,197213,210845,264199,314435,94625,184992,221510,70570,76064,148562,99604,44438,54851,60547,202589,145572,116404,169276,120097,48020
65679,49908,95176,130430,38017,22428,109297,25109,37353,69121,55032,57037,42849,31182,15536,97316,40885,48064,39399,72082,25212,46441,37919,145982,245549,93320,31884,20807,55291,51888,24610,22645,41003,110122,119326,74007,36492,34120,100545,69866,35489,53529,61697,163188,176820,230174,280410,60600,150967,187485,36545,42039,114537,65579,54851,10413,26522,168564,111547,82379,135251,86072,13995
71375,55604,100872,136126,43713,28124,114993,30805,43049,74817,60728,62733,48545,36878,21232,103012,46581,53760,45095,77778,30908,52137,43615,151678,251245,99016,37580,26503,60987,57584,30306,28341,46699,115818,125022,79703,42188,39816,106241,75562,41185,59225,67393,168884,182516,235870,286106,66296,156663,193181,42241,47735,120233,71275,60547,26522,16109,174260,117243,88075,140947,91768,19691
213417,197646,242914,278168,185755,170166,257035,172847,185091,216859,202770,204775,190587,178920,163274,245054,188623,195802,187137,219820,172950,194179,185657,293720,393287,241058,179622,168545,203029,199626,172348,170383,188741,257860,267064,221745,184230,181858,248283,217604,183227,201267,209435,310926,324558,377912,428148,208338,298705,335223,184283,189777,262275,213317,202589,168564,174260,158151,259285,230117,282989,233810,161733
156400,140629,185897,221151,128738,113149,200018,115830,128074,159842,145753,147758,133570,121903,106257,188037,131606,138785,130120,162803,115933,137162,128640,236703,336270,184041,122605,111528,146012,142609,115331,113366,131724,200843,210047,164728,127213,124841,191266,160587,126210,144250,152418,253909,267541,320895,371131,151321,241688,278206,127266,132760,205258,156300,145572,111547,117243,259285,101134,173100,225972,176793,104716
127232,111461,156729,191983,99570,83981,170850,86662,98906,130674,116585,118590,104402,92735,77089,158869,102438,109617,100952,133635,86765,107994,99472,207535,307102,154873,93437,82360,116844,113441,86163,84198,102556,171675,180879,135560,98045,95673,162098,131419,97042,115082,123250,224741,238373,291727,341963,122153,212520,249038,98098,103592,176090,127132,116404,82379,88075,230117,173100,71966,196804,147625,75548
180104,164333,209601,244855,152442,136853,223722,139534,151778,183546,169457,171462,157274,145607,129961,211741,155310,162489,153824,186507,139637,160866,152344,260407,359974,207745,146309,135232,169716,166313,139035,137070,155428,224547,233751,188432,150917,148545,214970,184291,149914,167954,176122,277613,291245,344599,394835,175025,265392,301910,150970,156464,228962,180004,169276,135251,140947,282989,225972,196804,124838,200497,128420
130925,115154,160422,195676,103263,87674,174543,90355,102599,134367,120278,122283,108095,96428,80782,162562,106131,113310,104645,137328,90458,111687,103165,211228,310795,158566,97130,86053,120537,117134,89856,87891,106249,175368,184572,139253,101738,99366,165791,135112,100735,118775,126943,228434,242066,295420,345656,125846,216213,252731,101791,107285,179783,130825,120097,86072,91768,233810,176793,147625,200497,75659,79241
58848,43077,88345,123599,31186,15597,102466,18278,30522,62290,48201,50206,36018,24351,8705,90485,34054,41233,32568,65251,18381,39610,31088,139151,238718,86489,25053,13976,48460,45057,17779,15814,34172,103291,112495,67176,29661,27289,93714,63035,28658,46698,54866,156357,169989,223343,273579,53769,144136,180654,29714,35208,107706,58748,48020,13995,19691,161733,104716,75548,128420,79241,3582
