44855,78709,116759,138219,68412,55542,126483,57705,67053,92192,80797,83804,72295,62305,48714,119373,71221,74810,69928,97528,57972,75709,67473,155751,235316,109601,61585,53883,84792,79018,57298,55587,71517,131064,133061,97915,67903,64438,121053,95706,66910,81871,89030,174557,182679,222226,263202,88055,168690,194056,64317,70536,125163,86898,78839,52291,58174,170396,121762,98256,150118,104593,46293
78709,33854,105758,127218,57411,44541,115482,46704,56052,81191,69796,72803,61294,51304,37713,108372,60220,63809,58927,86527,46971,64708,56472,144750,224315,98600,50584,42882,73791,68017,46297,44586,60516,120063,122060,86914,56902,53437,110052,84705,55909,70870,78029,163556,171678,211225,252201,77054,157689,183055,53316,59535,114162,75897,67838,41290,47173,159395,110761,87255,139117,93592,35292
116759,105758,71904,165268,95461,82591,153532,84754,94102,119241,107846,110853,99344,89354,75763,146422,98270,101859,96977,124577,85021,102758,94522,182800,262365,136650,88634,80932,111841,106067,84347,82636,98566,158113,160110,124964,94952,91487,148102,122755,93959,108920,116079,201606,209728,249275,290251,115104,195739,221105,91366,97585,152212,113947,105888,79340,85223,197445,148811,125305,177167,131642,73342
138219,127218,165268,93364,116921,104051,174992,106214,115562,140701,129306,132313,120804,110814,97223,167882,119730,123319,118437,146037,106481,124218,115982,204260,283825,158110,110094,102392,133301,127527,105807,104096,120026,179573,181570,146424,116412,112947,169562,144215,115419,130380,137539,223066,231188,270735,311711,136564,217199,242565,112826,119045,173672,135407,127348,100800,106683,218905,170271,146765,198627,153102,94802
68412,57411,95461,116921,23557,34244,105185,36407,45755,70894,59499,62506,50997,41007,27416,98075,49923,53512,48630,76230,36674,54411,46175,134453,214018,88303,40287,32585,63494,57720,36000,34289,50219,109766,111763,76617,46605,43140,99755,74408,45612,60573,67732,153259,161381,200928,241904,66757,147392,172758,43019,49238,103865,65600,57541,30993,36876,149098,100464,76958,128820,83295,24995
55542,44541,82591,104051,34244,10687,92315,23537,32885,58024,46629,49636,38127,28137,14546,85205,37053,40642,35760,63360,23804,41541,33305,121583,201148,75433,27417,19715,50624,44850,23130,21419,37349,96896,98893,63747,33735,30270,86885,61538,32742,47703,54862,140389,148511,188058,229034,53887,134522,159888,30149,36368,90995,52730,44671,18123,24006,136228,87594,64088,115950,70425,12125
126483,115482,153532,174992,105185,92315,81628,94478,103826,128965,117570,120577,109068,99078,85487,156146,107994,111583,106701,134301,94745,112482,104246,192524,272089,146374,98358,90656,121565,115791,94071,92360,108290,167837,169834,134688,104676,101211,157826,132479,103683,118644,125803,211330,219452,258999,299975,124828,205463,230829,101090,107309,161936,123671,115612,89064,94947,207169,158535,135029,186891,141366,83066
57705,46704,84754,106214,36407,23537,94478,12850,35048,60187,48792,51799,40290,30300,16709,87368,39216,42805,37923,65523,25967,43704,35468,123746,203311,77596,29580,21878,52787,47013,25293,23582,39512,99059,101056,65910,35898,32433,89048,63701,34905,49866,57025,142552,150674,190221,231197,56050,136685,162051,32312,38531,93158,54893,46834,20286,26169,138391,89757,66251,118113,72588,14288
67053,56052,94102,115562,45755,32885,103826,35048,22198,69535,58140,61147,49638,39648,26057,96716,48564,52153,47271,74871,35315,53052,44816,133094,212659,86944,38928,31226,62135,56361,34641,32930,48860,108407,110404,75258,45246,41781,98396,73049,44253,59214,66373,151900,160022,199569,240545,65398,146033,171399,41660,47879,102506,64241,56182,29634,35517,147739,99105,75599,127461,81936,23636
92192,81191,119241,140701,70894,58024,128965,60187,69535,47337,83279,86286,74777,64787,51196,121855,73703,77292,72410,100010,60454,78191,69955,158233,237798,112083,64067,56365,87274,81500,59780,58069,73999,133546,135543,100397,70385,66920,123535,98188,69392,84353,91512,177039,185161,224708,265684,90537,171172,196538,66799,73018,127645,89380,81321,54773,60656,172878,124244,100738,152600,107075,48775
80797,69796,107846,129306,59499,46629,117570,48792,58140,83279,35942,74891,63382,53392,39801,110460,62308,65897,61015,88615,49059,66796,58560,146838,226403,100688,52672,44970,75879,70105,48385,46674,62604,122151,124148,89002,58990,55525,112140,86793,57997,72958,80117,165644,173766,213313,254289,79142,159777,185143,55404,61623,116250,77985,69926,43378,49261,161483,112849,89343,141205,95680,37380
83804,72803,110853,132313,62506,49636,120577,51799,61147,86286,74891,38949,66389,56399,42808,113467,65315,68904,64022,91622,52066,69803,61567,149845,229410,103695,55679,47977,78886,73112,51392,49681,65611,125158,127155,92009,61997,58532,115147,89800,61004,75965,83124,168651,176773,216320,257296,82149,162784,188150,58411,64630,119257,80992,72933,46385,52268,164490,115856,92350,144212,98687,40387
72295,61294,99344,120804,50997,38127,109068,40290,49638,74777,63382,66389,27440,44890,31299,101958,53806,57395,52513,80113,40557,58294,50058,138336,217901,92186,44170,36468,67377,61603,39883,38172,54102,113649,115646,80500,50488,47023,103638,78291,49495,64456,71615,157142,165264,204811,245787,70640,151275,176641,46902,53121,107748,69483,61424,34876,40759,152981,104347,80841,132703,87178,28878
62305,51304,89354,110814,41007,28137,99078,30300,39648,64787,53392,56399,44890,17450,21309,91968,43816,47405,42523,70123,30567,48304,40068,128346,207911,82196,34180,26478,57387,51613,29893,28182,44112,103659,105656,70510,40498,37033,93648,68301,39505,54466,61625,147152,155274,194821,235797,60650,141285,166651,36912,43131,97758,59493,51434,24886,30769,142991,94357,70851,122713,77188,18888
48714,37713,75763,97223,27416,14546,85487,16709,26057,51196,39801,42808,31299,21309,3859,78377,30225,33814,28932,56532,16976,34713,26477,114755,194320,68605,20589,12887,43796,38022,16302,14591,30521,90068,92065,56919,26907,23442,80057,54710,25914,40875,48034,133561,141683,181230,222206,47059,127694,153060,23321,29540,84167,45902,37843,11295,17178,129400,80766,57260,109122,63597,5297
119373,108372,146422,167882,98075,85205,156146,87368,96716,121855,110460,113467,101958,91968,78377,74518,100884,104473,99591,127191,87635,105372,97136,185414,264979,139264,91248,83546,114455,108681,86961,85250,101180,160727,162724,127578,97566,94101,150716,125369,96573,111534,118693,204220,212342,251889,292865,117718,198353,223719,93980,100199,154826,116561,108502,81954,87837,200059,151425,127919,179781,134256,75956
71221,60220,98270,119730,49923,37053,107994,39216,48564,73703,62308,65315,53806,43816,30225,100884,26366,56321,51439,79039,39483,57220,48984,137262,216827,91112,43096,35394,66303,60529,38809,37098,53028,112575,114572,79426,49414,45949,102564,77217,48421,63382,70541,156068,164190,203737,244713,69566,150201,175567,45828,52047,106674,68409,60350,33802,39685,151907,103273,79767,131629,86104,27804
74810,63809,101859,123319,53512,40642,111583,42805,52153,77292,65897,68904,57395,47405,33814,104473,56321,29955,55028,82628,43072,60809,52573,140851,220416,94701,46685,38983,69892,64118,42398,40687,56617,116164,118161,83015,53003,49538,106153,80806,52010,66971,74130,159657,167779,207326,248302,73155,153790,179156,49417,55636,110263,71998,63939,37391,43274,155496,106862,83356,135218,89693,31393
69928,58927,96977,118437,48630,35760,106701,37923,47271,72410,61015,64022,52513,42523,28932,99591,51439,55028,25073,77746,38190,55927,47691,135969,215534,89819,41803,34101,65010,59236,37516,35805,51735,111282,113279,78133,48121,44656,101271,75924,47128,62089,69248,154775,162897,202444,243420,68273,148908,174274,44535,50754,105381,67116,59057,32509,38392,150614,101980,78474,130336,84811,26511
97528,86527,124577,146037,76230,63360,134301,65523,74871,100010,88615,91622,80113,70123,56532,127191,79039,82628,77746,52673,65790,83527,75291,163569,243134,117419,69403,61701,92610,86836,65116,63405,79335,138882,140879,105733,75721,72256,128871,103524,74728,89689,96848,182375,190497,230044,271020,95873,176508,201874,72135,78354,132981,94716,86657,60109,65992,178214,129580,106074,157936,112411,54111
57972,46971,85021,106481,36674,23804,94745,25967,35315,60454,49059,52066,40557,30567,16976,87635,39483,43072,38190,65790,13117,43971,35735,124013,203578,77863,29847,22145,53054,47280,25560,23849,39779,99326,101323,66177,36165,32700,89315,63968,35172,50133,57292,142819,150941,190488,231464,56317,136952,162318,32579,38798,93425,55160,47101,20553,26436,138658,90024,66518,118380,72855,14555
75709,64708,102758,124218,54411,41541,112482,43704,53052,78191,66796,69803,58294,48304,34713,105372,57220,60809,55927,83527,43971,30854,53472,141750,221315,95600,47584,39882,70791,65017,43297,41586,57516,117063,119060,83914,53902,50437,107052,81705,52909,67870,75029,160556,168678,208225,249201,74054,154689,180055,50316,56535,111162,72897,64838,38290,44173,156395,107761,84255,136117,90592,32292
67473,56472,94522,115982,46175,33305,104246,35468,44816,69955,58560,61567,50058,40068,26477,97136,48984,52573,47691,75291,35735,53472,22618,133514,213079,87364,39348,31646,62555,56781,35061,33350,49280,108827,110824,75678,45666,42201,98816,73469,44673,59634,66793,152320,160442,199989,240965,65818,146453,171819,42080,48299,102926,64661,56602,30054,35937,148159,99525,76019,127881,82356,24056
155751,144750,182800,204260,134453,121583,192524,123746,133094,158233,146838,149845,138336,128346,114755,185414,137262,140851,135969,163569,124013,141750,133514,110896,301357,175642,127626,119924,150833,145059,123339,121628,137558,197105,199102,163956,133944,130479,187094,161747,132951,147912,155071,240598,248720,288267,329243,154096,234731,260097,130358,136577,191204,152939,144880,118332,124215,236437,187803,164297,216159,170634,112334
235316,224315,262365,283825,214018,201148,272089,203311,212659,237798,226403,229410,217901,207911,194320,264979,216827,220416,215534,243134,203578,221315,213079,301357,190461,255207,207191,199489,230398,224624,202904,201193,217123,276670,278667,243521,213509,210044,266659,241312,212516,227477,234636,320163,328285,367832,408808,233661,314296,339662,209923,216142,270769,232504,224445,197897,203780,316002,267368,243862,295724,250199,191899
109601,98600,136650,158110,88303,75433,146374,77596,86944,112083,100688,103695,92186,82196,68605,139264,91112,94701,89819,117419,77863,95600,87364,175642,255207,64746,81476,73774,104683,98909,77189,75478,91408,150955,152952,117806,87794,84329,140944,115597,86801,101762,108921,194448,202570,242117,283093,107946,188581,213947,84208,90427,145054,106789,98730,72182,78065,190287,141653,118147,170009,124484,66184
61585,50584,88634,110094,40287,27417,98358,29580,38928,64067,52672,55679,44170,34180,20589,91248,43096,46685,41803,69403,29847,47584,39348,127626,207191,81476,16730,25758,56667,50893,29173,27462,43392,102939,104936,69790,39778,36313,92928,67581,38785,53746,60905,146432,154554,194101,235077,59930,140565,165931,36192,42411,97038,58773,50714,24166,30049,142271,93637,70131,121993,76468,18168
53883,42882,80932,102392,32585,19715,90656,21878,31226,56365,44970,47977,36468,26478,12887,83546,35394,38983,34101,61701,22145,39882,31646,119924,199489,73774,25758,9028,48965,43191,21471,19760,35690,95237,97234,62088,32076,28611,85226,59879,31083,46044,53203,138730,146852,186399,227375,52228,132863,158229,28490,34709,89336,51071,43012,16464,22347,134569,85935,62429,114291,68766,10466
84792,73791,111841,133301,63494,50624,121565,52787,62135,87274,75879,78886,67377,57387,43796,114455,66303,69892,65010,92610,53054,70791,62555,150833,230398,104683,56667,48965,39937,74100,52380,50669,66599,126146,128143,92997,62985,59520,116135,90788,61992,76953,84112,169639,177761,217308,258284,83137,163772,189138,59399,65618,120245,81980,73921,47373,53256,165478,116844,93338,145200,99675,41375
79018,68017,106067,127527,57720,44850,115791,47013,56361,81500,70105,73112,61603,51613,38022,108681,60529,64118,59236,86836,47280,65017,56781,145059,224624,98909,50893,43191,74100,34163,46606,44895,60825,120372,122369,87223,57211,53746,110361,85014,56218,71179,78338,163865,171987,211534,252510,77363,157998,183364,53625,59844,114471,76206,68147,41599,47482,159704,111070,87564,139426,93901,35601
57298,46297,84347,105807,36000,23130,94071,25293,34641,59780,48385,51392,39883,29893,16302,86961,38809,42398,37516,65116,25560,43297,35061,123339,202904,77189,29173,21471,52380,46606,12443,23175,39105,98652,100649,65503,35491,32026,88641,63294,34498,49459,56618,142145,150267,189814,230790,55643,136278,161644,31905,38124,92751,54486,46427,19879,25762,137984,89350,65844,117706,72181,13881
55587,44586,82636,104096,34289,21419,92360,23582,32930,58069,46674,49681,38172,28182,14591,85250,37098,40687,35805,63405,23849,41586,33350,121628,201193,75478,27462,19760,50669,44895,23175,10732,37394,96941,98938,63792,33780,30315,86930,61583,32787,47748,54907,140434,148556,188103,229079,53932,134567,159933,30194,36413,91040,52775,44716,18168,24051,136273,87639,64133,115995,70470,12170
71517,60516,98566,120026,50219,37349,108290,39512,48860,73999,62604,65611,54102,44112,30521,101180,53028,56617,51735,79335,39779,57516,49280,137558,217123,91408,43392,35690,66599,60825,39105,37394,26662,112871,114868,79722,49710,46245,102860,77513,48717,63678,70837,156364,164486,204033,245009,69862,150497,175863,46124,52343,106970,68705,60646,34098,39981,152203,103569,80063,131925,86400,28100
131064,120063,158113,179573,109766,96896,167837,99059,108407,133546,122151,125158,113649,103659,90068,160727,112575,116164,111282,138882,99326,117063,108827,197105,276670,150955,102939,95237,126146,120372,98652,96941,112871,86209,174415,139269,109257,105792,162407,137060,108264,123225,130384,215911,224033,263580,304556,129409,210044,235410,105671,111890,166517,128252,120193,93645,99528,211750,163116,139610,191472,145947,87647
133061,122060,160110,181570,111763,98893,169834,101056,110404,135543,124148,127155,115646,105656,92065,162724,114572,118161,113279,140879,101323,119060,110824,199102,278667,152952,104936,97234,128143,122369,100649,98938,114868,174415,88206,141266,111254,107789,164404,139057,110261,125222,132381,217908,226030,265577,306553,131406,212041,237407,107668,113887,168514,130249,122190,95642,101525,213747,165113,141607,193469,147944,89644
97915,86914,124964,146424,76617,63747,134688,65910,75258,100397,89002,92009,80500,70510,56919,127578,79426,83015,78133,105733,66177,83914,75678,163956,243521,117806,69790,62088,92997,87223,65503,63792,79722,139269,141266,53060,76108,72643,129258,103911,75115,90076,97235,182762,190884,230431,271407,96260,176895,202261,72522,78741,133368,95103,87044,60496,66379,178601,129967,106461,158323,112798,54498
67903,56902,94952,116412,46605,33735,104676,35898,45246,70385,58990,61997,50488,40498,26907,97566,49414,53003,48121,75721,36165,53902,45666,133944,213509,87794,39778,32076,62985,57211,35491,33780,49710,109257,111254,76108,23048,42631,99246,73899,45103,60064,67223,152750,160872,200419,241395,66248,146883,172249,42510,48729,103356,65091,57032,30484,36367,148589,99955,76449,128311,82786,24486
64438,53437,91487,112947,43140,30270,101211,32433,41781,66920,55525,58532,47023,37033,23442,94101,45949,49538,44656,72256,32700,50437,42201,130479,210044,84329,36313,28611,59520,53746,32026,30315,46245,105792,107789,72643,42631,19583,95781,70434,41638,56599,63758,149285,157407,196954,237930,62783,143418,168784,39045,45264,99891,61626,53567,27019,32902,145124,96490,72984,124846,79321,21021
121053,110052,148102,169562,99755,86885,157826,89048,98396,123535,112140,115147,103638,93648,80057,150716,102564,106153,101271,128871,89315,107052,98816,187094,266659,140944,92928,85226,116135,110361,88641,86930,102860,162407,164404,129258,99246,95781,76198,127049,98253,113214,120373,205900,214022,253569,294545,119398,200033,225399,95660,101879,156506,118241,110182,83634,89517,201739,153105,129599,181461,135936,77636
95706,84705,122755,144215,74408,61538,132479,63701,73049,98188,86793,89800,78291,68301,54710,125369,77217,80806,75924,103524,63968,81705,73469,161747,241312,115597,67581,59879,90788,85014,63294,61583,77513,137060,139057,103911,73899,70434,127049,50851,72906,87867,95026,180553,188675,228222,269198,94051,174686,200052,70313,76532,131159,92894,84835,58287,64170,176392,127758,104252,156114,110589,52289
66910,55909,93959,115419,45612,32742,103683,34905,44253,69392,57997,61004,49495,39505,25914,96573,48421,52010,47128,74728,35172,52909,44673,132951,212516,86801,38785,31083,61992,56218,34498,32787,48717,108264,110261,75115,45103,41638,98253,72906,22055,59071,66230,151757,159879,199426,240402,65255,145890,171256,41517,47736,102363,64098,56039,29491,35374,147596,98962,75456,127318,81793,23493
81871,70870,108920,130380,60573,47703,118644,49866,59214,84353,72958,75965,64456,54466,40875,111534,63382,66971,62089,89689,50133,67870,59634,147912,227477,101762,53746,46044,76953,71179,49459,47748,63678,123225,125222,90076,60064,56599,113214,87867,59071,37016,81191,166718,174840,214387,255363,80216,160851,186217,56478,62697,117324,79059,71000,44452,50335,162557,113923,90417,142279,96754,38454
89030,78029,116079,137539,67732,54862,125803,57025,66373,91512,80117,83124,71615,61625,48034,118693,70541,74130,69248,96848,57292,75029,66793,155071,234636,108921,60905,53203,84112,78338,56618,54907,70837,130384,132381,97235,67223,63758,120373,95026,66230,81191,44175,173877,181999,221546,262522,87375,168010,193376,63637,69856,124483,86218,78159,51611,57494,169716,121082,97576,149438,103913,45613
174557,163556,201606,223066,153259,140389,211330,142552,151900,177039,165644,168651,157142,147152,133561,204220,156068,159657,154775,182375,142819,160556,152320,240598,320163,194448,146432,138730,169639,163865,142145,140434,156364,215911,217908,182762,152750,149285,205900,180553,151757,166718,173877,129702,267526,307073,348049,172902,253537,278903,149164,155383,210010,171745,163686,137138,143021,255243,206609,183103,234965,189440,131140
182679,171678,209728,231188,161381,148511,219452,150674,160022,185161,173766,176773,165264,155274,141683,212342,164190,167779,162897,190497,150941,168678,160442,248720,328285,202570,154554,146852,177761,171987,150267,148556,164486,224033,226030,190884,160872,157407,214022,188675,159879,174840,181999,267526,137824,315195,356171,181024,261659,287025,157286,163505,218132,179867,171808,145260,151143,263365,214731,191225,243087,197562,139262
222226,211225,249275,270735,200928,188058,258999,190221,199569,224708,213313,216320,204811,194821,181230,251889,203737,207326,202444,230044,190488,208225,199989,288267,367832,242117,194101,186399,217308,211534,189814,188103,204033,263580,265577,230431,200419,196954,253569,228222,199426,214387,221546,307073,315195,177371,395718,220571,301206,326572,196833,203052,257679,219414,211355,184807,190690,302912,254278,230772,282634,237109,178809
263202,252201,290251,311711,241904,229034,299975,231197,240545,265684,254289,257296,245787,235797,222206,292865,244713,248302,243420,271020,231464,249201,240965,329243,408808,283093,235077,227375,258284,252510,230790,229079,245009,304556,306553,271407,241395,237930,294545,269198,240402,255363,262522,348049,356171,395718,218347,261547,342182,367548,237809,244028,298655,260390,252331,225783,231666,343888,295254,271748,323610,278085,219785
88055,77054,115104,136564,66757,53887,124828,56050,65398,90537,79142,82149,70640,60650,47059,117718,69566,73155,68273,95873,56317,74054,65818,154096,233661,107946,59930,52228,83137,77363,55643,53932,69862,129409,131406,96260,66248,62783,119398,94051,65255,80216,87375,172902,181024,220571,261547,43200,167035,192401,62662,68881,123508,85243,77184,50636,56519,168741,120107,96601,148463,102938,44638
168690,157689,195739,217199,147392,134522,205463,136685,146033,171172,159777,162784,151275,141285,127694,198353,150201,153790,148908,176508,136952,154689,146453,234731,314296,188581,140565,132863,163772,157998,136278,134567,150497,210044,212041,176895,146883,143418,200033,174686,145890,160851,168010,253537,261659,301206,342182,167035,123835,273036,143297,149516,204143,165878,157819,131271,137154,249376,200742,177236,229098,183573,125273
194056,183055,221105,242565,172758,159888,230829,162051,171399,196538,185143,188150,176641,166651,153060,223719,175567,179156,174274,201874,162318,180055,171819,260097,339662,213947,165931,158229,189138,183364,161644,159933,175863,235410,237407,202261,172249,168784,225399,200052,171256,186217,193376,278903,287025,326572,367548,192401,273036,149201,168663,174882,229509,191244,183185,156637,162520,274742,226108,202602,254464,208939,150639
64317,53316,91366,112826,43019,30149,101090,32312,41660,66799,55404,58411,46902,36912,23321,93980,45828,49417,44535,72135,32579,50316,42080,130358,209923,84208,36192,28490,59399,53625,31905,30194,46124,105671,107668,72522,42510,39045,95660,70313,41517,56478,63637,149164,157286,196833,237809,62662,143297,168663,19462,45143,99770,61505,53446,26898,32781,145003,96369,72863,124725,79200,20900
70536,59535,97585,119045,49238,36368,107309,38531,47879,73018,61623,64630,53121,43131,29540,100199,52047,55636,50754,78354,38798,56535,48299,136577,216142,90427,42411,34709,65618,59844,38124,36413,52343,111890,113887,78741,48729,45264,101879,76532,47736,62697,69856,155383,163505,203052,244028,68881,149516,174882,45143,25681,105989,67724,59665,33117,39000,151222,102588,79082,130944,85419,27119
125163,114162,152212,173672,103865,90995,161936,93158,102506,127645,116250,119257,107748,97758,84167,154826,106674,110263,105381,132981,93425,111162,102926,191204,270769,145054,97038,89336,120245,114471,92751,91040,106970,166517,168514,133368,103356,99891,156506,131159,102363,117324,124483,210010,218132,257679,298655,123508,204143,229509,99770,105989,80308,122351,114292,87744,93627,205849,157215,133709,185571,140046,81746
86898,75897,113947,135407,65600,52730,123671,54893,64241,89380,77985,80992,69483,59493,45902,116561,68409,71998,67116,94716,55160,72897,64661,152939,232504,106789,58773,51071,81980,76206,54486,52775,68705,128252,130249,95103,65091,61626,118241,92894,64098,79059,86218,171745,179867,219414,260390,85243,165878,191244,61505,67724,122351,42043,76027,49479,55362,167584,118950,95444,147306,101781,43481
78839,67838,105888,127348,57541,44671,115612,46834,56182,81321,69926,72933,61424,51434,37843,108502,60350,63939,59057,86657,47101,64838,56602,144880,224445,98730,50714,43012,73921,68147,46427,44716,60646,120193,122190,87044,57032,53567,110182,84835,56039,71000,78159,163686,171808,211355,252331,77184,157819,183185,53446,59665,114292,76027,33984,41420,47303,159525,110891,87385,139247,93722,35422
52291,41290,79340,100800,30993,18123,89064,20286,29634,54773,43378,46385,34876,24886,11295,81954,33802,37391,32509,60109,20553,38290,30054,118332,197897,72182,24166,16464,47373,41599,19879,18168,34098,93645,95642,60496,30484,27019,83634,58287,29491,44452,51611,137138,145260,184807,225783,50636,131271,156637,26898,33117,87744,49479,41420,7436,20755,132977,84343,60837,112699,67174,8874
58174,47173,85223,106683,36876,24006,94947,26169,35517,60656,49261,52268,40759,30769,17178,87837,39685,43274,38392,65992,26436,44173,35937,124215,203780,78065,30049,22347,53256,47482,25762,24051,39981,99528,101525,66379,36367,32902,89517,64170,35374,50335,57494,143021,151143,190690,231666,56519,137154,162520,32781,39000,93627,55362,47303,20755,13319,138860,90226,66720,118582,73057,14757
170396,159395,197445,218905,149098,136228,207169,138391,147739,172878,161483,164490,152981,142991,129400,200059,151907,155496,150614,178214,138658,156395,148159,236437,316002,190287,142271,134569,165478,159704,137984,136273,152203,211750,213747,178601,148589,145124,201739,176392,147596,162557,169716,255243,263365,302912,343888,168741,249376,274742,145003,151222,205849,167584,159525,132977,138860,125541,202448,178942,230804,185279,126979
121762,110761,148811,170271,100464,87594,158535,89757,99105,124244,112849,115856,104347,94357,80766,151425,103273,106862,101980,129580,90024,107761,99525,187803,267368,141653,93637,85935,116844,111070,89350,87639,103569,163116,165113,129967,99955,96490,153105,127758,98962,113923,121082,206609,214731,254278,295254,120107,200742,226108,96369,102588,157215,118950,110891,84343,90226,202448,76907,130308,182170,136645,78345
98256,87255,125305,146765,76958,64088,135029,66251,75599,100738,89343,92350,80841,70851,57260,127919,79767,83356,78474,106074,66518,84255,76019,164297,243862,118147,70131,62429,93338,87564,65844,64133,80063,139610,141607,106461,76449,72984,129599,104252,75456,90417,97576,183103,191225,230772,271748,96601,177236,202602,72863,79082,133709,95444,87385,60837,66720,178942,130308,53401,158664,113139,54839
150118,139117,177167,198627,128820,115950,186891,118113,127461,152600,141205,144212,132703,122713,109122,179781,131629,135218,130336,157936,118380,136117,127881,216159,295724,170009,121993,114291,145200,139426,117706,115995,131925,191472,193469,158323,128311,124846,181461,156114,127318,142279,149438,234965,243087,282634,323610,148463,229098,254464,124725,130944,185571,147306,139247,112699,118582,230804,182170,158664,105263,165001,106701
104593,93592,131642,153102,83295,70425,141366,72588,81936,107075,95680,98687,87178,77188,63597,134256,86104,89693,84811,112411,72855,90592,82356,170634,250199,124484,76468,68766,99675,93901,72181,70470,86400,145947,147944,112798,82786,79321,135936,110589,81793,96754,103913,189440,197562,237109,278085,102938,183573,208939,79200,85419,140046,101781,93722,67174,73057,185279,136645,113139,165001,59738,61176
46293,35292,73342,94802,24995,12125,83066,14288,23636,48775,37380,40387,28878,18888,5297,75956,27804,31393,26511,54111,14555,32292,24056,112334,191899,66184,18168,10466,41375,35601,13881,12170,28100,87647,89644,54498,24486,21021,77636,52289,23493,38454,45613,131140,139262,178809,219785,44638,125273,150639,20900,27119,81746,43481,35422,8874,14757,126979,78345,54839,106701,61176,1438
