34325,60773,90573,102409,53176,43260,97057,44926,51701,69718,61881,64761,55979,48310,36779,94688,56155,56422,54535,77110,45180,58973,51447,118280,176644,76186,45309,41968,67699,60456,44533,43279,56810,104748,101086,75773,53508,49157,95147,76022,52780,64161,69525,138215,139589,170046,173793,68343,129403,146173,46422,52230,85428,59804,55015,39040,43164,124538,85356,66991,116969,75538,34822
60773,26448,82696,94532,45299,35383,89180,37049,43824,61841,54004,56884,48102,40433,28902,86811,48278,48545,46658,69233,37303,51096,43570,110403,168767,68309,37432,34091,59822,52579,36656,35402,48933,96871,93209,67896,45631,41280,87270,68145,44903,56284,61648,130338,131712,162169,165916,60466,121526,138296,38545,44353,77551,51927,47138,31163,35287,116661,77479,59114,109092,67661,26945
90573,82696,56248,124332,75099,65183,118980,66849,73624,91641,83804,86684,77902,70233,58702,116611,78078,78345,76458,99033,67103,80896,73370,140203,198567,98109,67232,63891,89622,82379,66456,65202,78733,126671,123009,97696,75431,71080,117070,97945,74703,86084,91448,160138,161512,191969,195716,90266,151326,168096,68345,74153,107351,81727,76938,60963,65087,146461,107279,88914,138892,97461,56745
102409,94532,124332,68084,86935,77019,130816,78685,85460,103477,95640,98520,89738,82069,70538,128447,89914,90181,88294,110869,78939,92732,85206,152039,210403,109945,79068,75727,101458,94215,78292,77038,90569,138507,134845,109532,87267,82916,128906,109781,86539,97920,103284,171974,173348,203805,207552,102102,163162,179932,80181,85989,119187,93563,88774,72799,76923,158297,119115,100750,150728,109297,68581
53176,45299,75099,86935,18851,27786,81583,29452,36227,54244,46407,49287,40505,32836,21305,79214,40681,40948,39061,61636,29706,43499,35973,102806,161170,60712,29835,26494,52225,44982,29059,27805,41336,89274,85612,60299,38034,33683,79673,60548,37306,48687,54051,122741,124115,154572,158319,52869,113929,130699,30948,36756,69954,44330,39541,23566,27690,109064,69882,51517,101495,60064,19348
43260,35383,65183,77019,27786,8935,71667,19536,26311,44328,36491,39371,30589,22920,11389,69298,30765,31032,29145,51720,19790,33583,26057,92890,151254,50796,19919,16578,42309,35066,19143,17889,31420,79358,75696,50383,28118,23767,69757,50632,27390,38771,44135,112825,114199,144656,148403,42953,104013,120783,21032,26840,60038,34414,29625,13650,17774,99148,59966,41601,91579,50148,9432
97057,89180,118980,130816,81583,71667,62732,73333,80108,98125,90288,93168,84386,76717,65186,123095,84562,84829,82942,105517,73587,87380,79854,146687,205051,104593,73716,70375,96106,88863,72940,71686,85217,133155,129493,104180,81915,77564,123554,104429,81187,92568,97932,166622,167996,198453,202200,96750,157810,174580,74829,80637,113835,88211,83422,67447,71571,152945,113763,95398,145376,103945,63229
44926,37049,66849,78685,29452,19536,73333,10601,27977,45994,38157,41037,32255,24586,13055,70964,32431,32698,30811,53386,21456,35249,27723,94556,152920,52462,21585,18244,43975,36732,20809,19555,33086,81024,77362,52049,29784,25433,71423,52298,29056,40437,45801,114491,115865,146322,150069,44619,105679,122449,22698,28506,61704,36080,31291,15316,19440,100814,61632,43267,93245,51814,11098
51701,43824,73624,85460,36227,26311,80108,27977,17376,52769,44932,47812,39030,31361,19830,77739,39206,39473,37586,60161,28231,42024,34498,101331,159695,59237,28360,25019,50750,43507,27584,26330,39861,87799,84137,58824,36559,32208,78198,59073,35831,47212,52576,121266,122640,153097,156844,51394,112454,129224,29473,35281,68479,42855,38066,22091,26215,107589,68407,50042,100020,58589,17873
69718,61841,91641,103477,54244,44328,98125,45994,52769,35393,62949,65829,57047,49378,37847,95756,57223,57490,55603,78178,46248,60041,52515,119348,177712,77254,46377,43036,68767,61524,45601,44347,57878,105816,102154,76841,54576,50225,96215,77090,53848,65229,70593,139283,140657,171114,174861,69411,130471,147241,47490,53298,86496,60872,56083,40108,44232,125606,86424,68059,118037,76606,35890
61881,54004,83804,95640,46407,36491,90288,38157,44932,62949,27556,57992,49210,41541,30010,87919,49386,49653,47766,70341,38411,52204,44678,111511,169875,69417,38540,35199,60930,53687,37764,36510,50041,97979,94317,69004,46739,42388,88378,69253,46011,57392,62756,131446,132820,163277,167024,61574,122634,139404,39653,45461,78659,53035,48246,32271,36395,117769,78587,60222,110200,68769,28053
64761,56884,86684,98520,49287,39371,93168,41037,47812,65829,57992,30436,52090,44421,32890,90799,52266,52533,50646,73221,41291,55084,47558,114391,172755,72297,41420,38079,63810,56567,40644,39390,52921,100859,97197,71884,49619,45268,91258,72133,48891,60272,65636,134326,135700,166157,169904,64454,125514,142284,42533,48341,81539,55915,51126,35151,39275,120649,81467,63102,113080,71649,30933
55979,48102,77902,89738,40505,30589,84386,32255,39030,57047,49210,52090,21654,35639,24108,82017,43484,43751,41864,64439,32509,46302,38776,105609,163973,63515,32638,29297,55028,47785,31862,30608,44139,92077,88415,63102,40837,36486,82476,63351,40109,51490,56854,125544,126918,157375,161122,55672,116732,133502,33751,39559,72757,47133,42344,26369,30493,111867,72685,54320,104298,62867,22151
48310,40433,70233,82069,32836,22920,76717,24586,31361,49378,41541,44421,35639,13985,16439,74348,35815,36082,34195,56770,24840,38633,31107,97940,156304,55846,24969,21628,47359,40116,24193,22939,36470,84408,80746,55433,33168,28817,74807,55682,32440,43821,49185,117875,119249,149706,153453,48003,109063,125833,26082,31890,65088,39464,34675,18700,22824,104198,65016,46651,96629,55198,14482
36779,28902,58702,70538,21305,11389,65186,13055,19830,37847,30010,32890,24108,16439,2454,62817,24284,24551,22664,45239,13309,27102,19576,86409,144773,44315,13438,10097,35828,28585,12662,11408,24939,72877,69215,43902,21637,17286,63276,44151,20909,32290,37654,106344,107718,138175,141922,36472,97532,114302,14551,20359,53557,27933,23144,7169,11293,92667,53485,35120,85098,43667,2951
94688,86811,116611,128447,79214,69298,123095,70964,77739,95756,87919,90799,82017,74348,62817,60363,82193,82460,80573,103148,71218,85011,77485,144318,202682,102224,71347,68006,93737,86494,70571,69317,82848,130786,127124,101811,79546,75195,121185,102060,78818,90199,95563,164253,165627,196084,199831,94381,155441,172211,72460,78268,111466,85842,81053,65078,69202,150576,111394,93029,143007,101576,60860
56155,48278,78078,89914,40681,30765,84562,32431,39206,57223,49386,52266,43484,35815,24284,82193,21830,43927,42040,64615,32685,46478,38952,105785,164149,63691,32814,29473,55204,47961,32038,30784,44315,92253,88591,63278,41013,36662,82652,63527,40285,51666,57030,125720,127094,157551,161298,55848,116908,133678,33927,39735,72933,47309,42520,26545,30669,112043,72861,54496,104474,63043,22327
56422,48545,78345,90181,40948,31032,84829,32698,39473,57490,49653,52533,43751,36082,24551,82460,43927,22097,42307,64882,32952,46745,39219,106052,164416,63958,33081,29740,55471,48228,32305,31051,44582,92520,88858,63545,41280,36929,82919,63794,40552,51933,57297,125987,127361,157818,161565,56115,117175,133945,34194,40002,73200,47576,42787,26812,30936,112310,73128,54763,104741,63310,22594
54535,46658,76458,88294,39061,29145,82942,30811,37586,55603,47766,50646,41864,34195,22664,80573,42040,42307,20210,62995,31065,44858,37332,104165,162529,62071,31194,27853,53584,46341,30418,29164,42695,90633,86971,61658,39393,35042,81032,61907,38665,50046,55410,124100,125474,155931,159678,54228,115288,132058,32307,38115,71313,45689,40900,24925,29049,110423,71241,52876,102854,61423,20707
77110,69233,99033,110869,61636,51720,105517,53386,60161,78178,70341,73221,64439,56770,45239,103148,64615,64882,62995,42785,53640,67433,59907,126740,185104,84646,53769,50428,76159,68916,52993,51739,65270,113208,109546,84233,61968,57617,103607,84482,61240,72621,77985,146675,148049,178506,182253,76803,137863,154633,54882,60690,93888,68264,63475,47500,51624,132998,93816,75451,125429,83998,43282
45180,37303,67103,78939,29706,19790,73587,21456,28231,46248,38411,41291,32509,24840,13309,71218,32685,32952,31065,53640,10855,35503,27977,94810,153174,52716,21839,18498,44229,36986,21063,19809,33340,81278,77616,52303,30038,25687,71677,52552,29310,40691,46055,114745,116119,146576,150323,44873,105933,122703,22952,28760,61958,36334,31545,15570,19694,101068,61886,43521,93499,52068,11352
58973,51096,80896,92732,43499,33583,87380,35249,42024,60041,52204,55084,46302,38633,27102,85011,46478,46745,44858,67433,35503,24648,41770,108603,166967,66509,35632,32291,58022,50779,34856,33602,47133,95071,91409,66096,43831,39480,85470,66345,43103,54484,59848,128538,129912,160369,164116,58666,119726,136496,36745,42553,75751,50127,45338,29363,33487,114861,75679,57314,107292,65861,25145
51447,43570,73370,85206,35973,26057,79854,27723,34498,52515,44678,47558,38776,31107,19576,77485,38952,39219,37332,59907,27977,41770,17122,101077,159441,58983,28106,24765,50496,43253,27330,26076,39607,87545,83883,58570,36305,31954,77944,58819,35577,46958,52322,121012,122386,152843,156590,51140,112200,128970,29219,35027,68225,42601,37812,21837,25961,107335,68153,49788,99766,58335,17619
118280,110403,140203,152039,102806,92890,146687,94556,101331,119348,111511,114391,105609,97940,86409,144318,105785,106052,104165,126740,94810,108603,101077,83955,226274,125816,94939,91598,117329,110086,94163,92909,106440,154378,150716,125403,103138,98787,144777,125652,102410,113791,119155,187845,189219,219676,223423,117973,179033,195803,96052,101860,135058,109434,104645,88670,92794,174168,134986,116621,166599,125168,84452
176644,168767,198567,210403,161170,151254,205051,152920,159695,177712,169875,172755,163973,156304,144773,202682,164149,164416,162529,185104,153174,166967,159441,226274,142319,184180,153303,149962,175693,168450,152527,151273,164804,212742,209080,183767,161502,157151,203141,184016,160774,172155,177519,246209,247583,278040,281787,176337,237397,254167,154416,160224,193422,167798,163009,147034,151158,232532,193350,174985,224963,183532,142816
76186,68309,98109,109945,60712,50796,104593,52462,59237,77254,69417,72297,63515,55846,44315,102224,63691,63958,62071,84646,52716,66509,58983,125816,184180,41861,52845,49504,75235,67992,52069,50815,64346,112284,108622,83309,61044,56693,102683,83558,60316,71697,77061,145751,147125,177582,181329,75879,136939,153709,53958,59766,92964,67340,62551,46576,50700,132074,92892,74527,124505,83074,42358
45309,37432,67232,79068,29835,19919,73716,21585,28360,46377,38540,41420,32638,24969,13438,71347,32814,33081,31194,53769,21839,35632,28106,94939,153303,52845,10984,18627,44358,37115,21192,19938,33469,81407,77745,52432,30167,25816,71806,52681,29439,40820,46184,114874,116248,146705,150452,45002,106062,122832,23081,28889,62087,36463,31674,15699,19823,101197,62015,43650,93628,52197,11481
41968,34091,63891,75727,26494,16578,70375,18244,25019,43036,35199,38079,29297,21628,10097,68006,29473,29740,27853,50428,18498,32291,24765,91598,149962,49504,18627,7643,41017,33774,17851,16597,30128,78066,74404,49091,26826,22475,68465,49340,26098,37479,42843,111533,112907,143364,147111,41661,102721,119491,19740,25548,58746,33122,28333,12358,16482,97856,58674,40309,90287,48856,8140
67699,59822,89622,101458,52225,42309,96106,43975,50750,68767,60930,63810,55028,47359,35828,93737,55204,55471,53584,76159,44229,58022,50496,117329,175693,75235,44358,41017,33374,59505,43582,42328,55859,103797,100135,74822,52557,48206,94196,75071,51829,63210,68574,137264,138638,169095,172842,67392,128452,145222,45471,51279,84477,58853,54064,38089,42213,123587,84405,66040,116018,74587,33871
60456,52579,82379,94215,44982,35066,88863,36732,43507,61524,53687,56567,47785,40116,28585,86494,47961,48228,46341,68916,36986,50779,43253,110086,168450,67992,37115,33774,59505,26131,36339,35085,48616,96554,92892,67579,45314,40963,86953,67828,44586,55967,61331,130021,131395,161852,165599,60149,121209,137979,38228,44036,77234,51610,46821,30846,34970,116344,77162,58797,108775,67344,26628
44533,36656,66456,78292,29059,19143,72940,20809,27584,45601,37764,40644,31862,24193,12662,70571,32038,32305,30418,52993,21063,34856,27330,94163,152527,52069,21192,17851,43582,36339,10208,19162,32693,80631,76969,51656,29391,25040,71030,51905,28663,40044,45408,114098,115472,145929,149676,44226,105286,122056,22305,28113,61311,35687,30898,14923,19047,100421,61239,42874,92852,51421,10705
43279,35402,65202,77038,27805,17889,71686,19555,26330,44347,36510,39390,30608,22939,11408,69317,30784,31051,29164,51739,19809,33602,26076,92909,151273,50815,19938,16597,42328,35085,19162,8954,31439,79377,75715,50402,28137,23786,69776,50651,27409,38790,44154,112844,114218,144675,148422,42972,104032,120802,21051,26859,60057,34433,29644,13669,17793,99167,59985,41620,91598,50167,9451
56810,48933,78733,90569,41336,31420,85217,33086,39861,57878,50041,52921,44139,36470,24939,82848,44315,44582,42695,65270,33340,47133,39607,106440,164804,64346,33469,30128,55859,48616,32693,31439,22485,92908,89246,63933,41668,37317,83307,64182,40940,52321,57685,126375,127749,158206,161953,56503,117563,134333,34582,40390,73588,47964,43175,27200,31324,112698,73516,55151,105129,63698,22982
104748,96871,126671,138507,89274,79358,133155,81024,87799,105816,97979,100859,92077,84408,72877,130786,92253,92520,90633,113208,81278,95071,87545,154378,212742,112284,81407,78066,103797,96554,80631,79377,92908,70423,137184,111871,89606,85255,131245,112120,88878,100259,105623,174313,175687,206144,209891,104441,165501,182271,82520,88328,121526,95902,91113,75138,79262,160636,121454,103089,153067,111636,70920
101086,93209,123009,134845,85612,75696,129493,77362,84137,102154,94317,97197,88415,80746,69215,127124,88591,88858,86971,109546,77616,91409,83883,150716,209080,108622,77745,74404,100135,92892,76969,75715,89246,137184,66761,108209,85944,81593,127583,108458,85216,96597,101961,170651,172025,202482,206229,100779,161839,178609,78858,84666,117864,92240,87451,71476,75600,156974,117792,99427,149405,107974,67258
75773,67896,97696,109532,60299,50383,104180,52049,58824,76841,69004,71884,63102,55433,43902,101811,63278,63545,61658,84233,52303,66096,58570,125403,183767,83309,52432,49091,74822,67579,51656,50402,63933,111871,108209,41448,60631,56280,102270,83145,59903,71284,76648,145338,146712,177169,180916,75466,136526,153296,53545,59353,92551,66927,62138,46163,50287,131661,92479,74114,124092,82661,41945
53508,45631,75431,87267,38034,28118,81915,29784,36559,54576,46739,49619,40837,33168,21637,79546,41013,41280,39393,61968,30038,43831,36305,103138,161502,61044,30167,26826,52557,45314,29391,28137,41668,89606,85944,60631,19183,34015,80005,60880,37638,49019,54383,123073,124447,154904,158651,53201,114261,131031,31280,37088,70286,44662,39873,23898,28022,109396,70214,51849,101827,60396,19680
49157,41280,71080,82916,33683,23767,77564,25433,32208,50225,42388,45268,36486,28817,17286,75195,36662,36929,35042,57617,25687,39480,31954,98787,157151,56693,25816,22475,48206,40963,25040,23786,37317,85255,81593,56280,34015,14832,75654,56529,33287,44668,50032,118722,120096,150553,154300,48850,109910,126680,26929,32737,65935,40311,35522,19547,23671,105045,65863,47498,97476,56045,15329
95147,87270,117070,128906,79673,69757,123554,71423,78198,96215,88378,91258,82476,74807,63276,121185,82652,82919,81032,103607,71677,85470,77944,144777,203141,102683,71806,68465,94196,86953,71030,69776,83307,131245,127583,102270,80005,75654,60822,102519,79277,90658,96022,164712,166086,196543,200290,94840,155900,172670,72919,78727,111925,86301,81512,65537,69661,151035,111853,93488,143466,102035,61319
76022,68145,97945,109781,60548,50632,104429,52298,59073,77090,69253,72133,63351,55682,44151,102060,63527,63794,61907,84482,52552,66345,58819,125652,184016,83558,52681,49340,75071,67828,51905,50651,64182,112120,108458,83145,60880,56529,102519,41697,60152,71533,76897,145587,146961,177418,181165,75715,136775,153545,53794,59602,92800,67176,62387,46412,50536,131910,92728,74363,124341,82910,42194
52780,44903,74703,86539,37306,27390,81187,29056,35831,53848,46011,48891,40109,32440,20909,78818,40285,40552,38665,61240,29310,43103,35577,102410,160774,60316,29439,26098,51829,44586,28663,27409,40940,88878,85216,59903,37638,33287,79277,60152,18455,48291,53655,122345,123719,154176,157923,52473,113533,130303,30552,36360,69558,43934,39145,23170,27294,108668,69486,51121,101099,59668,18952
64161,56284,86084,97920,48687,38771,92568,40437,47212,65229,57392,60272,51490,43821,32290,90199,51666,51933,50046,72621,40691,54484,46958,113791,172155,71697,40820,37479,63210,55967,40044,38790,52321,100259,96597,71284,49019,44668,90658,71533,48291,29836,65036,133726,135100,165557,169304,63854,124914,141684,41933,47741,80939,55315,50526,34551,38675,120049,80867,62502,112480,71049,30333
69525,61648,91448,103284,54051,44135,97932,45801,52576,70593,62756,65636,56854,49185,37654,95563,57030,57297,55410,77985,46055,59848,52322,119155,177519,77061,46184,42843,68574,61331,45408,44154,57685,105623,101961,76648,54383,50032,96022,76897,53655,65036,35200,139090,140464,170921,174668,69218,130278,147048,47297,53105,86303,60679,55890,39915,44039,125413,86231,67866,117844,76413,35697
138215,130338,160138,171974,122741,112825,166622,114491,121266,139283,131446,134326,125544,117875,106344,164253,125720,125987,124100,146675,114745,128538,121012,187845,246209,145751,114874,111533,137264,130021,114098,112844,126375,174313,170651,145338,123073,118722,164712,145587,122345,133726,139090,103890,209154,239611,243358,137908,198968,215738,115987,121795,154993,129369,124580,108605,112729,194103,154921,136556,186534,145103,104387
139589,131712,161512,173348,124115,114199,167996,115865,122640,140657,132820,135700,126918,119249,107718,165627,127094,127361,125474,148049,116119,129912,122386,189219,247583,147125,116248,112907,138638,131395,115472,114218,127749,175687,172025,146712,124447,120096,166086,146961,123719,135100,140464,209154,105264,240985,244732,139282,200342,217112,117361,123169,156367,130743,125954,109979,114103,195477,156295,137930,187908,146477,105761
170046,162169,191969,203805,154572,144656,198453,146322,153097,171114,163277,166157,157375,149706,138175,196084,157551,157818,155931,178506,146576,160369,152843,219676,278040,177582,146705,143364,169095,161852,145929,144675,158206,206144,202482,177169,154904,150553,196543,177418,154176,165557,170921,239611,240985,135721,275189,169739,230799,247569,147818,153626,186824,161200,156411,140436,144560,225934,186752,168387,218365,176934,136218
173793,165916,195716,207552,158319,148403,202200,150069,156844,174861,167024,169904,161122,153453,141922,199831,161298,161565,159678,182253,150323,164116,156590,223423,281787,181329,150452,147111,172842,165599,149676,148422,161953,209891,206229,180916,158651,154300,200290,181165,157923,169304,174668,243358,244732,275189,139468,173486,234546,251316,151565,157373,190571,164947,160158,144183,148307,229681,190499,172134,222112,180681,139965
68343,60466,90266,102102,52869,42953,96750,44619,51394,69411,61574,64454,55672,48003,36472,94381,55848,56115,54228,76803,44873,58666,51140,117973,176337,75879,45002,41661,67392,60149,44226,42972,56503,104441,100779,75466,53201,48850,94840,75715,52473,63854,69218,137908,139282,169739,173486,34018,129096,145866,46115,51923,85121,59497,54708,38733,42857,124231,85049,66684,116662,75231,34515
129403,121526,151326,163162,113929,104013,157810,105679,112454,130471,122634,125514,116732,109063,97532,155441,116908,117175,115288,137863,105933,119726,112200,179033,237397,136939,106062,102721,128452,121209,105286,104032,117563,165501,161839,136526,114261,109910,155900,136775,113533,124914,130278,198968,200342,230799,234546,129096,95078,206926,107175,112983,146181,120557,115768,99793,103917,185291,146109,127744,177722,136291,95575
146173,138296,168096,179932,130699,120783,174580,122449,129224,147241,139404,142284,133502,125833,114302,172211,133678,133945,132058,154633,122703,136496,128970,195803,254167,153709,122832,119491,145222,137979,122056,120802,134333,182271,178609,153296,131031,126680,172670,153545,130303,141684,147048,215738,217112,247569,251316,145866,206926,111848,123945,129753,162951,137327,132538,116563,120687,202061,162879,144514,194492,153061,112345
46422,38545,68345,80181,30948,21032,74829,22698,29473,47490,39653,42533,33751,26082,14551,72460,33927,34194,32307,54882,22952,36745,29219,96052,154416,53958,23081,19740,45471,38228,22305,21051,34582,82520,78858,53545,31280,26929,72919,53794,30552,41933,47297,115987,117361,147818,151565,46115,107175,123945,12097,30002,63200,37576,32787,16812,20936,102310,63128,44763,94741,53310,12594
52230,44353,74153,85989,36756,26840,80637,28506,35281,53298,45461,48341,39559,31890,20359,78268,39735,40002,38115,60690,28760,42553,35027,101860,160224,59766,28889,25548,51279,44036,28113,26859,40390,88328,84666,59353,37088,32737,78727,59602,36360,47741,53105,121795,123169,153626,157373,51923,112983,129753,30002,17905,69008,43384,38595,22620,26744,108118,68936,50571,100549,59118,18402
85428,77551,107351,119187,69954,60038,113835,61704,68479,86496,78659,81539,72757,65088,53557,111466,72933,73200,71313,93888,61958,75751,68225,135058,193422,92964,62087,58746,84477,77234,61311,60057,73588,121526,117864,92551,70286,65935,111925,92800,69558,80939,86303,154993,156367,186824,190571,85121,146181,162951,63200,69008,51103,76582,71793,55818,59942,141316,102134,83769,133747,92316,51600
59804,51927,81727,93563,44330,34414,88211,36080,42855,60872,53035,55915,47133,39464,27933,85842,47309,47576,45689,68264,36334,50127,42601,109434,167798,67340,36463,33122,58853,51610,35687,34433,47964,95902,92240,66927,44662,40311,86301,67176,43934,55315,60679,129369,130743,161200,164947,59497,120557,137327,37576,43384,76582,25479,46169,30194,34318,115692,76510,58145,108123,66692,25976
55015,47138,76938,88774,39541,29625,83422,31291,38066,56083,48246,51126,42344,34675,23144,81053,42520,42787,40900,63475,31545,45338,37812,104645,163009,62551,31674,28333,54064,46821,30898,29644,43175,91113,87451,62138,39873,35522,81512,62387,39145,50526,55890,124580,125954,156411,160158,54708,115768,132538,32787,38595,71793,46169,20690,25405,29529,110903,71721,53356,103334,61903,21187
39040,31163,60963,72799,23566,13650,67447,15316,22091,40108,32271,35151,26369,18700,7169,65078,26545,26812,24925,47500,15570,29363,21837,88670,147034,46576,15699,12358,38089,30846,14923,13669,27200,75138,71476,46163,23898,19547,65537,46412,23170,34551,39915,108605,109979,140436,144183,38733,99793,116563,16812,22620,55818,30194,25405,4715,13554,94928,55746,37381,87359,45928,5212
43164,35287,65087,76923,27690,17774,71571,19440,26215,44232,36395,39275,30493,22824,11293,69202,30669,30936,29049,51624,19694,33487,25961,92794,151158,50700,19823,16482,42213,34970,19047,17793,31324,79262,75600,50287,28022,23671,69661,50536,27294,38675,44039,112729,114103,144560,148307,42857,103917,120687,20936,26744,59942,34318,29529,13554,8839,99052,59870,41505,91483,50052,9336
124538,116661,146461,158297,109064,99148,152945,100814,107589,125606,117769,120649,111867,104198,92667,150576,112043,112310,110423,132998,101068,114861,107335,174168,232532,132074,101197,97856,123587,116344,100421,99167,112698,160636,156974,131661,109396,105045,151035,131910,108668,120049,125413,194103,195477,225934,229681,124231,185291,202061,102310,108118,141316,115692,110903,94928,99052,90213,141244,122879,172857,131426,90710
85356,77479,107279,119115,69882,59966,113763,61632,68407,86424,78587,81467,72685,65016,53485,111394,72861,73128,71241,93816,61886,75679,68153,134986,193350,92892,62015,58674,84405,77162,61239,59985,73516,121454,117792,92479,70214,65863,111853,92728,69486,80867,86231,154921,156295,186752,190499,85049,146109,162879,63128,68936,102134,76510,71721,55746,59870,141244,51031,83697,133675,92244,51528
66991,59114,88914,100750,51517,41601,95398,43267,50042,68059,60222,63102,54320,46651,35120,93029,54496,54763,52876,75451,43521,57314,49788,116621,174985,74527,43650,40309,66040,58797,42874,41620,55151,103089,99427,74114,51849,47498,93488,74363,51121,62502,67866,136556,137930,168387,172134,66684,127744,144514,44763,50571,83769,58145,53356,37381,41505,122879,83697,32666,115310,73879,33163
116969,109092,138892,150728,101495,91579,145376,93245,100020,118037,110200,113080,104298,96629,85098,143007,104474,104741,102854,125429,93499,107292,99766,166599,224963,124505,93628,90287,116018,108775,92852,91598,105129,153067,149405,124092,101827,97476,143466,124341,101099,112480,117844,186534,187908,218365,222112,116662,177722,194492,94741,100549,133747,108123,103334,87359,91483,172857,133675,115310,82644,123857,83141
75538,67661,97461,109297,60064,50148,103945,51814,58589,76606,68769,71649,62867,55198,43667,101576,63043,63310,61423,83998,52068,65861,58335,125168,183532,83074,52197,48856,74587,67344,51421,50167,63698,111636,107974,82661,60396,56045,102035,82910,59668,71049,76413,145103,146477,176934,180681,75231,136291,153061,53310,59118,92316,66692,61903,45928,50052,131426,92244,73879,123857,41213,41710
34822,26945,56745,68581,19348,9432,63229,11098,17873,35890,28053,30933,22151,14482,2951,60860,22327,22594,20707,43282,11352,25145,17619,84452,142816,42358,11481,8140,33871,26628,10705,9451,22982,70920,67258,41945,19680,15329,61319,42194,18952,30333,35697,104387,105761,136218,139965,34515,95575,112345,12594,18402,51600,25976,21187,5212,9336,90710,51528,33163,83141,41710,497
