256,296,314,530,285,264,451,274,294,341,355,279,280,280,261,307,273,297,277,300,269,288,271,407,589,348,270,260,279,303,269,262,270,343,353,304,283,292,351,302,272,289,310,438,543,580,498,286,333,344,274,266,360,314,281,271,268,392,359,386,345,369,311
296,40,98,314,69,48,235,58,78,125,139,63,64,64,45,91,57,81,61,84,53,72,55,191,373,132,54,44,63,87,53,46,54,127,137,88,67,76,135,86,56,73,94,222,327,364,282,70,117,128,58,50,144,98,65,55,52,176,143,170,129,153,95
314,98,58,332,87,66,253,76,96,143,157,81,82,82,63,109,75,99,79,102,71,90,73,209,391,150,72,62,81,105,71,64,72,145,155,106,85,94,153,104,74,91,112,240,345,382,300,88,135,146,76,68,162,116,83,73,70,194,161,188,147,171,113
530,314,332,274,303,282,469,292,312,359,373,297,298,298,279,325,291,315,295,318,287,306,289,425,607,366,288,278,297,321,287,280,288,361,371,322,301,310,369,320,290,307,328,456,561,598,516,304,351,362,292,284,378,332,299,289,286,410,377,404,363,387,329
285,69,87,303,29,37,224,47,67,114,128,52,53,53,34,80,46,70,50,73,42,61,44,180,362,121,43,33,52,76,42,35,43,116,126,77,56,65,124,75,45,62,83,211,316,353,271,59,106,117,47,39,133,87,54,44,41,165,132,159,118,142,84
264,48,66,282,37,8,203,26,46,93,107,31,32,32,13,59,25,49,29,52,21,40,23,159,341,100,22,12,31,55,21,14,22,95,105,56,35,44,103,54,24,41,62,190,295,332,250,38,85,96,26,18,112,66,33,23,20,144,111,138,97,121,63
451,235,253,469,224,203,195,213,233,280,294,218,219,219,200,246,212,236,216,239,208,227,210,346,528,287,209,199,218,242,208,201,209,282,292,243,222,231,290,241,211,228,249,377,482,519,437,225,272,283,213,205,299,253,220,210,207,331,298,325,284,308,250
274,58,76,292,47,26,213,18,56,103,117,41,42,42,23,69,35,59,39,62,31,50,33,169,351,110,32,22,41,65,31,24,32,105,115,66,45,54,113,64,34,51,72,200,305,342,260,48,95,106,36,28,122,76,43,33,30,154,121,148,107,131,73
294,78,96,312,67,46,233,56,38,123,137,61,62,62,43,89,55,79,59,82,51,70,53,189,371,130,52,42,61,85,51,44,52,125,135,86,65,74,133,84,54,71,92,220,325,362,280,68,115,126,56,48,142,96,63,53,50,174,141,168,127,151,93
341,125,143,359,114,93,280,103,123,85,184,108,109,109,90,136,102,126,106,129,98,117,100,236,418,177,99,89,108,132,98,91,99,172,182,133,112,121,180,131,101,118,139,267,372,409,327,115,162,173,103,95,189,143,110,100,97,221,188,215,174,198,140
355,139,157,373,128,107,294,117,137,184,99,122,123,123,104,150,116,140,120,143,112,131,114,250,432,191,113,103,122,146,112,105,113,186,196,147,126,135,194,145,115,132,153,281,386,423,341,129,176,187,117,109,203,157,124,114,111,235,202,229,188,212,154
279,63,81,297,52,31,218,41,61,108,122,23,47,47,28,74,40,64,44,67,36,55,38,174,356,115,37,27,46,70,36,29,37,110,120,71,50,59,118,69,39,56,77,205,310,347,265,53,100,111,41,33,127,81,48,38,35,159,126,153,112,136,78
280,64,82,298,53,32,219,42,62,109,123,47,24,48,29,75,41,65,45,68,37,56,39,175,357,116,38,28,47,71,37,30,38,111,121,72,51,60,119,70,40,57,78,206,311,348,266,54,101,112,42,34,128,82,49,39,36,160,127,154,113,137,79
280,64,82,298,53,32,219,42,62,109,123,47,48,24,29,75,41,65,45,68,37,56,39,175,357,116,38,28,47,71,37,30,38,111,121,72,51,60,119,70,40,57,78,206,311,348,266,54,101,112,42,34,128,82,49,39,36,160,127,154,113,137,79
261,45,63,279,34,13,200,23,43,90,104,28,29,29,5,56,22,46,26,49,18,37,20,156,338,97,19,9,28,52,18,11,19,92,102,53,32,41,100,51,21,38,59,187,292,329,247,35,82,93,23,15,109,63,30,20,17,141,108,135,94,118,60
307,91,109,325,80,59,246,69,89,136,150,74,75,75,56,51,68,92,72,95,64,83,66,202,384,143,65,55,74,98,64,57,65,138,148,99,78,87,146,97,67,84,105,233,338,375,293,81,128,139,69,61,155,109,76,66,63,187,154,181,140,164,106
273,57,75,291,46,25,212,35,55,102,116,40,41,41,22,68,17,58,38,61,30,49,32,168,350,109,31,21,40,64,30,23,31,104,114,65,44,53,112,63,33,50,71,199,304,341,259,47,94,105,35,27,121,75,42,32,29,153,120,147,106,130,72
297,81,99,315,70,49,236,59,79,126,140,64,65,65,46,92,58,41,62,85,54,73,56,192,374,133,55,45,64,88,54,47,55,128,138,89,68,77,136,87,57,74,95,223,328,365,283,71,118,129,59,51,145,99,66,56,53,177,144,171,130,154,96
277,61,79,295,50,29,216,39,59,106,120,44,45,45,26,72,38,62,21,65,34,53,36,172,354,113,35,25,44,68,34,27,35,108,118,69,48,57,116,67,37,54,75,203,308,345,263,51,98,109,39,31,125,79,46,36,33,157,124,151,110,134,76
300,84,102,318,73,52,239,62,82,129,143,67,68,68,49,95,61,85,65,44,57,76,59,195,377,136,58,48,67,91,57,50,58,131,141,92,71,80,139,90,60,77,98,226,331,368,286,74,121,132,62,54,148,102,69,59,56,180,147,174,133,157,99
269,53,71,287,42,21,208,31,51,98,112,36,37,37,18,64,30,54,34,57,13,45,28,164,346,105,27,17,36,60,26,19,27,100,110,61,40,49,108,59,29,46,67,195,300,337,255,43,90,101,31,23,117,71,38,28,25,149,116,143,102,126,68
288,72,90,306,61,40,227,50,70,117,131,55,56,56,37,83,49,73,53,76,45,32,47,183,365,124,46,36,55,79,45,38,46,119,129,80,59,68,127,78,48,65,86,214,319,356,274,62,109,120,50,42,136,90,57,47,44,168,135,162,121,145,87
271,55,73,289,44,23,210,33,53,100,114,38,39,39,20,66,32,56,36,59,28,47,15,166,348,107,29,19,38,62,28,21,29,102,112,63,42,51,110,61,31,48,69,197,302,339,257,45,92,103,33,25,119,73,40,30,27,151,118,145,104,128,70
407,191,209,425,180,159,346,169,189,236,250,174,175,175,156,202,168,192,172,195,164,183,166,151,484,243,165,155,174,198,164,157,165,238,248,199,178,187,246,197,167,184,205,333,438,475,393,181,228,239,169,161,255,209,176,166,163,287,254,281,240,264,206
589,373,391,607,362,341,528,351,371,418,432,356,357,357,338,384,350,374,354,377,346,365,348,484,333,425,347,337,356,380,346,339,347,420,430,381,360,369,428,379,349,366,387,515,620,657,575,363,410,421,351,343,437,391,358,348,345,469,436,463,422,446,388
348,132,150,366,121,100,287,110,130,177,191,115,116,116,97,143,109,133,113,136,105,124,107,243,425,92,106,96,115,139,105,98,106,179,189,140,119,128,187,138,108,125,146,274,379,416,334,122,169,180,110,102,196,150,117,107,104,228,195,222,181,205,147
270,54,72,288,43,22,209,32,52,99,113,37,38,38,19,65,31,55,35,58,27,46,29,165,347,106,14,18,37,61,27,20,28,101,111,62,41,50,109,60,30,47,68,196,301,338,256,44,91,102,32,24,118,72,39,29,26,150,117,144,103,127,69
260,44,62,278,33,12,199,22,42,89,103,27,28,28,9,55,21,45,25,48,17,36,19,155,337,96,18,4,27,51,17,10,18,91,101,52,31,40,99,50,20,37,58,186,291,328,246,34,81,92,22,14,108,62,29,19,16,140,107,134,93,117,59
279,63,81,297,52,31,218,41,61,108,122,46,47,47,28,74,40,64,44,67,36,55,38,174,356,115,37,27,23,70,36,29,37,110,120,71,50,59,118,69,39,56,77,205,310,347,265,53,100,111,41,33,127,81,48,38,35,159,126,153,112,136,78
303,87,105,321,76,55,242,65,85,132,146,70,71,71,52,98,64,88,68,91,60,79,62,198,380,139,61,51,70,47,60,53,61,134,144,95,74,83,142,93,63,80,101,229,334,371,289,77,124,135,65,57,151,105,72,62,59,183,150,177,136,160,102
269,53,71,287,42,21,208,31,51,98,112,36,37,37,18,64,30,54,34,57,26,45,28,164,346,105,27,17,36,60,13,19,27,100,110,61,40,49,108,59,29,46,67,195,300,337,255,43,90,101,31,23,117,71,38,28,25,149,116,143,102,126,68
262,46,64,280,35,14,201,24,44,91,105,29,30,30,11,57,23,47,27,50,19,38,21,157,339,98,20,10,29,53,19,6,20,93,103,54,33,42,101,52,22,39,60,188,293,330,248,36,83,94,24,16,110,64,31,21,18,142,109,136,95,119,61
270,54,72,288,43,22,209,32,52,99,113,37,38,38,19,65,31,55,35,58,27,46,29,165,347,106,28,18,37,61,27,20,14,101,111,62,41,50,109,60,30,47,68,196,301,338,256,44,91,102,32,24,118,72,39,29,26,150,117,144,103,127,69
343,127,145,361,116,95,282,105,125,172,186,110,111,111,92,138,104,128,108,131,100,119,102,238,420,179,101,91,110,134,100,93,101,87,184,135,114,123,182,133,103,120,141,269,374,411,329,117,164,175,105,97,191,145,112,102,99,223,190,217,176,200,142
353,137,155,371,126,105,292,115,135,182,196,120,121,121,102,148,114,138,118,141,110,129,112,248,430,189,111,101,120,144,110,103,111,184,97,145,124,133,192,143,113,130,151,279,384,421,339,127,174,185,115,107,201,155,122,112,109,233,200,227,186,210,152
304,88,106,322,77,56,243,66,86,133,147,71,72,72,53,99,65,89,69,92,61,80,63,199,381,140,62,52,71,95,61,54,62,135,145,48,75,84,143,94,64,81,102,230,335,372,290,78,125,136,66,58,152,106,73,63,60,184,151,178,137,161,103
283,67,85,301,56,35,222,45,65,112,126,50,51,51,32,78,44,68,48,71,40,59,42,178,360,119,41,31,50,74,40,33,41,114,124,75,27,63,122,73,43,60,81,209,314,351,269,57,104,115,45,37,131,85,52,42,39,163,130,157,116,140,82
292,76,94,310,65,44,231,54,74,121,135,59,60,60,41,87,53,77,57,80,49,68,51,187,369,128,50,40,59,83,49,42,50,123,133,84,63,36,131,82,52,69,90,218,323,360,278,66,113,124,54,46,140,94,61,51,48,172,139,166,125,149,91
351,135,153,369,124,103,290,113,133,180,194,118,119,119,100,146,112,136,116,139,108,127,110,246,428,187,109,99,118,142,108,101,109,182,192,143,122,131,95,141,111,128,149,277,382,419,337,125,172,183,113,105,199,153,120,110,107,231,198,225,184,208,150
302,86,104,320,75,54,241,64,84,131,145,69,70,70,51,97,63,87,67,90,59,78,61,197,379,138,60,50,69,93,59,52,60,133,143,94,73,82,141,46,62,79,100,228,333,370,288,76,123,134,64,56,150,104,71,61,58,182,149,176,135,159,101
272,56,74,290,45,24,211,34,54,101,115,39,40,40,21,67,33,57,37,60,29,48,31,167,349,108,30,20,39,63,29,22,30,103,113,64,43,52,111,62,16,49,70,198,303,340,258,46,93,104,34,26,120,74,41,31,28,152,119,146,105,129,71
289,73,91,307,62,41,228,51,71,118,132,56,57,57,38,84,50,74,54,77,46,65,48,184,366,125,47,37,56,80,46,39,47,120,130,81,60,69,128,79,49,33,87,215,320,357,275,63,110,121,51,43,137,91,58,48,45,169,136,163,122,146,88
310,94,112,328,83,62,249,72,92,139,153,77,78,78,59,105,71,95,75,98,67,86,69,205,387,146,68,58,77,101,67,60,68,141,151,102,81,90,149,100,70,87,54,236,341,378,296,84,131,142,72,64,158,112,79,69,66,190,157,184,143,167,109
438,222,240,456,211,190,377,200,220,267,281,205,206,206,187,233,199,223,203,226,195,214,197,333,515,274,196,186,205,229,195,188,196,269,279,230,209,218,277,228,198,215,236,182,469,506,424,212,259,270,200,192,286,240,207,197,194,318,285,312,271,295,237
543,327,345,561,316,295,482,305,325,372,386,310,311,311,292,338,304,328,308,331,300,319,302,438,620,379,301,291,310,334,300,293,301,374,384,335,314,323,382,333,303,320,341,469,287,611,529,317,364,375,305,297,391,345,312,302,299,423,390,417,376,400,342
580,364,382,598,353,332,519,342,362,409,423,347,348,348,329,375,341,365,345,368,337,356,339,475,657,416,338,328,347,371,337,330,338,411,421,372,351,360,419,370,340,357,378,506,611,324,566,354,401,412,342,334,428,382,349,339,336,460,427,454,413,437,379
498,282,300,516,271,250,437,260,280,327,341,265,266,266,247,293,259,283,263,286,255,274,257,393,575,334,256,246,265,289,255,248,256,329,339,290,269,278,337,288,258,275,296,424,529,566,242,272,319,330,260,252,346,300,267,257,254,378,345,372,331,355,297
286,70,88,304,59,38,225,48,68,115,129,53,54,54,35,81,47,71,51,74,43,62,45,181,363,122,44,34,53,77,43,36,44,117,127,78,57,66,125,76,46,63,84,212,317,354,272,30,107,118,48,40,134,88,55,45,42,166,133,160,119,143,85
333,117,135,351,106,85,272,95,115,162,176,100,101,101,82,128,94,118,98,121,90,109,92,228,410,169,91,81,100,124,90,83,91,164,174,125,104,113,172,123,93,110,131,259,364,401,319,107,77,165,95,87,181,135,102,92,89,213,180,207,166,190,132
344,128,146,362,117,96,283,106,126,173,187,111,112,112,93,139,105,129,109,132,101,120,103,239,421,180,102,92,111,135,101,94,102,175,185,136,115,124,183,134,104,121,142,270,375,412,330,118,165,88,106,98,192,146,113,103,100,224,191,218,177,201,143
274,58,76,292,47,26,213,36,56,103,117,41,42,42,23,69,35,59,39,62,31,50,33,169,351,110,32,22,41,65,31,24,32,105,115,66,45,54,113,64,34,51,72,200,305,342,260,48,95,106,18,28,122,76,43,33,30,154,121,148,107,131,73
266,50,68,284,39,18,205,28,48,95,109,33,34,34,15,61,27,51,31,54,23,42,25,161,343,102,24,14,33,57,23,16,24,97,107,58,37,46,105,56,26,43,64,192,297,334,252,40,87,98,28,10,114,68,35,25,22,146,113,140,99,123,65
360,144,162,378,133,112,299,122,142,189,203,127,128,128,109,155,121,145,125,148,117,136,119,255,437,196,118,108,127,151,117,110,118,191,201,152,131,140,199,150,120,137,158,286,391,428,346,134,181,192,122,114,104,162,129,119,116,240,207,234,193,217,159
314,98,116,332,87,66,253,76,96,143,157,81,82,82,63,109,75,99,79,102,71,90,73,209,391,150,72,62,81,105,71,64,72,145,155,106,85,94,153,104,74,91,112,240,345,382,300,88,135,146,76,68,162,58,83,73,70,194,161,188,147,171,113
281,65,83,299,54,33,220,43,63,110,124,48,49,49,30,76,42,66,46,69,38,57,40,176,358,117,39,29,48,72,38,31,39,112,122,73,52,61,120,71,41,58,79,207,312,349,267,55,102,113,43,35,129,83,25,40,37,161,128,155,114,138,80
271,55,73,289,44,23,210,33,53,100,114,38,39,39,20,66,32,56,36,59,28,47,30,166,348,107,29,19,38,62,28,21,29,102,112,63,42,51,110,61,31,48,69,197,302,339,257,45,92,103,33,25,119,73,40,15,27,151,118,145,104,128,70
268,52,70,286,41,20,207,30,50,97,111,35,36,36,17,63,29,53,33,56,25,44,27,163,345,104,26,16,35,59,25,18,26,99,109,60,39,48,107,58,28,45,66,194,299,336,254,42,89,100,30,22,116,70,37,27,12,148,115,142,101,125,67
392,176,194,410,165,144,331,154,174,221,235,159,160,160,141,187,153,177,157,180,149,168,151,287,469,228,150,140,159,183,149,142,150,223,233,184,163,172,231,182,152,169,190,318,423,460,378,166,213,224,154,146,240,194,161,151,148,136,239,266,225,249,191
359,143,161,377,132,111,298,121,141,188,202,126,127,127,108,154,120,144,124,147,116,135,118,254,436,195,117,107,126,150,116,109,117,190,200,151,130,139,198,149,119,136,157,285,390,427,345,133,180,191,121,113,207,161,128,118,115,239,103,233,192,216,158
386,170,188,404,159,138,325,148,168,215,229,153,154,154,135,181,147,171,151,174,143,162,145,281,463,222,144,134,153,177,143,136,144,217,227,178,157,166,225,176,146,163,184,312,417,454,372,160,207,218,148,140,234,188,155,145,142,266,233,130,219,243,185
345,129,147,363,118,97,284,107,127,174,188,112,113,113,94,140,106,130,110,133,102,121,104,240,422,181,103,93,112,136,102,95,103,176,186,137,116,125,184,135,105,122,143,271,376,413,331,119,166,177,107,99,193,147,114,104,101,225,192,219,89,202,144
369,153,171,387,142,121,308,131,151,198,212,136,137,137,118,164,130,154,134,157,126,145,128,264,446,205,127,117,136,160,126,119,127,200,210,161,140,149,208,159,129,146,167,295,400,437,355,143,190,201,131,123,217,171,138,128,125,249,216,243,202,113,168
311,95,113,329,84,63,250,73,93,140,154,78,79,79,60,106,72,96,76,99,68,87,70,206,388,147,69,59,78,102,68,61,69,142,152,103,82,91,150,101,71,88,109,237,342,379,297,85,132,143,73,65,159,113,80,70,67,191,158,185,144,168,55
