1.00000000,0.09080675,0.06318471,0.02048454,0.00262467,0.00000000,0.01971573,0.02163833,0.01869953,0.01578486,0.01122413,0.01276143,0.00988061,0.00485673,0.00113186,0.01878186,0.00973451,0.01892974,0.00782949,0.01418897,0.00207254,0.01138952,0.00904605,0.01440618,0.02013063,0.02085703,0.00814332,0.00786959,0.00527903,0.01383604,0.00313643,0.00323102,0.00366133,0.02209945,0.01059495,0.01161103,0.01505174,0.01179941,0.02456140,0.01085114,0.00383325,0.01124016,0.01290323,0.01726929,0.01379527,0.02316006,0.04324324,0.01946156,0.01825753,0.01952362,0.01107011,0.01082642,0.02647193,0.01893764,0.02223427,0.01575630,0.00349803,0.02089094,0.02311482,0.02174859,0.02017756,0.02687785,0.07611241
0.09080675,1.00000000,0.05066206,0.00518807,0.00000000,0.00000000,0.01687548,0.00402685,0.00420610,0.00808081,0.00333333,0.00253165,0.00303337,0.00248756,0.00151976,0.00488400,0.00442233,0.00958188,0.00000000,0.00377358,0.00270453,0.00366468,0.00908632,0.00381607,0.00247525,0.00207340,0.00299252,0.00602410,0.00090868,0.00163934,0.00273598,0.00284495,0.00230681,0.00215517,0.00089746,0.00400802,0.02268657,0.00312175,0.00169539,0.00240192,0.00122249,0.00270514,0.00377501,0.00704777,0.00809717,0.00355143,0.00206999,0.01139818,0.00379769,0.00359513,0.00354139,0.00172414,0.01535446,0.00979634,0.01853568,0.05230557,0.00762527,0.00429114,0.00580070,0.00289366,0.00399556,0.00753498,0.01431981
0.06318471,0.05066206,1.00000000,0.01732926,0.10403877,0.04258555,0.00696190,0.01963636,0.01012018,0.00851064,0.00273224,0.01267218,0.00061767,0.03138075,0.00000000,0.03395062,0.00391007,0.02755906,0.03024453,0.00153453,0.00000000,0.00464711,0.00000000,0.00123058,0.00000000,0.00197271,0.00122511,0.00077280,0.00173360,0.00108108,0.00220426,0.00000000,0.00000000,0.00764280,0.00209900,0.00047015,0.01158433,0.00314268,0.00041675,0.06120277,0.00207182,0.00172513,0.00153492,0.00942211,0.00333890,0.00069922,0.08756505,0.00154162,0.00000000,0.00000000,0.00056834,0.00000000,0.00975345,0.00038918,0.00222370,0.00073719,0.00000000,0.00792458,0.03022836,0.00147956,0.00728534,0.01688103,0.00397298
0.02048454,0.00518807,0.01732926,1.00000000,0.03343537,0.00740349,0.06073067,0.00410046,0.01205378,0.01969528,0.04405653,0.01380176,0.02232346,0.00248756,0.00214592,0.07841069,0.00758114,0.00509771,0.00516432,0.00355591,0.00257003,0.00130577,0.02321876,0.00182935,0.00159292,0.00635798,0.00407516,0.00106952,0.00433557,0.00370981,0.00413010,0.00157150,0.00096479,0.00326584,0.00174698,0.00073992,0.04599951,0.04476234,0.00302470,0.00651731,0.00543478,0.01641469,0.00276625,0.02978723,0.01462830,0.00410973,0.05573275,0.00079302,0.00024375,0.00000000,0.00042817,0.00042265,0.00656199,0.01335241,0.00070809,0.00000000,0.00047081,0.04769213,0.01270894,0.02286934,0.00318057,0.03883812,0.00163532
0.00262467,0.00000000,0.10403877,0.03343537,1.00000000,0.10292634,0.00736127,0.01260126,0.01050558,0.00308761,0.02078179,0.03013561,0.00250156,0.05207486,0.00426894,0.05177770,0.00699301,0.00521648,0.01225323,0.00000000,0.00000000,0.00000000,0.00000000,0.00041135,0.00000000,0.00270027,0.00000000,0.00000000,0.00000000,0.00000000,0.00000000,0.00194742,0.00000000,0.01080108,0.00343306,0.00152964,0.00462963,0.01814647,0.00000000,0.05757433,0.01431981,0.00652529,0.00000000,0.00338338,0.00072085,0.00086430,0.00795756,0.00000000,0.00000000,0.00000000,0.00000000,0.00000000,0.00905450,0.00057143,0.00000000,0.00000000,0.00000000,0.00316901,0.01034173,0.00212314,0.00339312,0.03236440,0.00000000
0.00000000,0.00000000,0.04258555,0.00740349,0.10292634,1.00000000,0.00000000,0.00309598,0.00189036,0.00282220,0.01670951,0.01834862,0.00352734,0.07068063,0.00000000,0.06743421,0.00414508,0.00000000,0.00199203,0.00000000,0.00000000,0.00000000,0.00000000,0.00000000,0.00000000,0.00000000,0.00000000,0.00000000,0.00000000,0.00000000,0.00000000,0.00000000,0.00000000,0.00000000,0.00000000,0.00000000,0.00000000,0.00371058,0.00000000,0.00846433,0.00252525,0.00000000,0.00000000,0.00046904,0.00000000,0.00000000,0.00301061,0.00000000,0.00000000,0.00000000,0.00000000,0.00000000,0.00075786,0.00000000,0.00000000,0.00000000,0.00000000,0.00038351,0.00100427,0.00060551,0.00054630,0.00208914,0.00000000
0.01971573,0.01687548,0.00696190,0.06073067,0.00736127,0.00000000,1.00000000,0.06087229,0.02667408,0.14056139,0.02147913,0.01671994,0.00925170,0.00363086,0.02456024,0.04986929,0.03536794,0.01803156,0.02031030,0.02116402,0.00251889,0.01288660,0.05981512,0.00345921,0.00188947,0.02791411,0.00648298,0.00991736,0.00615700,0.01015228,0.00759734,0.00257815,0.00000000,0.00406730,0.00227494,0.00000000,0.01245552,0.01602653,0.00343774,0.00286055,0.00360036,0.00408685,0.00598251,0.01146216,0.00183607,0.01219783,0.01282350,0.00046200,0.00000000,0.00022399,0.00000000,0.00000000,0.01202200,0.00538020,0.00202675,0.00000000,0.00000000,0.00257865,0.00275904,0.00034223,0.00000000,0.07278773,0.00473934
0.02163833,0.00402685,0.01963636,0.00410046,0.01260126,0.00309598,0.06087229,1.00000000,0.11375212,0.05075690,0.01789976,0.02916160,0.00318979,0.00678733,0.01351351,0.02351097,0.00552995,0.06743003,0.00533808,0.05088266,0.00000000,0.00959561,0.00636436,0.00619880,0.00097991,0.00097585,0.00936768,0.00331126,0.00135410,0.00116550,0.00271003,0.00293255,0.00000000,0.00602410,0.00053576,0.00088106,0.01682440,0.00500835,0.00071048,0.00338219,0.00000000,0.00133869,0.00103896,0.00136861,0.00000000,0.01637108,0.00434340,0.00000000,0.00000000,0.00000000,0.00000000,0.00000000,0.00037051,0.00063391,0.00000000,0.00000000,0.00000000,0.00112465,0.00097490,0.00000000,0.00105792,0.00601604,0.01125704
0.01869953,0.00420610,0.01012018,0.01205378,0.01050558,0.00189036,0.02667408,0.11375212,1.00000000,0.14672686,0.02203065,0.08357629,0.00960384,0.02932099,0.01195219,0.04251012,0.00267201,0.00705645,0.00130208,0.00855432,0.00000000,0.01924105,0.00239664,0.00202881,0.00046642,0.00088672,0.00000000,0.00000000,0.00423504,0.00000000,0.00000000,0.00182815,0.00000000,0.00411765,0.00048251,0.00000000,0.00586941,0.01490683,0.00000000,0.00365965,0.01812689,0.00314795,0.00599059,0.00041701,0.00249288,0.00599230,0.00924275,0.00000000,0.00000000,0.00028902,0.00000000,0.00000000,0.00068847,0.00000000,0.00000000,0.00000000,0.00262467,0.00139203,0.00000000,0.00104302,0.00333890,0.01116334,0.00211640
0.01578486,0.00808081,0.00851064,0.01969528,0.00308761,0.00282220,0.14056139,0.05075690,0.14672686,1.00000000,0.01711027,0.05054383,0.04462326,0.03553299,0.04343629,0.04910714,0.01637427,0.00655308,0.00153610,0.01820317,0.00089485,0.17625043,0.01242236,0.00266800,0.00207383,0.01541495,0.00362188,0.00095969,0.00202908,0.00062578,0.00270514,0.00740056,0.00000000,0.00179051,0.00268559,0.00000000,0.01892225,0.02464526,0.04051222,0.00061463,0.03595318,0.03765972,0.03113069,0.00102319,0.00059844,0.00519995,0.00604379,0.00236128,0.00030539,0.00000000,0.00000000,0.00000000,0.02093632,0.00258900,0.01152016,0.00000000,0.00000000,0.00146735,0.00107469,0.00000000,0.00152062,0.02593918,0.00000000
0.01122413,0.00333333,0.00273224,0.04405653,0.02078179,0.01670951,0.02147913,0.01789976,0.02203065,0.01711027,1.00000000,0.04381847,0.01663586,0.00445931,0.00266312,0.02484113,0.00501253,0.01611604,0.00098328,0.01269394,0.00120120,0.00590967,0.01199815,0.01400405,0.00374697,0.00758634,0.01186673,0.00396301,0.00586510,0.01447068,0.00242718,0.00628141,0.00416667,0.00974859,0.04049106,0.00566038,0.01074691,0.00664137,0.00751678,0.00149031,0.00109769,0.00166389,0.00493827,0.02077824,0.01406608,0.06473958,0.00332375,0.00709723,0.00267603,0.00080884,0.00572597,0.00000000,0.01490171,0.02361624,0.00467426,0.00000000,0.00197824,0.00864692,0.00359066,0.00692361,0.04817736,0.01076371,0.00277200
0.01276143,0.00253165,0.01267218,0.01380176,0.03013561,0.01834862,0.01671994,0.02916160,0.08357629,0.05054383,0.04381847,1.00000000,0.14620431,0.12925170,0.03532609,0.12587413,0.01424936,0.00000000,0.00000000,0.00285103,0.00000000,0.01111586,0.00748713,0.00037058,0.00088456,0.00080337,0.00185099,0.00000000,0.00000000,0.00000000,0.00494438,0.00000000,0.00000000,0.02378490,0.00433557,0.00000000,0.00218460,0.00288739,0.00703654,0.00150716,0.01562500,0.01853412,0.01497326,0.00037994,0.00000000,0.00053497,0.00243356,0.00000000,0.00033619,0.00000000,0.00000000,0.00000000,0.02102580,0.00148699,0.00058945,0.00000000,0.00000000,0.00032180,0.00000000,0.00046479,0.00128728,0.00258264,0.00000000
0.00988061,0.00303337,0.00061767,0.02232346,0.00250156,0.00352734,0.00925170,0.00318979,0.00960384,0.04462326,0.01663586,0.14620431,1.00000000,0.03206997,0.00740741,0.06907895,0.06993007,0.00000000,0.00000000,0.00331400,0.00000000,0.01643554,0.02979943,0.00239760,0.00323625,0.01395247,0.00226116,0.00000000,0.00000000,0.00000000,0.00489396,0.00170940,0.00133511,0.02704258,0.00663350,0.00072516,0.00972898,0.00355872,0.03330306,0.00000000,0.01000000,0.01614531,0.02320763,0.00164204,0.00035137,0.00084686,0.00091966,0.00250417,0.00000000,0.00000000,0.00098863,0.00000000,0.05946313,0.01317595,0.00533156,0.00000000,0.00000000,0.00068693,0.00000000,0.00255689,0.00093699,0.00057471,0.00000000
0.00485673,0.00248756,0.03138075,0.00248756,0.05207486,0.07068063,0.00363086,0.00678733,0.02932099,0.03553299,0.00445931,0.12925170,0.03206997,1.00000000,0.03943662,0.04269663,0.01163757,0.00118343,0.00000000,0.00000000,0.00000000,0.01268231,0.00145455,0.00000000,0.00048298,0.00000000,0.00000000,0.00000000,0.00000000,0.00000000,0.00000000,0.00000000,0.00000000,0.00965873,0.00155804,0.00083752,0.00187091,0.00303951,0.00409137,0.05708245,0.17475728,0.04342432,0.01370534,0.00000000,0.00037580,0.00000000,0.00646334,0.00098717,0.00000000,0.00000000,0.00000000,0.00000000,0.00543872,0.00000000,0.00228050,0.00000000,0.00000000,0.00036677,0.00094764,0.00000000,0.00000000,0.00128617,0.00000000
0.00113186,0.00151976,0.00000000,0.00214592,0.00426894,0.00000000,0.02456024,0.01351351,0.01195219,0.04343629,0.00266312,0.03532609,0.00740741,0.03943662,1.00000000,0.02270816,0.01317234,0.00000000,0.00000000,0.00000000,0.00000000,0.00311284,0.00184672,0.00046051,0.00025031,0.00152866,0.00180668,0.00000000,0.00000000,0.00000000,0.00354610,0.00000000,0.00000000,0.03553660,0.00224782,0.00000000,0.00000000,0.00000000,0.00378644,0.00250000,0.07588076,0.04242424,0.03083952,0.00000000,0.00000000,0.00000000,0.00000000,0.00115340,0.00000000,0.00000000,0.00000000,0.00000000,0.00229709,0.00000000,0.00085507,0.00000000,0.00000000,0.00000000,0.00000000,0.00000000,0.00055448,0.00000000,0.00000000
0.01878186,0.00488400,0.03395062,0.07841069,0.05177770,0.06743421,0.04986929,0.02351097,0.04251012,0.04910714,0.02484113,0.12587413,0.06907895,0.04269663,0.02270816,1.00000000,0.05990944,0.00059559,0.00137457,0.02424569,0.00000000,0.00986133,0.00985869,0.00190386,0.00040201,0.01189465,0.00326052,0.00083682,0.00061293,0.00114220,0.01426307,0.00081037,0.00000000,0.00921659,0.00181192,0.00049310,0.04018999,0.01474531,0.00956314,0.00561798,0.03039288,0.08780488,0.00646726,0.00551053,0.00028612,0.00047716,0.01016888,0.00054142,0.00000000,0.00000000,0.00060223,0.00000000,0.00723831,0.00688120,0.00093045,0.00000000,0.00000000,0.00028086,0.00000000,0.00191975,0.00071852,0.01674341,0.00086244
0.00973451,0.00442233,0.00391007,0.00758114,0.00699301,0.00414508,0.03536794,0.00552995,0.00267201,0.01637427,0.00501253,0.01424936,0.06993007,0.01163757,0.01317234,0.05990944,1.00000000,0.00105764,0.01247401,0.00712695,0.01117318,0.02137233,0.01649746,0.00124069,0.00730874,0.01810774,0.00500000,0.00216685,0.00334076,0.01081081,0.20435194,0.00399600,0.00000000,0.03870578,0.00789733,0.00540749,0.01259843,0.00131839,0.05424378,0.04395604,0.01624695,0.03750689,0.04367201,0.00765469,0.00036212,0.00028918,0.00026571,0.01077683,0.00037120,0.00058591,0.00107875,0.00000000,0.02973588,0.00518135,0.00635593,0.00000000,0.00000000,0.00000000,0.00090457,0.00000000,0.00146341,0.00120809,0.00000000
0.01892974,0.00958188,0.02755906,0.00509771,0.00521648,0.00000000,0.01803156,0.06743003,0.00705645,0.00655308,0.01611604,0.00000000,0.00000000,0.00118343,0.00000000,0.00059559,0.00105764,1.00000000,0.07668394,0.06295754,0.01665599,0.00706402,0.06204556,0.01841067,0.01516165,0.01060143,0.06133206,0.03546099,0.06657906,0.04996035,0.00518135,0.02822581,0.04405286,0.06167633,0.02599692,0.03641092,0.01024474,0.02495010,0.00220933,0.05891473,0.00000000,0.00000000,0.01391432,0.01811175,0.00232945,0.02566527,0.00205907,0.00221076,0.00306383,0.00082034,0.00341734,0.00166528,0.00225661,0.00302954,0.00000000,0.00000000,0.00000000,0.01302719,0.00122224,0.00094585,0.00566819,0.01527120,0.00597461
0.00782949,0.00000000,0.03024453,0.00516432,0.01225323,0.00199203,0.02031030,0.00533808,0.00130208,0.00153610,0.00098328,0.00000000,0.00000000,0.00000000,0.00000000,0.00137457,0.01247401,0.07668394,1.00000000,0.01576182,0.03953279,0.00330215,0.00123839,0.00164103,0.00398967,0.06865605,0.01342282,0.00831601,0.01416894,0.04243009,0.02919708,0.00769231,0.00146199,0.06216378,0.01759961,0.02359209,0.00152788,0.01028278,0.00504255,0.04596623,0.00472441,0.00431965,0.00700832,0.05525095,0.00359583,0.00143781,0.00331279,0.00176523,0.00073706,0.00058258,0.00105652,0.00102354,0.00625434,0.00910902,0.00000000,0.00000000,0.00000000,0.00245916,0.00403497,0.00211584,0.00144963,0.01014925,0.00224467
0.01418897,0.00377358,0.00153453,0.00355591,0.00000000,0.00000000,0.02116402,0.05088266,0.00855432,0.01820317,0.01269394,0.00285103,0.00331400,0.00000000,0.00000000,0.02424569,0.00712695,0.06295754,0.01576182,1.00000000,0.06997389,0.08094693,0.03971866,0.01479655,0.01909052,0.02966343,0.02294142,0.03628118,0.05460751,0.04520167,0.00316122,0.02388708,0.02672811,0.05303761,0.04864092,0.00583090,0.00947418,0.00678541,0.01207547,0.00408998,0.00193050,0.03089676,0.01296596,0.00649351,0.00000000,0.01933737,0.00100661,0.00195567,0.00481618,0.00365154,0.00296846,0.00000000,0.00182983,0.00231750,0.00108903,0.00000000,0.00176056,0.00000000,0.00038001,0.00000000,0.00323821,0.00337187,0.00118133
0.00207254,0.00270453,0.00000000,0.00257003,0.00000000,0.00000000,0.00251889,0.00000000,0.00000000,0.00089485,0.00120120,0.00000000,0.00000000,0.00000000,0.00000000,0.00000000,0.01117318,0.01665599,0.03953279,0.06997389,1.00000000,0.03729282,0.00481541,0.00177541,0.02968233,0.00048924,0.00472441,0.00000000,0.01773533,0.02815249,0.02475928,0.01788376,0.01401401,0.03291905,0.02149382,0.00619743,0.00212766,0.01010952,0.00927247,0.00340329,0.00000000,0.00134862,0.03030303,0.02378230,0.00000000,0.00485879,0.00000000,0.00105430,0.00237248,0.00092350,0.00393701,0.00000000,0.00074253,0.00190840,0.00000000,0.00000000,0.00544959,0.00000000,0.00048876,0.00058617,0.00000000,0.00134183,0.00000000
0.01138952,0.00366468,0.00464711,0.00130577,0.00000000,0.00000000,0.01288660,0.00959561,0.01924105,0.17625043,0.00590967,0.01111586,0.01643554,0.01268231,0.00311284,0.00986133,0.02137233,0.00706402,0.00330215,0.08094693,0.03729282,1.00000000,0.01948718,0.00614203,0.01151631,0.03547579,0.00911854,0.00154202,0.00460829,0.01328352,0.00978337,0.00727273,0.00234880,0.03531649,0.02756439,0.00067499,0.00608273,0.00740349,0.07240593,0.00243210,0.03239875,0.05212620,0.06951872,0.00078787,0.00000000,0.00027435,0.00051854,0.00153787,0.00000000,0.00000000,0.00000000,0.00000000,0.01247743,0.00155925,0.00561447,0.00000000,0.00000000,0.00000000,0.00000000,0.00000000,0.00134108,0.00054274,0.00000000
0.00904605,0.00908632,0.00000000,0.02321876,0.00000000,0.00000000,0.05981512,0.00636436,0.00239664,0.01242236,0.01199815,0.00748713,0.02979943,0.00145455,0.00184672,0.00985869,0.01649746,0.06204556,0.00123839,0.03971866,0.00481541,0.01948718,1.00000000,0.02316294,0.01016753,0.01045752,0.03950339,0.02374429,0.04979675,0.08971454,0.03254679,0.07672634,0.01465690,0.01092268,0.00899621,0.00072438,0.00277393,0.00000000,0.00362976,0.00000000,0.00000000,0.00100756,0.00331126,0.00984615,0.00456541,0.01297968,0.00157625,0.00666945,0.00035971,0.00085727,0.01382034,0.00191663,0.02445237,0.01371366,0.00266312,0.00655738,0.00249532,0.00034329,0.00043535,0.00153296,0.00234082,0.01033592,0.00195313
0.01440618,0.00381607,0.00123058,0.00182935,0.00041135,0.00000000,0.00345921,0.00619880,0.00202881,0.00266800,0.01400405,0.00037058,0.00239760,0.00000000,0.00046051,0.00190386,0.00124069,0.01841067,0.00164103,0.01479655,0.00177541,0.00614203,0.02316294,1.00000000,0.05606379,0.15031847,0.04610493,0.00137773,0.00573833,0.00548747,0.00133660,0.00902323,0.02184415,0.00860662,0.09486905,0.03554227,0.00000000,0.00080824,0.01066098,0.00398190,0.00214454,0.00114395,0.01902748,0.03220652,0.00245673,0.09953614,0.00540950,0.04947871,0.01247166,0.00955259,0.00794552,0.00860295,0.01508362,0.01969302,0.00415070,0.00223214,0.00287888,0.00462250,0.00967660,0.12099247,0.08523633,0.00978793,0.00046685
0.02013063,0.00247525,0.00000000,0.00159292,0.00000000,0.00000000,0.00188947,0.00097991,0.00046642,0.00207383,0.00374697,0.00088456,0.00323625,0.00048298,0.00025031,0.00040201,0.00730874,0.01516165,0.00398967,0.01909052,0.02968233,0.01151631,0.01016753,0.05606379,1.00000000,0.12385840,0.00806545,0.00024994,0.00338028,0.01909151,0.00442478,0.00866337,0.02188392,0.02849990,0.09720600,0.07074886,0.00047910,0.00116333,0.03309507,0.00043611,0.00096270,0.00067476,0.08752547,0.03191309,0.00079352,0.19778492,0.00406633,0.00859660,0.07219058,0.14626780,0.07254002,0.04091617,0.05204751,0.05609779,0.00746645,0.00246093,0.01762632,0.00612581,0.00712981,0.05452361,0.02862510,0.00538980,0.00025218
0.02085703,0.00207340,0.00197271,0.00635798,0.00270027,0.00000000,0.02791411,0.00097585,0.00088672,0.01541495,0.00758634,0.00080337,0.01395247,0.00000000,0.00152866,0.01189465,0.01810774,0.01060143,0.06865605,0.02966343,0.00048924,0.03547579,0.01045752,0.15031847,0.12385840,1.00000000,0.05548331,0.00101600,0.00083160,0.00475342,0.00294768,0.00099626,0.00368409,0.01328904,0.02660628,0.01035160,0.00280112,0.00882807,0.06473650,0.04190327,0.00800942,0.03024653,0.04640548,0.03291434,0.00796533,0.02517623,0.01062652,0.10875787,0.01094977,0.03190733,0.02095316,0.00527490,0.04008705,0.06504316,0.01334246,0.00492368,0.00989876,0.00692201,0.01559978,0.08407342,0.05735170,0.03256917,0.00000000
0.00814332,0.00299252,0.00122511,0.00407516,0.00000000,0.00000000,0.00648298,0.00936768,0.00000000,0.00362188,0.01186673,0.00185099,0.00226116,0.00000000,0.00180668,0.00326052,0.00500000,0.06133206,0.01342282,0.02294142,0.00472441,0.00911854,0.03950339,0.04610493,0.00806545,0.05548331,1.00000000,0.00178731,0.00702811,0.00627521,0.00478851,0.00835422,0.00786885,0.01655724,0.03154426,0.00359066,0.00409277,0.00467017,0.00240240,0.00611621,0.00140154,0.00099552,0.00245902,0.00734844,0.00139885,0.00843645,0.00131148,0.00495254,0.00035817,0.00056956,0.00097561,0.00094742,0.00913242,0.01198910,0.00000000,0.00160772,0.00000000,0.00170940,0.00433088,0.02793296,0.02001862,0.00285144,0.00000000
0.00786959,0.00602410,0.00077280,0.00106952,0.00000000,0.00000000,0.00991736,0.00331126,0.00000000,0.00095969,0.00396301,0.00000000,0.00000000,0.00000000,0.00000000,0.00083682,0.00216685,0.03546099,0.00831601,0.03628118,0.00000000,0.00154202,0.02374429,0.00137773,0.00024994,0.00101600,0.00178731,1.00000000,0.02889734,0.03603604,0.00694444,0.01153846,0.00000000,0.03750885,0.00840101,0.00094877,0.00000000,0.00386100,0.00000000,0.00372208,0.00000000,0.00000000,0.00113443,0.00189484,0.00000000,0.00155400,0.00013724,0.00000000,0.00000000,0.00000000,0.00000000,0.00000000,0.00038197,0.00000000,0.00000000,0.00000000,0.00000000,0.00000000,0.00000000,0.00061331,0.00000000,0.00212014,0.00000000
0.00527903,0.00090868,0.00173360,0.00433557,0.00000000,0.00000000,0.00615700,0.00135410,0.00423504,0.00202908,0.00586510,0.00000000,0.00000000,0.00000000,0.00000000,0.00061293,0.00334076,0.06657906,0.01416894,0.05460751,0.01773533,0.00460829,0.04979675,0.00573833,0.00338028,0.00083160,0.00702811,0.02889734,1.00000000,0.10383189,0.00690131,0.01722900,0.00581058,0.04649905,0.02340234,0.01140557,0.00361011,0.00314301,0.00056721,0.01368209,0.00123229,0.00090703,0.00151745,0.00785083,0.00338123,0.06704981,0.00246018,0.00076365,0.00103806,0.00055409,0.00534283,0.00173385,0.00196431,0.00206932,0.00000000,0.00000000,0.00000000,0.00396957,0.00083091,0.00096759,0.00667854,0.01566298,0.00000000
0.01383604,0.00163934,0.00108108,0.00370981,0.00000000,0.00000000,0.01015228,0.00116550,0.00000000,0.00062578,0.01447068,0.00000000,0.00000000,0.00000000,0.00000000,0.00114220,0.01081081,0.04996035,0.04243009,0.04520167,0.02815249,0.01328352,0.08971454,0.00548747,0.01909151,0.00475342,0.00627521,0.03603604,0.10383189,1.00000000,0.07227488,0.05147059,0.01224490,0.09446420,0.06961350,0.00434783,0.00105208,0.00744879,0.00053121,0.00146843,0.00000000,0.00081833,0.00626087,0.01199850,0.01234969,0.03763085,0.00408033,0.00000000,0.00199369,0.00321802,0.00402414,0.00000000,0.00661626,0.00194884,0.00173260,0.00357356,0.01066925,0.00063644,0.00118741,0.00777498,0.00845487,0.07610350,0.00000000
0.00313643,0.00273598,0.00220426,0.00413010,0.00000000,0.00000000,0.00759734,0.00271003,0.00000000,0.00270514,0.00242718,0.00494438,0.00489396,0.00000000,0.00354610,0.01426307,0.20435194,0.00518135,0.02919708,0.00316122,0.02475928,0.00978337,0.03254679,0.00133660,0.00442478,0.00294768,0.00478851,0.00694444,0.00690131,0.07227488,1.00000000,0.05810398,0.00203666,0.04729730,0.01565452,0.00356824,0.00000000,0.00170940,0.01148188,0.00572738,0.00226244,0.00545703,0.01265156,0.01101928,0.00154560,0.00030446,0.00013599,0.00212766,0.00000000,0.00000000,0.00000000,0.00000000,0.00409683,0.00255836,0.00080483,0.00000000,0.00000000,0.00000000,0.00000000,0.00117820,0.00000000,0.00269906,0.00000000
0.00323102,0.00284495,0.00000000,0.00157150,0.00194742,0.00000000,0.00257815,0.00293255,0.00182815,0.00740056,0.00628141,0.00000000,0.00170940,0.00000000,0.00000000,0.00081037,0.00399600,0.02822581,0.00769231,0.02388708,0.01788376,0.00727273,0.07672634,0.00902323,0.00866337,0.00099626,0.00835422,0.01153846,0.01722900,0.05147059,0.05810398,1.00000000,0.03455724,0.02961433,0.02356810,0.00091491,0.00000000,0.00359066,0.00878799,0.00000000,0.00000000,0.00000000,0.00543183,0.00697674,0.00000000,0.01658222,0.00054604,0.00000000,0.00120361,0.00124533,0.01102688,0.00264550,0.00225819,0.00195376,0.00082338,0.00000000,0.00194553,0.00038088,0.00099527,0.01078167,0.00162294,0.00894085,0.00000000
0.00366133,0.00230681,0.00000000,0.00096479,0.00000000,0.00000000,0.00000000,0.00000000,0.00000000,0.00000000,0.00416667,0.00000000,0.00133511,0.00000000,0.00000000,0.00000000,0.00000000,0.04405286,0.00146199,0.02672811,0.01401401,0.00234880,0.01465690,0.02184415,0.02188392,0.00368409,0.00786885,0.00000000,0.00581058,0.01224490,0.00203666,0.03455724,1.00000000,0.00618812,0.04928338,0.00636436,0.00000000,0.00138696,0.00261523,0.00000000,0.00000000,0.00000000,0.00184417,0.00821089,0.00110132,0.05291624,0.00000000,0.00000000,0.01242236,0.00740521,0.02810568,0.01413043,0.00177242,0.02000588,0.00000000,0.02466598,0.00147493,0.00143395,0.00368070,0.02617944,0.00496894,0.00185414,0.00000000
0.02209945,0.00215517,0.00764280,0.00326584,0.01080108,0.00000000,0.00406730,0.00602410,0.00411765,0.00179051,0.00974859,0.02378490,0.02704258,0.00965873,0.03553660,0.00921659,0.03870578,0.06167633,0.06216378,0.05303761,0.03291905,0.03531649,0.01092268,0.00860662,0.02849990,0.01328904,0.01655724,0.03750885,0.04649905,0.09446420,0.04729730,0.02961433,0.00618812,1.00000000,0.19546599,0.03205699,0.00504255,0.03567251,0.01310304,0.04304304,0.00957243,0.00645856,0.05594406,0.03390857,0.00296256,0.00634993,0.00058973,0.00048426,0.00164586,0.00206186,0.00000000,0.00000000,0.03963255,0.01190255,0.00295671,0.00000000,0.00000000,0.00979225,0.00505929,0.00212578,0.00233217,0.00920598,0.00000000
0.01059495,0.00089746,0.00209900,0.00174698,0.00343306,0.00000000,0.00227494,0.00053576,0.00048251,0.00268559,0.04049106,0.00433557,0.00663350,0.00155804,0.00224782,0.00181192,0.00789733,0.02599692,0.01759961,0.04864092,0.02149382,0.02756439,0.00899621,0.09486905,0.09720600,0.02660628,0.03154426,0.00840101,0.02340234,0.06961350,0.01565452,0.02356810,0.04928338,0.19546599,1.00000000,0.08898224,0.00102093,0.01152461,0.00449671,0.08352668,0.00876515,0.00089666,0.06418643,0.03128826,0.00195814,0.04370556,0.00079087,0.00287179,0.01119960,0.00738786,0.00666371,0.00131492,0.04710102,0.02384842,0.00036496,0.00108225,0.00147095,0.02023609,0.00678925,0.00813772,0.01541197,0.00402752,0.00000000
0.01161103,0.00400802,0.00047015,0.00073992,0.00152964,0.00000000,0.00000000,0.00088106,0.00000000,0.00000000,0.00566038,0.00000000,0.00072516,0.00083752,0.00000000,0.00049310,0.00540749,0.03641092,0.02359209,0.00583090,0.00619743,0.00067499,0.00072438,0.03554227,0.07074886,0.01035160,0.00359066,0.00094877,0.01140557,0.00434783,0.00356824,0.00091491,0.00636436,0.03205699,0.08898224,1.00000000,0.00000000,0.01776462,0.02315351,0.01952410,0.00165563,0.00200133,0.05249344,0.01494565,0.00208706,0.05727688,0.00246321,0.02227433,0.03742583,0.01148278,0.01250411,0.00903226,0.00492611,0.01159047,0.00149365,0.00000000,0.00535168,0.12077789,0.04637061,0.02192003,0.10104068,0.00845196,0.00000000
0.01505174,0.02268657,0.01158433,0.04599951,0.00462963,0.00000000,0.01245552,0.01682440,0.00586941,0.01892225,0.01074691,0.00218460,0.00972898,0.00187091,0.00000000,0.04018999,0.01259843,0.01024474,0.00152788,0.00947418,0.00212766,0.00608273,0.00277393,0.00000000,0.00047910,0.00280112,0.00409277,0.00000000,0.00361011,0.00105208,0.00000000,0.00000000,0.00000000,0.00504255,0.00102093,0.00000000,1.00000000,0.08098337,0.01733333,0.00612557,0.00364631,0.01310304,0.00189573,0.00131320,0.00074225,0.00294898,0.00214477,0.00095557,0.00000000,0.00029882,0.00000000,0.00000000,0.00107469,0.00239521,0.00222387,0.00000000,0.00308404,0.00036232,0.00000000,0.00055432,0.00050429,0.01070192,0.02785515
0.01179941,0.00312175,0.00314268,0.04476234,0.01814647,0.00371058,0.01602653,0.00500835,0.01490683,0.02464526,0.00664137,0.00288739,0.00355872,0.00303951,0.00000000,0.01474531,0.00131839,0.02495010,0.01028278,0.00678541,0.01010952,0.00740349,0.00000000,0.00080824,0.00116333,0.00882807,0.00467017,0.00386100,0.00314301,0.00744879,0.00170940,0.00359066,0.00138696,0.03567251,0.01152461,0.01776462,0.08098337,1.00000000,0.02279027,0.01994560,0.02678571,0.02596054,0.00509122,0.01578073,0.00212917,0.00654432,0.01437331,0.00085470,0.00036357,0.00000000,0.00101678,0.00098619,0.00205832,0.01449679,0.00067912,0.00000000,0.00259067,0.01907404,0.00176406,0.00207523,0.00047472,0.00175234,0.00207254
0.02456140,0.00169539,0.00041675,0.00302470,0.00000000,0.00000000,0.00343774,0.00071048,0.00000000,0.04051222,0.00751678,0.00703654,0.03330306,0.00409137,0.00378644,0.00956314,0.05424378,0.00220933,0.00504255,0.01207547,0.00927247,0.07240593,0.00362976,0.01066098,0.03309507,0.06473650,0.00240240,0.00000000,0.00056721,0.00053121,0.01148188,0.00878799,0.00261523,0.01310304,0.00449671,0.02315351,0.01733333,0.02279027,1.00000000,0.00627779,0.02093887,0.12757550,0.20483140,0.00621794,0.00358472,0.00670830,0.00190658,0.04346727,0.00561956,0.00186981,0.00446429,0.00493827,0.04243319,0.00576480,0.07628233,0.00071994,0.00063271,0.00135428,0.00065020,0.00438596,0.00583190,0.00198373,0.00232378
0.01085114,0.00240192,0.06120277,0.00651731,0.05757433,0.00846433,0.00286055,0.00338219,0.00365965,0.00061463,0.00149031,0.00150716,0.00000000,0.05708245,0.00250000,0.00561798,0.04395604,0.05891473,0.04596623,0.00408998,0.00340329,0.00243210,0.00000000,0.00398190,0.00043611,0.04190327,0.00611621,0.00372208,0.01368209,0.00146843,0.00572738,0.00000000,0.00000000,0.04304304,0.08352668,0.01952410,0.00612557,0.01994560,0.00627779,1.00000000,0.06666667,0.03277378,0.00954654,0.00333828,0.00000000,0.00052597,0.00279489,0.00000000,0.00032911,0.00026610,0.00000000,0.00000000,0.00000000,0.00000000,0.00056802,0.00000000,0.00000000,0.00441431,0.00586969,0.00045137,0.00167049,0.00000000,0.00129786
0.00383325,0.00122249,0.00207182,0.00543478,0.01431981,0.00252525,0.00360036,0.00000000,0.01812689,0.03595318,0.00109769,0.01562500,0.01000000,0.17475728,0.07588076,0.03039288,0.01624695,0.00000000,0.00472441,0.00193050,0.00000000,0.03239875,0.00000000,0.00214454,0.00096270,0.00800942,0.00140154,0.00000000,0.00123229,0.00000000,0.00226244,0.00000000,0.00000000,0.00957243,0.00876515,0.00165563,0.00364631,0.02678571,0.02093887,0.06666667,1.00000000,0.18658537,0.03090295,0.00000000,0.00000000,0.00088981,0.00188159,0.00486855,0.00000000,0.00060114,0.00000000,0.00000000,0.00324675,0.00000000,0.00225649,0.00000000,0.00000000,0.00036490,0.00094140,0.00000000,0.00000000,0.00000000,0.00294551
0.01124016,0.00270514,0.00172513,0.01641469,0.00652529,0.00000000,0.00408685,0.00133869,0.00314795,0.03765972,0.00166389,0.01853412,0.01614531,0.04342432,0.04242424,0.08780488,0.03750689,0.00000000,0.00431965,0.03089676,0.00134862,0.05212620,0.00100756,0.00114395,0.00067476,0.03024653,0.00099552,0.00000000,0.00090703,0.00081833,0.00545703,0.00000000,0.00000000,0.00645856,0.00089666,0.00200133,0.01310304,0.02596054,0.12757550,0.03277378,0.18658537,1.00000000,0.09046363,0.00234742,0.00000000,0.00081911,0.00194012,0.00151745,0.00069001,0.00110558,0.00000000,0.00000000,0.01044727,0.00412053,0.00555384,0.00137268,0.00000000,0.00032987,0.00000000,0.00337268,0.00000000,0.00053763,0.00317209
0.01290323,0.00377501,0.00153492,0.00276625,0.00000000,0.00000000,0.00598251,0.00103896,0.00599059,0.03113069,0.00493827,0.01497326,0.02320763,0.01370534,0.03083952,0.00646726,0.04367201,0.01391432,0.00700832,0.01296596,0.03030303,0.06951872,0.00331126,0.01902748,0.08752547,0.04640548,0.00245902,0.00113443,0.00151745,0.00626087,0.01265156,0.00543183,0.00184417,0.05594406,0.06418643,0.05249344,0.00189573,0.00509122,0.20483140,0.00954654,0.03090295,0.09046363,1.00000000,0.02309219,0.00094295,0.00309438,0.00037750,0.02412781,0.00385356,0.00469545,0.00668151,0.00072595,0.05581821,0.01298099,0.02450980,0.00000000,0.00176134,0.00431167,0.00228050,0.00349192,0.00445344,0.00000000,0.00000000
0.01726929,0.00704777,0.00942211,0.02978723,0.00338338,0.00046904,0.01146216,0.00136861,0.00041701,0.00102319,0.02077824,0.00037994,0.00164204,0.00000000,0.00000000,0.00551053,0.00765469,0.01811175,0.05525095,0.00649351,0.02378230,0.00078787,0.00984615,0.03220652,0.03191309,0.03291434,0.00734844,0.00189484,0.00785083,0.01199850,0.01101928,0.00697674,0.00821089,0.03390857,0.03128826,0.01494565,0.00131320,0.01578073,0.00621794,0.00333828,0.00000000,0.00234742,0.02309219,1.00000000,0.14781229,0.03876652,0.01035253,0.00651466,0.00230229,0.00888801,0.00271686,0.00191791,0.02373558,0.09567400,0.00065242,0.00184035,0.00761099,0.06925053,0.08418599,0.04630024,0.04406001,0.01875946,0.00048181
0.01379527,0.00809717,0.00333890,0.01462830,0.00072085,0.00000000,0.00183607,0.00000000,0.00249288,0.00059844,0.01406608,0.00000000,0.00035137,0.00037580,0.00000000,0.00028612,0.00036212,0.00232945,0.00359583,0.00000000,0.00000000,0.00000000,0.00456541,0.00245673,0.00079352,0.00796533,0.00139885,0.00000000,0.00338123,0.01234969,0.00154560,0.00000000,0.00110132,0.00296256,0.00195814,0.00208706,0.00074225,0.00212917,0.00358472,0.00000000,0.00000000,0.00000000,0.00094295,0.14781229,1.00000000,0.10203897,0.01585563,0.00094548,0.00273483,0.00109629,0.00200904,0.00033146,0.00223668,0.00579481,0.00057546,0.00270950,0.02090090,0.03560831,0.07938181,0.07378196,0.02068378,0.03660834,0.00160933
0.02316006,0.00355143,0.00069922,0.00410973,0.00086430,0.00000000,0.01219783,0.01637108,0.00599230,0.00519995,0.06473958,0.00053497,0.00084686,0.00000000,0.00000000,0.00047716,0.00028918,0.02566527,0.00143781,0.01933737,0.00485879,0.00027435,0.01297968,0.09953614,0.19778492,0.02517623,0.00843645,0.00155400,0.06704981,0.03763085,0.00030446,0.01658222,0.05291624,0.00634993,0.04370556,0.05727688,0.00294898,0.00654432,0.00670830,0.00052597,0.00088981,0.00081911,0.00309438,0.03876652,0.10203897,1.00000000,0.03637071,0.01628117,0.05100917,0.09968393,0.05376052,0.02827521,0.01139906,0.03049188,0.00191755,0.00731707,0.02563733,0.06018270,0.01691162,0.05403069,0.02621723,0.04216253,0.00094280
0.04324324,0.00206999,0.08756505,0.05573275,0.00795756,0.00301061,0.01282350,0.00434340,0.00924275,0.00604379,0.00332375,0.00243356,0.00091966,0.00646334,0.00000000,0.01016888,0.00026571,0.00205907,0.00331279,0.00100661,0.00000000,0.00051854,0.00157625,0.00540950,0.00406633,0.01062652,0.00131148,0.00013724,0.00246018,0.00408033,0.00013599,0.00054604,0.00000000,0.00058973,0.00079087,0.00246321,0.00214477,0.01437331,0.00190658,0.00279489,0.00188159,0.00194012,0.00037750,0.01035253,0.01585563,0.03637071,1.00000000,0.00491277,0.00178590,0.00341847,0.00180599,0.00102795,0.01197914,0.00548937,0.00024269,0.00068036,0.00278496,0.06920845,0.02545374,0.06025759,0.02794366,0.08926360,0.00565439
0.01946156,0.01139818,0.00154162,0.00079302,0.00000000,0.00000000,0.00046200,0.00000000,0.00000000,0.00236128,0.00709723,0.00000000,0.00250417,0.00098717,0.00115340,0.00054142,0.01077683,0.00221076,0.00176523,0.00195567,0.00105430,0.00153787,0.00666945,0.04947871,0.00859660,0.10875787,0.00495254,0.00000000,0.00076365,0.00000000,0.00212766,0.00000000,0.00000000,0.00048426,0.00287179,0.02227433,0.00095557,0.00085470,0.04346727,0.00000000,0.00486855,0.00151745,0.02412781,0.00651466,0.00094548,0.01628117,0.00491277,1.00000000,0.04250523,0.00993464,0.02316025,0.00292184,0.03455657,0.01303235,0.01915185,0.02672368,0.00532387,0.00247028,0.00114395,0.00920044,0.07637619,0.00048379,0.00119403
0.01825753,0.00379769,0.00000000,0.00024375,0.00000000,0.00000000,0.00000000,0.00000000,0.00000000,0.00030539,0.00267603,0.00033619,0.00000000,0.00000000,0.00000000,0.00000000,0.00037120,0.00306383,0.00073706,0.00481618,0.00237248,0.00000000,0.00035971,0.01247166,0.07219058,0.01094977,0.00035817,0.00000000,0.00103806,0.00199369,0.00000000,0.00120361,0.01242236,0.00164586,0.01119960,0.03742583,0.00000000,0.00036357,0.00561956,0.00032911,0.00000000,0.00069001,0.00385356,0.00230229,0.00273483,0.05100917,0.00178590,0.04250523,1.00000000,0.10396818,0.01986982,0.03932870,0.00061849,0.03083937,0.00088028,0.00119237,0.02659280,0.00456526,0.00095170,0.02873414,0.02820386,0.00191912,0.00041356
0.01952362,0.00359513,0.00000000,0.00000000,0.00000000,0.00000000,0.00022399,0.00000000,0.00028902,0.00000000,0.00080884,0.00000000,0.00000000,0.00000000,0.00000000,0.00000000,0.00058591,0.00082034,0.00058258,0.00365154,0.00092350,0.00000000,0.00085727,0.00955259,0.14626780,0.03190733,0.00056956,0.00000000,0.00055409,0.00321802,0.00000000,0.00124533,0.00740521,0.00206186,0.00738786,0.01148278,0.00029882,0.00000000,0.00186981,0.00026610,0.00060114,0.00110558,0.00469545,0.00888801,0.00109629,0.09968393,0.00341847,0.00993464,0.10396818,1.00000000,0.02061289,0.17606977,0.00430880,0.06429133,0.00314961,0.01545356,0.09279253,0.00108333,0.00203149,0.03164212,0.00987084,0.00160293,0.00031873
0.01107011,0.00354139,0.00056834,0.00042817,0.00000000,0.00000000,0.00000000,0.00000000,0.00000000,0.00000000,0.00572597,0.00000000,0.00098863,0.00000000,0.00000000,0.00060223,0.00107875,0.00341734,0.00105652,0.00296846,0.00393701,0.00000000,0.01382034,0.00794552,0.07254002,0.02095316,0.00097561,0.00000000,0.00534283,0.00402414,0.00000000,0.01102688,0.02810568,0.00000000,0.00666371,0.01250411,0.00000000,0.00101678,0.00446429,0.00000000,0.00000000,0.00000000,0.00668151,0.00271686,0.00200904,0.05376052,0.00180599,0.02316025,0.01986982,0.02061289,1.00000000,0.04143763,0.02497162,0.03771662,0.00853138,0.00667557,0.02020202,0.00196592,0.00041051,0.01860687,0.00527473,0.01861207,0.00000000
0.01082642,0.00172414,0.00000000,0.00042265,0.00000000,0.00000000,0.00000000,0.00000000,0.00000000,0.00000000,0.00000000,0.00000000,0.00000000,0.00000000,0.00000000,0.00000000,0.00000000,0.00166528,0.00102354,0.00000000,0.00000000,0.00000000,0.00191663,0.00860295,0.04091617,0.00527490,0.00094742,0.00000000,0.00173385,0.00000000,0.00000000,0.00264550,0.01413043,0.00000000,0.00131492,0.00903226,0.00000000,0.00098619,0.00493827,0.00000000,0.00000000,0.00000000,0.00072595,0.00191791,0.00033146,0.02827521,0.00102795,0.00292184,0.03932870,0.17606977,0.04143763,1.00000000,0.00321130,0.03663739,0.02153754,0.01026299,0.01956746,0.00032441,0.00040543,0.01739948,0.00477120,0.00313972,0.00000000
0.02647193,0.01535446,0.00975345,0.00656199,0.00905450,0.00075786,0.01202200,0.00037051,0.00068847,0.02093632,0.01490171,0.02102580,0.05946313,0.00543872,0.00229709,0.00723831,0.02973588,0.00225661,0.00625434,0.00182983,0.00074253,0.01247743,0.02445237,0.01508362,0.05204751,0.04008705,0.00913242,0.00038197,0.00196431,0.00661626,0.00409683,0.00225819,0.00177242,0.03963255,0.04710102,0.00492611,0.00107469,0.00205832,0.04243319,0.00000000,0.00324675,0.01044727,0.05581821,0.02373558,0.00223668,0.01139906,0.01197914,0.03455657,0.00061849,0.00430880,0.02497162,0.00321130,1.00000000,0.11506357,0.17466760,0.00596904,0.00034819,0.00260861,0.00663995,0.00670391,0.00285273,0.02701994,0.00000000
0.01893764,0.00979634,0.00038918,0.01335241,0.00057143,0.00000000,0.00538020,0.00063391,0.00000000,0.00258900,0.02361624,0.00148699,0.01317595,0.00000000,0.00000000,0.00688120,0.00518135,0.00302954,0.00910902,0.00231750,0.00190840,0.00155925,0.01371366,0.01969302,0.05609779,0.06504316,0.01198910,0.00000000,0.00206932,0.00194884,0.00255836,0.00195376,0.02000588,0.01190255,0.02384842,0.01159047,0.00239521,0.01449679,0.00576480,0.00000000,0.00000000,0.00412053,0.01298099,0.09567400,0.00579481,0.03049188,0.00548937,0.01303235,0.03083937,0.06429133,0.03771662,0.03663739,0.11506357,1.00000000,0.00815993,0.00962155,0.00514139,0.00802693,0.01170672,0.02718513,0.00486224,0.01598216,0.00068446
0.02223427,0.01853568,0.00222370,0.00070809,0.00000000,0.00000000,0.00202675,0.00000000,0.00000000,0.01152016,0.00467426,0.00058945,0.00533156,0.00228050,0.00085507,0.00093045,0.00635593,0.00000000,0.00000000,0.00108903,0.00000000,0.00561447,0.00266312,0.00415070,0.00746645,0.01334246,0.00000000,0.00000000,0.00000000,0.00173260,0.00080483,0.00082338,0.00000000,0.00295671,0.00036496,0.00149365,0.00222387,0.00067912,0.07628233,0.00056802,0.00225649,0.00555384,0.02450980,0.00065242,0.00057546,0.00191755,0.00024269,0.01915185,0.00088028,0.00314961,0.00853138,0.02153754,0.17466760,0.00815993,1.00000000,0.09369952,0.00209864,0.00000000,0.00000000,0.00000000,0.00036179,0.00042203,0.00000000
0.01575630,0.05230557,0.00073719,0.00000000,0.00000000,0.00000000,0.00000000,0.00000000,0.00000000,0.00000000,0.00000000,0.00000000,0.00000000,0.00000000,0.00000000,0.00000000,0.00000000,0.00000000,0.00000000,0.00000000,0.00000000,0.00000000,0.00655738,0.00223214,0.00246093,0.00492368,0.00160772,0.00000000,0.00000000,0.00357356,0.00000000,0.00000000,0.02466598,0.00000000,0.00108225,0.00000000,0.00000000,0.00000000,0.00071994,0.00000000,0.00000000,0.00137268,0.00000000,0.00184035,0.00270950,0.00731707,0.00068036,0.02672368,0.00119237,0.01545356,0.00667557,0.01026299,0.00596904,0.00962155,0.09369952,1.00000000,0.02604651,0.00113250,0.00000000,0.00000000,0.00053419,0.00203046,0.00000000
0.00349803,0.00762527,0.00000000,0.00047081,0.00000000,0.00000000,0.00000000,0.00000000,0.00262467,0.00000000,0.00197824,0.00000000,0.00000000,0.00000000,0.00000000,0.00000000,0.00000000,0.00000000,0.00000000,0.00176056,0.00544959,0.00000000,0.00249532,0.00287888,0.01762632,0.00989876,0.00000000,0.00000000,0.00000000,0.01066925,0.00000000,0.00194553,0.00147493,0.00000000,0.00147095,0.00535168,0.00308404,0.00259067,0.00063271,0.00000000,0.00000000,0.00000000,0.00176134,0.00761099,0.02090090,0.02563733,0.00278496,0.00532387,0.02659280,0.09279253,0.02020202,0.01956746,0.00034819,0.00514139,0.00209864,0.02604651,1.00000000,0.00176025,0.00089908,0.00902096,0.00290768,0.00599161,0.00000000
