1558,2665,3925,5077,2286,1821,4362,1941,2353,3421,2851,2821,2429,2059,1767,3727,2260,2747,2299,3101,1930,2634,2432,5692,9339,5274,2456,1779,2652,2891,1913,1857,2185,4163,4908,3445,2126,2373,3990,2949,2087,2669,3100,5559,6379,7772,15910,3083,6244,7683,2710,2771,6573,4330,3688,1904,2287,6510,5278,4598,4956,4167,1708
2665,1107,3474,4626,1835,1370,3911,1490,1902,2970,2400,2370,1978,1608,1316,3276,1809,2296,1848,2650,1479,2183,1981,5241,8888,4823,2005,1328,2201,2440,1462,1406,1734,3712,4457,2994,1675,1922,3539,2498,1636,2218,2649,5108,5928,7321,15459,2632,5793,7232,2259,2320,6122,3879,3237,1453,1836,6059,4827,4147,4505,3716,1257
3925,3474,2367,5886,3095,2630,5171,2750,3162,4230,3660,3630,3238,2868,2576,4536,3069,3556,3108,3910,2739,3443,3241,6501,10148,6083,3265,2588,3461,3700,2722,2666,2994,4972,5717,4254,2935,3182,4799,3758,2896,3478,3909,6368,7188,8581,16719,3892,7053,8492,3519,3580,7382,5139,4497,2713,3096,7319,6087,5407,5765,4976,2517
5077,4626,5886,3519,4247,3782,6323,3902,4314,5382,4812,4782,4390,4020,3728,5688,4221,4708,4260,5062,3891,4595,4393,7653,11300,7235,4417,3740,4613,4852,3874,3818,4146,6124,6869,5406,4087,4334,5951,4910,4048,4630,5061,7520,8340,9733,17871,5044,8205,9644,4671,4732,8534,6291,5649,3865,4248,8471,7239,6559,6917,6128,3669
2286,1835,3095,4247,728,991,3532,1111,1523,2591,2021,1991,1599,1229,937,2897,1430,1917,1469,2271,1100,1804,1602,4862,8509,4444,1626,949,1822,2061,1083,1027,1355,3333,4078,2615,1296,1543,3160,2119,1257,1839,2270,4729,5549,6942,15080,2253,5414,6853,1880,1941,5743,3500,2858,1074,1457,5680,4448,3768,4126,3337,878
1821,1370,2630,3782,991,263,3067,646,1058,2126,1556,1526,1134,764,472,2432,965,1452,1004,1806,635,1339,1137,4397,8044,3979,1161,484,1357,1596,618,562,890,2868,3613,2150,831,1078,2695,1654,792,1374,1805,4264,5084,6477,14615,1788,4949,6388,1415,1476,5278,3035,2393,609,992,5215,3983,3303,3661,2872,413
4362,3911,5171,6323,3532,3067,2804,3187,3599,4667,4097,4067,3675,3305,3013,4973,3506,3993,3545,4347,3176,3880,3678,6938,10585,6520,3702,3025,3898,4137,3159,3103,3431,5409,6154,4691,3372,3619,5236,4195,3333,3915,4346,6805,7625,9018,17156,4329,7490,8929,3956,4017,7819,5576,4934,3150,3533,7756,6524,5844,6202,5413,2954
1941,1490,2750,3902,1111,646,3187,383,1178,2246,1676,1646,1254,884,592,2552,1085,1572,1124,1926,755,1459,1257,4517,8164,4099,1281,604,1477,1716,738,682,1010,2988,3733,2270,951,1198,2815,1774,912,1494,1925,4384,5204,6597,14735,1908,5069,6508,1535,1596,5398,3155,2513,729,1112,5335,4103,3423,3781,2992,533
2353,1902,3162,4314,1523,1058,3599,1178,795,2658,2088,2058,1666,1296,1004,2964,1497,1984,1536,2338,1167,1871,1669,4929,8576,4511,1693,1016,1889,2128,1150,1094,1422,3400,4145,2682,1363,1610,3227,2186,1324,1906,2337,4796,5616,7009,15147,2320,5481,6920,1947,2008,5810,3567,2925,1141,1524,5747,4515,3835,4193,3404,945
3421,2970,4230,5382,2591,2126,4667,2246,2658,1863,3156,3126,2734,2364,2072,4032,2565,3052,2604,3406,2235,2939,2737,5997,9644,5579,2761,2084,2957,3196,2218,2162,2490,4468,5213,3750,2431,2678,4295,3254,2392,2974,3405,5864,6684,8077,16215,3388,6549,7988,3015,3076,6878,4635,3993,2209,2592,6815,5583,4903,5261,4472,2013
2851,2400,3660,4812,2021,1556,4097,1676,2088,3156,1293,2556,2164,1794,1502,3462,1995,2482,2034,2836,1665,2369,2167,5427,9074,5009,2191,1514,2387,2626,1648,1592,1920,3898,4643,3180,1861,2108,3725,2684,1822,2404,2835,5294,6114,7507,15645,2818,5979,7418,2445,2506,6308,4065,3423,1639,2022,6245,5013,4333,4691,3902,1443
2821,2370,3630,4782,1991,1526,4067,1646,2058,3126,2556,1263,2134,1764,1472,3432,1965,2452,2004,2806,1635,2339,2137,5397,9044,4979,2161,1484,2357,2596,1618,1562,1890,3868,4613,3150,1831,2078,3695,2654,1792,2374,2805,5264,6084,7477,15615,2788,5949,7388,2415,2476,6278,4035,3393,1609,1992,6215,4983,4303,4661,3872,1413
2429,1978,3238,4390,1599,1134,3675,1254,1666,2734,2164,2134,871,1372,1080,3040,1573,2060,1612,2414,1243,1947,1745,5005,8652,4587,1769,1092,1965,2204,1226,1170,1498,3476,4221,2758,1439,1686,3303,2262,1400,1982,2413,4872,5692,7085,15223,2396,5557,6996,2023,2084,5886,3643,3001,1217,1600,5823,4591,3911,4269,3480,1021
2059,1608,2868,4020,1229,764,3305,884,1296,2364,1794,1764,1372,501,710,2670,1203,1690,1242,2044,873,1577,1375,4635,8282,4217,1399,722,1595,1834,856,800,1128,3106,3851,2388,1069,1316,2933,1892,1030,1612,2043,4502,5322,6715,14853,2026,5187,6626,1653,1714,5516,3273,2631,847,1230,5453,4221,3541,3899,3110,651
1767,1316,2576,3728,937,472,3013,592,1004,2072,1502,1472,1080,710,209,2378,911,1398,950,1752,581,1285,1083,4343,7990,3925,1107,430,1303,1542,564,508,836,2814,3559,2096,777,1024,2641,1600,738,1320,1751,4210,5030,6423,14561,1734,4895,6334,1361,1422,5224,2981,2339,555,938,5161,3929,3249,3607,2818,359
3727,3276,4536,5688,2897,2432,4973,2552,2964,4032,3462,3432,3040,2670,2378,2169,2871,3358,2910,3712,2541,3245,3043,6303,9950,5885,3067,2390,3263,3502,2524,2468,2796,4774,5519,4056,2737,2984,4601,3560,2698,3280,3711,6170,6990,8383,16521,3694,6855,8294,3321,3382,7184,4941,4299,2515,2898,7121,5889,5209,5567,4778,2319
2260,1809,3069,4221,1430,965,3506,1085,1497,2565,1995,1965,1573,1203,911,2871,702,1891,1443,2245,1074,1778,1576,4836,8483,4418,1600,923,1796,2035,1057,1001,1329,3307,4052,2589,1270,1517,3134,2093,1231,1813,2244,4703,5523,6916,15054,2227,5388,6827,1854,1915,5717,3474,2832,1048,1431,5654,4422,3742,4100,3311,852
2747,2296,3556,4708,1917,1452,3993,1572,1984,3052,2482,2452,2060,1690,1398,3358,1891,1189,1930,2732,1561,2265,2063,5323,8970,4905,2087,1410,2283,2522,1544,1488,1816,3794,4539,3076,1757,2004,3621,2580,1718,2300,2731,5190,6010,7403,15541,2714,5875,7314,2341,2402,6204,3961,3319,1535,1918,6141,4909,4229,4587,3798,1339
2299,1848,3108,4260,1469,1004,3545,1124,1536,2604,2034,2004,1612,1242,950,2910,1443,1930,741,2284,1113,1817,1615,4875,8522,4457,1639,962,1835,2074,1096,1040,1368,3346,4091,2628,1309,1556,3173,2132,1270,1852,2283,4742,5562,6955,15093,2266,5427,6866,1893,1954,5756,3513,2871,1087,1470,5693,4461,3781,4139,3350,891
3101,2650,3910,5062,2271,1806,4347,1926,2338,3406,2836,2806,2414,2044,1752,3712,2245,2732,2284,1543,1915,2619,2417,5677,9324,5259,2441,1764,2637,2876,1898,1842,2170,4148,4893,3430,2111,2358,3975,2934,2072,2654,3085,5544,6364,7757,15895,3068,6229,7668,2695,2756,6558,4315,3673,1889,2272,6495,5263,4583,4941,4152,1693
1930,1479,2739,3891,1100,635,3176,755,1167,2235,1665,1635,1243,873,581,2541,1074,1561,1113,1915,372,1448,1246,4506,8153,4088,1270,593,1466,1705,727,671,999,2977,3722,2259,940,1187,2804,1763,901,1483,1914,4373,5193,6586,14724,1897,5058,6497,1524,1585,5387,3144,2502,718,1101,5324,4092,3412,3770,2981,522
2634,2183,3443,4595,1804,1339,3880,1459,1871,2939,2369,2339,1947,1577,1285,3245,1778,2265,1817,2619,1448,1076,1950,5210,8857,4792,1974,1297,2170,2409,1431,1375,1703,3681,4426,2963,1644,1891,3508,2467,1605,2187,2618,5077,5897,7290,15428,2601,5762,7201,2228,2289,6091,3848,3206,1422,1805,6028,4796,4116,4474,3685,1226
2432,1981,3241,4393,1602,1137,3678,1257,1669,2737,2167,2137,1745,1375,1083,3043,1576,2063,1615,2417,1246,1950,874,5008,8655,4590,1772,1095,1968,2207,1229,1173,1501,3479,4224,2761,1442,1689,3306,2265,1403,1985,2416,4875,5695,7088,15226,2399,5560,6999,2026,2087,5889,3646,3004,1220,1603,5826,4594,3914,4272,3483,1024
5692,5241,6501,7653,4862,4397,6938,4517,4929,5997,5427,5397,5005,4635,4343,6303,4836,5323,4875,5677,4506,5210,5008,4134,11915,7850,5032,4355,5228,5467,4489,4433,4761,6739,7484,6021,4702,4949,6566,5525,4663,5245,5676,8135,8955,10348,18486,5659,8820,10259,5286,5347,9149,6906,6264,4480,4863,9086,7854,7174,7532,6743,4284
9339,8888,10148,11300,8509,8044,10585,8164,8576,9644,9074,9044,8652,8282,7990,9950,8483,8970,8522,9324,8153,8857,8655,11915,7781,11497,8679,8002,8875,9114,8136,8080,8408,10386,11131,9668,8349,8596,10213,9172,8310,8892,9323,11782,12602,13995,22133,9306,12467,13906,8933,8994,12796,10553,9911,8127,8510,12733,11501,10821,11179,10390,7931
5274,4823,6083,7235,4444,3979,6520,4099,4511,5579,5009,4979,4587,4217,3925,5885,4418,4905,4457,5259,4088,4792,4590,7850,11497,3716,4614,3937,4810,5049,4071,4015,4343,6321,7066,5603,4284,4531,6148,5107,4245,4827,5258,7717,8537,9930,18068,5241,8402,9841,4868,4929,8731,6488,5846,4062,4445,8668,7436,6756,7114,6325,3866
2456,2005,3265,4417,1626,1161,3702,1281,1693,2761,2191,2161,1769,1399,1107,3067,1600,2087,1639,2441,1270,1974,1772,5032,8679,4614,898,1119,1992,2231,1253,1197,1525,3503,4248,2785,1466,1713,3330,2289,1427,2009,2440,4899,5719,7112,15250,2423,5584,7023,2050,2111,5913,3670,3028,1244,1627,5850,4618,3938,4296,3507,1048
1779,1328,2588,3740,949,484,3025,604,1016,2084,1514,1484,1092,722,430,2390,923,1410,962,1764,593,1297,1095,4355,8002,3937,1119,221,1315,1554,576,520,848,2826,3571,2108,789,1036,2653,1612,750,1332,1763,4222,5042,6435,14573,1746,4907,6346,1373,1434,5236,2993,2351,567,950,5173,3941,3261,3619,2830,371
2652,2201,3461,4613,1822,1357,3898,1477,1889,2957,2387,2357,1965,1595,1303,3263,1796,2283,1835,2637,1466,2170,1968,5228,8875,4810,1992,1315,1094,2427,1449,1393,1721,3699,4444,2981,1662,1909,3526,2485,1623,2205,2636,5095,5915,7308,15446,2619,5780,7219,2246,2307,6109,3866,3224,1440,1823,6046,4814,4134,4492,3703,1244
2891,2440,3700,4852,2061,1596,4137,1716,2128,3196,2626,2596,2204,1834,1542,3502,2035,2522,2074,2876,1705,2409,2207,5467,9114,5049,2231,1554,2427,1333,1688,1632,1960,3938,4683,3220,1901,2148,3765,2724,1862,2444,2875,5334,6154,7547,15685,2858,6019,7458,2485,2546,6348,4105,3463,1679,2062,6285,5053,4373,4731,3942,1483
1913,1462,2722,3874,1083,618,3159,738,1150,2218,1648,1618,1226,856,564,2524,1057,1544,1096,1898,727,1431,1229,4489,8136,4071,1253,576,1449,1688,355,654,982,2960,3705,2242,923,1170,2787,1746,884,1466,1897,4356,5176,6569,14707,1880,5041,6480,1507,1568,5370,3127,2485,701,1084,5307,4075,3395,3753,2964,505
1857,1406,2666,3818,1027,562,3103,682,1094,2162,1592,1562,1170,800,508,2468,1001,1488,1040,1842,671,1375,1173,4433,8080,4015,1197,520,1393,1632,654,299,926,2904,3649,2186,867,1114,2731,1690,828,1410,1841,4300,5120,6513,14651,1824,4985,6424,1451,1512,5314,3071,2429,645,1028,5251,4019,3339,3697,2908,449
2185,1734,2994,4146,1355,890,3431,1010,1422,2490,1920,1890,1498,1128,836,2796,1329,1816,1368,2170,999,1703,1501,4761,8408,4343,1525,848,1721,1960,982,926,627,3232,3977,2514,1195,1442,3059,2018,1156,1738,2169,4628,5448,6841,14979,2152,5313,6752,1779,1840,5642,3399,2757,973,1356,5579,4347,3667,4025,3236,777
4163,3712,4972,6124,3333,2868,5409,2988,3400,4468,3898,3868,3476,3106,2814,4774,3307,3794,3346,4148,2977,3681,3479,6739,10386,6321,3503,2826,3699,3938,2960,2904,3232,2605,5955,4492,3173,3420,5037,3996,3134,3716,4147,6606,7426,8819,16957,4130,7291,8730,3757,3818,7620,5377,4735,2951,3334,7557,6325,5645,6003,5214,2755
4908,4457,5717,6869,4078,3613,6154,3733,4145,5213,4643,4613,4221,3851,3559,5519,4052,4539,4091,4893,3722,4426,4224,7484,11131,7066,4248,3571,4444,4683,3705,3649,3977,5955,3350,5237,3918,4165,5782,4741,3879,4461,4892,7351,8171,9564,17702,4875,8036,9475,4502,4563,8365,6122,5480,3696,4079,8302,7070,6390,6748,5959,3500
3445,2994,4254,5406,2615,2150,4691,2270,2682,3750,3180,3150,2758,2388,2096,4056,2589,3076,2628,3430,2259,2963,2761,6021,9668,5603,2785,2108,2981,3220,2242,2186,2514,4492,5237,1887,2455,2702,4319,3278,2416,2998,3429,5888,6708,8101,16239,3412,6573,8012,3039,3100,6902,4659,4017,2233,2616,6839,5607,4927,5285,4496,2037
2126,1675,2935,4087,1296,831,3372,951,1363,2431,1861,1831,1439,1069,777,2737,1270,1757,1309,2111,940,1644,1442,4702,8349,4284,1466,789,1662,1901,923,867,1195,3173,3918,2455,568,1383,3000,1959,1097,1679,2110,4569,5389,6782,14920,2093,5254,6693,1720,1781,5583,3340,2698,914,1297,5520,4288,3608,3966,3177,718
2373,1922,3182,4334,1543,1078,3619,1198,1610,2678,2108,2078,1686,1316,1024,2984,1517,2004,1556,2358,1187,1891,1689,4949,8596,4531,1713,1036,1909,2148,1170,1114,1442,3420,4165,2702,1383,815,3247,2206,1344,1926,2357,4816,5636,7029,15167,2340,5501,6940,1967,2028,5830,3587,2945,1161,1544,5767,4535,3855,4213,3424,965
3990,3539,4799,5951,3160,2695,5236,2815,3227,4295,3725,3695,3303,2933,2641,4601,3134,3621,3173,3975,2804,3508,3306,6566,10213,6148,3330,2653,3526,3765,2787,2731,3059,5037,5782,4319,3000,3247,2432,3823,2961,3543,3974,6433,7253,8646,16784,3957,7118,8557,3584,3645,7447,5204,4562,2778,3161,7384,6152,5472,5830,5041,2582
2949,2498,3758,4910,2119,1654,4195,1774,2186,3254,2684,2654,2262,1892,1600,3560,2093,2580,2132,2934,1763,2467,2265,5525,9172,5107,2289,1612,2485,2724,1746,1690,2018,3996,4741,3278,1959,2206,3823,1391,1920,2502,2933,5392,6212,7605,15743,2916,6077,7516,2543,2604,6406,4163,3521,1737,2120,6343,5111,4431,4789,4000,1541
2087,1636,2896,4048,1257,792,3333,912,1324,2392,1822,1792,1400,1030,738,2698,1231,1718,1270,2072,901,1605,1403,4663,8310,4245,1427,750,1623,1862,884,828,1156,3134,3879,2416,1097,1344,2961,1920,529,1640,2071,4530,5350,6743,14881,2054,5215,6654,1681,1742,5544,3301,2659,875,1258,5481,4249,3569,3927,3138,679
2669,2218,3478,4630,1839,1374,3915,1494,1906,2974,2404,2374,1982,1612,1320,3280,1813,2300,1852,2654,1483,2187,1985,5245,8892,4827,2009,1332,2205,2444,1466,1410,1738,3716,4461,2998,1679,1926,3543,2502,1640,1111,2653,5112,5932,7325,15463,2636,5797,7236,2263,2324,6126,3883,3241,1457,1840,6063,4831,4151,4509,3720,1261
3100,2649,3909,5061,2270,1805,4346,1925,2337,3405,2835,2805,2413,2043,1751,3711,2244,2731,2283,3085,1914,2618,2416,5676,9323,5258,2440,1763,2636,2875,1897,1841,2169,4147,4892,3429,2110,2357,3974,2933,2071,2653,1542,5543,6363,7756,15894,3067,6228,7667,2694,2755,6557,4314,3672,1888,2271,6494,5262,4582,4940,4151,1692
5559,5108,6368,7520,4729,4264,6805,4384,4796,5864,5294,5264,4872,4502,4210,6170,4703,5190,4742,5544,4373,5077,4875,8135,11782,7717,4899,4222,5095,5334,4356,4300,4628,6606,7351,5888,4569,4816,6433,5392,4530,5112,5543,4001,8822,10215,18353,5526,8687,10126,5153,5214,9016,6773,6131,4347,4730,8953,7721,7041,7399,6610,4151
6379,5928,7188,8340,5549,5084,7625,5204,5616,6684,6114,6084,5692,5322,5030,6990,5523,6010,5562,6364,5193,5897,5695,8955,12602,8537,5719,5042,5915,6154,5176,5120,5448,7426,8171,6708,5389,5636,7253,6212,5350,5932,6363,8822,4821,11035,19173,6346,9507,10946,5973,6034,9836,7593,6951,5167,5550,9773,8541,7861,8219,7430,4971
7772,7321,8581,9733,6942,6477,9018,6597,7009,8077,7507,7477,7085,6715,6423,8383,6916,7403,6955,7757,6586,7290,7088,10348,13995,9930,7112,6435,7308,7547,6569,6513,6841,8819,9564,8101,6782,7029,8646,7605,6743,7325,7756,10215,11035,6214,20566,7739,10900,12339,7366,7427,11229,8986,8344,6560,6943,11166,9934,9254,9612,8823,6364
15910,15459,16719,17871,15080,14615,17156,14735,15147,16215,15645,15615,15223,14853,14561,16521,15054,15541,15093,15895,14724,15428,15226,18486,22133,18068,15250,14573,15446,15685,14707,14651,14979,16957,17702,16239,14920,15167,16784,15743,14881,15463,15894,18353,19173,20566,14352,15877,19038,20477,15504,15565,19367,17124,16482,14698,15081,19304,18072,17392,17750,16961,14502
3083,2632,3892,5044,2253,1788,4329,1908,2320,3388,2818,2788,2396,2026,1734,3694,2227,2714,2266,3068,1897,2601,2399,5659,9306,5241,2423,1746,2619,2858,1880,1824,2152,4130,4875,3412,2093,2340,3957,2916,2054,2636,3067,5526,6346,7739,15877,1525,6211,7650,2677,2738,6540,4297,3655,1871,2254,6477,5245,4565,4923,4134,1675
6244,5793,7053,8205,5414,4949,7490,5069,5481,6549,5979,5949,5557,5187,4895,6855,5388,5875,5427,6229,5058,5762,5560,8820,12467,8402,5584,4907,5780,6019,5041,4985,5313,7291,8036,6573,5254,5501,7118,6077,5215,5797,6228,8687,9507,10900,19038,6211,4686,10811,5838,5899,9701,7458,6816,5032,5415,9638,8406,7726,8084,7295,4836
7683,7232,8492,9644,6853,6388,8929,6508,6920,7988,7418,7388,6996,6626,6334,8294,6827,7314,6866,7668,6497,7201,6999,10259,13906,9841,7023,6346,7219,7458,6480,6424,6752,8730,9475,8012,6693,6940,8557,7516,6654,7236,7667,10126,10946,12339,20477,7650,10811,6125,7277,7338,11140,8897,8255,6471,6854,11077,9845,9165,9523,8734,6275
2710,2259,3519,4671,1880,1415,3956,1535,1947,3015,2445,2415,2023,1653,1361,3321,1854,2341,1893,2695,1524,2228,2026,5286,8933,4868,2050,1373,2246,2485,1507,1451,1779,3757,4502,3039,1720,1967,3584,2543,1681,2263,2694,5153,5973,7366,15504,2677,5838,7277,1152,2365,6167,3924,3282,1498,1881,6104,4872,4192,4550,3761,1302
2771,2320,3580,4732,1941,1476,4017,1596,2008,3076,2506,2476,2084,1714,1422,3382,1915,2402,1954,2756,1585,2289,2087,5347,8994,4929,2111,1434,2307,2546,1568,1512,1840,3818,4563,3100,1781,2028,3645,2604,1742,2324,2755,5214,6034,7427,15565,2738,5899,7338,2365,1213,6228,3985,3343,1559,1942,6165,4933,4253,4611,3822,1363
6573,6122,7382,8534,5743,5278,7819,5398,5810,6878,6308,6278,5886,5516,5224,7184,5717,6204,5756,6558,5387,6091,5889,9149,12796,8731,5913,5236,6109,6348,5370,5314,5642,7620,8365,6902,5583,5830,7447,6406,5544,6126,6557,9016,9836,11229,19367,6540,9701,11140,6167,6228,5015,7787,7145,5361,5744,9967,8735,8055,8413,7624,5165
4330,3879,5139,6291,3500,3035,5576,3155,3567,4635,4065,4035,3643,3273,2981,4941,3474,3961,3513,4315,3144,3848,3646,6906,10553,6488,3670,2993,3866,4105,3127,3071,3399,5377,6122,4659,3340,3587,5204,4163,3301,3883,4314,6773,7593,8986,17124,4297,7458,8897,3924,3985,7787,2772,4902,3118,3501,7724,6492,5812,6170,5381,2922
3688,3237,4497,5649,2858,2393,4934,2513,2925,3993,3423,3393,3001,2631,2339,4299,2832,3319,2871,3673,2502,3206,3004,6264,9911,5846,3028,2351,3224,3463,2485,2429,2757,4735,5480,4017,2698,2945,4562,3521,2659,3241,3672,6131,6951,8344,16482,3655,6816,8255,3282,3343,7145,4902,2130,2476,2859,7082,5850,5170,5528,4739,2280
1904,1453,2713,3865,1074,609,3150,729,1141,2209,1639,1609,1217,847,555,2515,1048,1535,1087,1889,718,1422,1220,4480,8127,4062,1244,567,1440,1679,701,645,973,2951,3696,2233,914,1161,2778,1737,875,1457,1888,4347,5167,6560,14698,1871,5032,6471,1498,1559,5361,3118,2476,346,1075,5298,4066,3386,3744,2955,496
2287,1836,3096,4248,1457,992,3533,1112,1524,2592,2022,1992,1600,1230,938,2898,1431,1918,1470,2272,1101,1805,1603,4863,8510,4445,1627,950,1823,2062,1084,1028,1356,3334,4079,2616,1297,1544,3161,2120,1258,1840,2271,4730,5550,6943,15081,2254,5415,6854,1881,1942,5744,3501,2859,1075,729,5681,4449,3769,4127,3338,879
6510,6059,7319,8471,5680,5215,7756,5335,5747,6815,6245,6215,5823,5453,5161,7121,5654,6141,5693,6495,5324,6028,5826,9086,12733,8668,5850,5173,6046,6285,5307,5251,5579,7557,8302,6839,5520,5767,7384,6343,5481,6063,6494,8953,9773,11166,19304,6477,9638,11077,6104,6165,9967,7724,7082,5298,5681,4952,8672,7992,8350,7561,5102
5278,4827,6087,7239,4448,3983,6524,4103,4515,5583,5013,4983,4591,4221,3929,5889,4422,4909,4461,5263,4092,4796,4594,7854,11501,7436,4618,3941,4814,5053,4075,4019,4347,6325,7070,5607,4288,4535,6152,5111,4249,4831,5262,7721,8541,9934,18072,5245,8406,9845,4872,4933,8735,6492,5850,4066,4449,8672,3720,6760,7118,6329,3870
4598,4147,5407,6559,3768,3303,5844,3423,3835,4903,4333,4303,3911,3541,3249,5209,3742,4229,3781,4583,3412,4116,3914,7174,10821,6756,3938,3261,4134,4373,3395,3339,3667,5645,6390,4927,3608,3855,5472,4431,3569,4151,4582,7041,7861,9254,17392,4565,7726,9165,4192,4253,8055,5812,5170,3386,3769,7992,6760,3040,6438,5649,3190
4956,4505,5765,6917,4126,3661,6202,3781,4193,5261,4691,4661,4269,3899,3607,5567,4100,4587,4139,4941,3770,4474,4272,7532,11179,7114,4296,3619,4492,4731,3753,3697,4025,6003,6748,5285,3966,4213,5830,4789,3927,4509,4940,7399,8219,9612,17750,4923,8084,9523,4550,4611,8413,6170,5528,3744,4127,8350,7118,6438,3398,6007,3548
4167,3716,4976,6128,3337,2872,5413,2992,3404,4472,3902,3872,3480,3110,2818,4778,3311,3798,3350,4152,2981,3685,3483,6743,10390,6325,3507,2830,3703,3942,2964,2908,3236,5214,5959,4496,3177,3424,5041,4000,3138,3720,4151,6610,7430,8823,16961,4134,7295,8734,3761,3822,7624,5381,4739,2955,3338,7561,6329,5649,6007,2609,2759
1708,1257,2517,3669,878,413,2954,533,945,2013,1443,1413,1021,651,359,2319,852,1339,891,1693,522,1226,1024,4284,7931,3866,1048,371,1244,1483,505,449,777,2755,3500,2037,718,965,2582,1541,679,1261,1692,4151,4971,6364,14502,1675,4836,6275,1302,1363,5165,2922,2280,496,879,5102,3870,3190,3548,2759,150
