1.00000000,0.04608939,0.03551321,0.01168310,0.01702786,0.01292705,0.01992204,0.02065728,0.01732283,0.02235772,0.01975309,0.01311475,0.00508475,0.00344828,0.00000000,0.01988862,0.01818182,0.02515723,0.00596125,0.02708606,0.00922509,0.01684717,0.00672834,0.02594937,0.02439024,0.00970285,0.00802407,0.00394867,0.01178203,0.01641414,0.01614350,0.01526718,0.00387097,0.01477006,0.01455301,0.01446480,0.01698514,0.00517241,0.02299732,0.00849858,0.01536313,0.01392919,0.04004215,0.01770359,0.01862104,0.02466640,0.04760522,0.02792696,0.01713180,0.01714531,0.00391773,0.00946372,0.01277139,0.00663900,0.01592920,0.00000000,0.00000000,0.02406586,0.01275239,0.02447980,0.02562374,0.01389631,0.00000000
0.04608939,1.00000000,0.03218596,0.01124859,0.00655738,0.00197824,0.02682164,0.02416918,0.00667780,0.01582278,0.00775194,0.00412939,0.00361011,0.00183824,0.00000000,0.00491400,0.00272480,0.01766004,0.00944882,0.00541272,0.00197628,0.00628931,0.00716204,0.00194301,0.00335711,0.00126823,0.00000000,0.00425080,0.00000000,0.00396825,0.00000000,0.00614754,0.00270636,0.00275198,0.00213220,0.00199800,0.03579418,0.00367647,0.00709499,0.00000000,0.00735294,0.00242277,0.00219058,0.01184956,0.01178883,0.00164136,0.00415061,0.02122905,0.00225543,0.00391815,0.01053741,0.00167224,0.00535475,0.00176523,0.00945180,0.03379722,0.00649351,0.00129618,0.00552486,0.00640205,0.00138217,0.00222346,0.00000000
0.03551321,0.03218596,1.00000000,0.02257336,0.09060563,0.08050847,0.01091843,0.02245989,0.01156627,0.00649116,0.01072165,0.01630901,0.00201511,0.04580153,0.00000000,0.04338656,0.00597015,0.01610018,0.03167210,0.00323206,0.00105876,0.00081070,0.00000000,0.00201765,0.00070884,0.00081500,0.00443951,0.00220022,0.00211119,0.00083717,0.00000000,0.00000000,0.00000000,0.01532770,0.00379301,0.00208406,0.00360685,0.00101781,0.00058582,0.04721177,0.00089405,0.00316456,0.00369959,0.01344820,0.00753296,0.00173883,0.10541176,0.00149981,0.00000000,0.00000000,0.00000000,0.00000000,0.02024462,0.00000000,0.00310078,0.00000000,0.00000000,0.02826142,0.02456271,0.00820008,0.01378945,0.05680120,0.00000000
0.01168310,0.01124859,0.02257336,1.00000000,0.04827859,0.01553063,0.05079007,0.00086957,0.00159681,0.00499532,0.02732049,0.00724638,0.00496894,0.01085595,0.00000000,0.06988530,0.00144144,0.00150038,0.00465658,0.00113507,0.00000000,0.00069037,0.00907591,0.00045506,0.00032933,0.00138696,0.00000000,0.00000000,0.00122249,0.00070947,0.00255319,0.00087604,0.00000000,0.00142383,0.00145596,0.00483530,0.11933535,0.05678497,0.00052029,0.00477185,0.00824897,0.01960784,0.00063837,0.02042783,0.01650989,0.00970717,0.09615385,0.00129157,0.00123609,0.00000000,0.00000000,0.00079904,0.00214209,0.00327869,0.00000000,0.00086468,0.00000000,0.04689278,0.01154957,0.01185082,0.00618900,0.04764971,0.00000000
0.01702786,0.00655738,0.09060563,0.04827859,1.00000000,0.21125144,0.00286123,0.01641266,0.02457467,0.00113895,0.01136364,0.03960396,0.01033058,0.05485232,0.00000000,0.06863597,0.01204819,0.00164069,0.02300885,0.00096293,0.00000000,0.00000000,0.00000000,0.00000000,0.00000000,0.00000000,0.00509554,0.00000000,0.00000000,0.00000000,0.00442968,0.00000000,0.00000000,0.01879292,0.00523560,0.00214823,0.01831807,0.00421941,0.00000000,0.05036726,0.00655738,0.00264725,0.00000000,0.00106895,0.00159490,0.00084495,0.00989793,0.00000000,0.00000000,0.00000000,0.00000000,0.00000000,0.01624815,0.00000000,0.00000000,0.00000000,0.00000000,0.00271555,0.01077844,0.00421941,0.00363108,0.01084991,0.00000000
0.01292705,0.00197824,0.08050847,0.01553063,0.21125144,1.00000000,0.00105932,0.00310559,0.00706714,0.00000000,0.00166806,0.03804348,0.01581028,0.08389716,0.00000000,0.08313426,0.00357462,0.00000000,0.00000000,0.00000000,0.00000000,0.00000000,0.00000000,0.00000000,0.00000000,0.00000000,0.00000000,0.00000000,0.00000000,0.00000000,0.00000000,0.00000000,0.00000000,0.00078186,0.00000000,0.00000000,0.00604839,0.00270636,0.00000000,0.01414260,0.00197824,0.00000000,0.00135410,0.00000000,0.00112581,0.00000000,0.01256614,0.00000000,0.00000000,0.00000000,0.00000000,0.00000000,0.00000000,0.00000000,0.00282087,0.00000000,0.00000000,0.00146145,0.00000000,0.00000000,0.00471513,0.00137931,0.00000000
0.01992204,0.02682164,0.01091843,0.05079007,0.00286123,0.00105932,1.00000000,0.11336898,0.04240964,0.12405337,0.03216495,0.02403433,0.00403023,0.01017812,0.00512492,0.05483579,0.04605544,0.00894454,0.01490452,0.03619910,0.00000000,0.02432104,0.01805416,0.00302648,0.00283537,0.01385493,0.00110988,0.00990099,0.01055595,0.00753453,0.00729167,0.00107933,0.00000000,0.00475687,0.00054186,0.00069469,0.01442741,0.01933842,0.00410076,0.00478960,0.00536433,0.02294304,0.00813910,0.00294179,0.00125549,0.01182403,0.03482353,0.00074991,0.00000000,0.00000000,0.00000000,0.00000000,0.00168705,0.00000000,0.00103359,0.00000000,0.00000000,0.00403735,0.00148865,0.00000000,0.00106073,0.02391629,0.00000000
0.02065728,0.02416918,0.02245989,0.00086957,0.01641266,0.00310559,0.11336898,1.00000000,0.11793020,0.07325049,0.03725656,0.05524862,0.01349528,0.02219140,0.01261830,0.02891566,0.00544959,0.02620968,0.00221484,0.02162162,0.00000000,0.02943581,0.00266667,0.00808526,0.00136395,0.00495868,0.00358423,0.00348432,0.00250313,0.00174672,0.00295858,0.00000000,0.00000000,0.01574803,0.00163465,0.00122324,0.00821355,0.00554785,0.00276498,0.00119119,0.00604230,0.00311526,0.00548321,0.00000000,0.00056577,0.00399379,0.00998004,0.00281096,0.00000000,0.00000000,0.00000000,0.00000000,0.00177462,0.00000000,0.00000000,0.00000000,0.00000000,0.00000000,0.00000000,0.00000000,0.02057776,0.00558659,0.00000000
0.01732283,0.00667780,0.01156627,0.00159681,0.02457467,0.00706714,0.04240964,0.11793020,1.00000000,0.18800461,0.03174603,0.09140201,0.02325581,0.05831533,0.00383142,0.03245614,0.00459418,0.00167084,0.00000000,0.00194647,0.00000000,0.02801120,0.00209424,0.00205058,0.00000000,0.00141343,0.00000000,0.00000000,0.00000000,0.00000000,0.00000000,0.00000000,0.00000000,0.00582878,0.00075415,0.00000000,0.00169635,0.00863931,0.00168421,0.00530786,0.03171953,0.01208865,0.00721154,0.00000000,0.00000000,0.00084890,0.00685145,0.00000000,0.00000000,0.00000000,0.00000000,0.00000000,0.00300300,0.00000000,0.00000000,0.00000000,0.00000000,0.00068399,0.00000000,0.00000000,0.00951684,0.00488699,0.00000000
0.02235772,0.01582278,0.00649116,0.00499532,0.00113895,0.00000000,0.12405337,0.07325049,0.18800461,1.00000000,0.01439539,0.03117144,0.01459854,0.03325123,0.00327869,0.05036938,0.02594810,0.00000000,0.00000000,0.03196513,0.00129199,0.26810913,0.00725953,0.00331126,0.00490381,0.00662565,0.00000000,0.00000000,0.00079968,0.00000000,0.00379987,0.00000000,0.00000000,0.00174267,0.00298507,0.00157604,0.03942461,0.00615764,0.03514481,0.00154919,0.04430380,0.06492913,0.04657070,0.00000000,0.00000000,0.00073937,0.00255820,0.00085985,0.00000000,0.00000000,0.00134680,0.00000000,0.01182266,0.00000000,0.00125471,0.00000000,0.00000000,0.00055218,0.00085251,0.00000000,0.00291545,0.00171306,0.00000000
0.01975309,0.00775194,0.01072165,0.02732049,0.01136364,0.00166806,0.03216495,0.03725656,0.03174603,0.01439539,1.00000000,0.03656307,0.02160494,0.01097179,0.00000000,0.02737643,0.00845411,0.02585650,0.00000000,0.01829522,0.00166667,0.00224972,0.00766284,0.02564103,0.00444086,0.00906516,0.00898473,0.00708592,0.01486298,0.00470588,0.00162470,0.00859107,0.00960384,0.01680129,0.03197868,0.02009132,0.02092871,0.01097179,0.01394495,0.00179051,0.00775194,0.00326264,0.00794439,0.01326781,0.01809291,0.07427894,0.01067116,0.01112235,0.00481928,0.00041824,0.00351803,0.00144509,0.01070155,0.00605602,0.00642055,0.00000000,0.00179856,0.01649359,0.01701702,0.00800000,0.11356262,0.01509814,0.00000000
0.01311475,0.00412939,0.01630901,0.00724638,0.03960396,0.03804348,0.02403433,0.05524862,0.09140201,0.03117144,0.03656307,1.00000000,0.08825978,0.10330229,0.00000000,0.11045365,0.00512492,0.00000000,0.00146735,0.00086580,0.00000000,0.00475342,0.00000000,0.00062873,0.00041161,0.00000000,0.00000000,0.00000000,0.00000000,0.00124611,0.00176056,0.00000000,0.00000000,0.01066667,0.00343997,0.00000000,0.00557880,0.00169348,0.00380228,0.00374007,0.02202340,0.01261468,0.00521105,0.00050314,0.00000000,0.00000000,0.00461627,0.00106213,0.00000000,0.00000000,0.00000000,0.00000000,0.00126024,0.00000000,0.00000000,0.00000000,0.00000000,0.00062913,0.00000000,0.00000000,0.00468698,0.00211416,0.00000000
0.00508475,0.00361011,0.00201511,0.00496894,0.01033058,0.01581028,0.00403023,0.01349528,0.02325581,0.01459854,0.02160494,0.08825978,1.00000000,0.00239234,0.00000000,0.03013699,0.11019737,0.00000000,0.00000000,0.00000000,0.00000000,0.01195815,0.00462428,0.00141044,0.00974745,0.06641509,0.00000000,0.00000000,0.00000000,0.00000000,0.01011378,0.00000000,0.00000000,0.02259887,0.00780640,0.00114286,0.00734619,0.00000000,0.03150985,0.00000000,0.02166065,0.02287348,0.04320203,0.00275482,0.00164384,0.00000000,0.00128164,0.00910273,0.00060698,0.00046062,0.00000000,0.00211864,0.05797101,0.00454030,0.00248139,0.00000000,0.00000000,0.00000000,0.00128370,0.00610687,0.00832702,0.00000000,0.00000000
0.00344828,0.00183824,0.04580153,0.01085595,0.05485232,0.08389716,0.01017812,0.02219140,0.05831533,0.03325123,0.01097179,0.10330229,0.00239234,1.00000000,0.00000000,0.04608295,0.00836120,0.00000000,0.00801603,0.00102828,0.00270270,0.00758725,0.00000000,0.00000000,0.00089008,0.00153257,0.00000000,0.00000000,0.00118133,0.00000000,0.00518807,0.00000000,0.00000000,0.01593928,0.00157356,0.00115607,0.00561272,0.00000000,0.00353201,0.04960541,0.15257353,0.04060914,0.01287001,0.00000000,0.00055096,0.00000000,0.01031925,0.00131752,0.00000000,0.00000000,0.00000000,0.00000000,0.00000000,0.00000000,0.00000000,0.00000000,0.00000000,0.00000000,0.00390117,0.00620155,0.00610221,0.00654879,0.00000000
0.00000000,0.00000000,0.00000000,0.00000000,0.00000000,0.00000000,0.00512492,0.01261830,0.00383142,0.00327869,0.00000000,0.00000000,0.00000000,0.00000000,1.00000000,0.00000000,0.00000000,0.00000000,0.00000000,0.00000000,0.00000000,0.00000000,0.00000000,0.00000000,0.00000000,0.00000000,0.00000000,0.00000000,0.00000000,0.00000000,0.00000000,0.00000000,0.00000000,0.00000000,0.00000000,0.00000000,0.00000000,0.00000000,0.00000000,0.00000000,0.00000000,0.00000000,0.00000000,0.00000000,0.00000000,0.00000000,0.00000000,0.00000000,0.00000000,0.00000000,0.00000000,0.00000000,0.00000000,0.00000000,0.00000000,0.00000000,0.00000000,0.00000000,0.00000000,0.00000000,0.00000000,0.00000000,0.00000000
0.01988862,0.00491400,0.04338656,0.06988530,0.06863597,0.08313426,0.05483579,0.02891566,0.03245614,0.05036938,0.02737643,0.11045365,0.03013699,0.04608295,0.00000000,1.00000000,0.06039216,0.00163867,0.00425170,0.01515611,0.00191022,0.01347305,0.00000000,0.00047962,0.00136799,0.00376081,0.00697559,0.00000000,0.00000000,0.00077101,0.00941176,0.00097182,0.00000000,0.00451241,0.00256674,0.00064851,0.07181180,0.00921659,0.00718431,0.00959079,0.03194103,0.06147091,0.00687758,0.00201450,0.00040128,0.00302216,0.03187430,0.00208914,0.00129618,0.00000000,0.00098474,0.00000000,0.02173913,0.01625282,0.00093458,0.00095785,0.00000000,0.00191939,0.00138313,0.00000000,0.00352113,0.01457827,0.00000000
0.01818182,0.00272480,0.00597015,0.00144144,0.01204819,0.00357462,0.04605544,0.00544959,0.00459418,0.02594810,0.00845411,0.00512492,0.11019737,0.00836120,0.00000000,0.06039216,1.00000000,0.00136333,0.02612482,0.00774194,0.00714286,0.02944641,0.01469388,0.00125156,0.02051703,0.03916914,0.00193611,0.00000000,0.00000000,0.00740741,0.24326672,0.00184502,0.00126103,0.03117745,0.01163587,0.00000000,0.01104210,0.00167224,0.06200378,0.03621170,0.02724796,0.05457646,0.07032058,0.00601504,0.00000000,0.00281012,0.00057455,0.01159115,0.00164159,0.00297746,0.00378430,0.00000000,0.14856429,0.00161160,0.02229846,0.00000000,0.00000000,0.00062617,0.00104275,0.00000000,0.00333111,0.00314630,0.00000000
0.02515723,0.01766004,0.01610018,0.00150038,0.00164069,0.00000000,0.00894454,0.02620968,0.00167084,0.00000000,0.02585650,0.00000000,0.00000000,0.00000000,0.00000000,0.00163867,0.00136333,1.00000000,0.07249803,0.04512635,0.00989120,0.00251731,0.03046595,0.01619695,0.01049318,0.01522843,0.05627706,0.00851064,0.03360489,0.05426870,0.00959693,0.04512821,0.03385240,0.05505850,0.01279772,0.09995002,0.01044776,0.02575897,0.00552050,0.05672372,0.00588668,0.00121212,0.02082192,0.00979129,0.00358882,0.01928997,0.00355872,0.00335383,0.00338409,0.00043545,0.00210970,0.00000000,0.00133958,0.00000000,0.00000000,0.00000000,0.00000000,0.03500810,0.01105583,0.00128123,0.02557898,0.00444939,0.00000000
0.00596125,0.00944882,0.03167210,0.00465658,0.02300885,0.00000000,0.01490452,0.00221484,0.00000000,0.00000000,0.00000000,0.00146735,0.00000000,0.00801603,0.00000000,0.00425170,0.02612482,0.07249803,1.00000000,0.00940291,0.01084599,0.00266667,0.00194742,0.00600400,0.00470488,0.06590451,0.00239521,0.00000000,0.00746667,0.02250352,0.03357817,0.01128668,0.00144092,0.09584665,0.03157122,0.03347280,0.00639488,0.01402806,0.00899060,0.08691207,0.00157480,0.00640615,0.02764977,0.05696203,0.00157398,0.00209030,0.00060920,0.00117647,0.00057854,0.00000000,0.00000000,0.00000000,0.01424501,0.00958773,0.00000000,0.00000000,0.00000000,0.00667557,0.00697674,0.00000000,0.00570613,0.01287303,0.00000000
0.02708606,0.00541272,0.00323206,0.00113507,0.00096293,0.00000000,0.03619910,0.02162162,0.00194647,0.03196513,0.01829522,0.00086580,0.00000000,0.00102828,0.00000000,0.01515611,0.00774194,0.04512635,0.00940291,1.00000000,0.06420546,0.08418472,0.03951368,0.02686946,0.02276365,0.01807724,0.01010101,0.04338154,0.07725018,0.03545800,0.00631579,0.01636661,0.02826552,0.04888417,0.01797875,0.00769500,0.00636943,0.00514139,0.01649971,0.00482260,0.00270636,0.01674641,0.01043608,0.00633045,0.00210128,0.03175711,0.00378251,0.00302229,0.00681199,0.00513667,0.00332226,0.00389674,0.00340281,0.00100503,0.00000000,0.00000000,0.00112296,0.00101446,0.00000000,0.00082679,0.01812850,0.00225904,0.00000000
0.00922509,0.00197628,0.00105876,0.00000000,0.00000000,0.00000000,0.00000000,0.00000000,0.00000000,0.00129199,0.00166667,0.00000000,0.00000000,0.00270270,0.00000000,0.00191022,0.00714286,0.00989120,0.01084599,0.06420546,1.00000000,0.06119163,0.02080624,0.00072993,0.03847895,0.00162734,0.00346620,0.00337268,0.00618429,0.01718213,0.01151079,0.01273885,0.01592920,0.02422821,0.01135442,0.01088271,0.00000000,0.01081081,0.01187757,0.00353357,0.00000000,0.00000000,0.00947226,0.01301641,0.00000000,0.01369863,0.00000000,0.00416089,0.00875274,0.00282619,0.01663894,0.00235849,0.00523560,0.00254777,0.00000000,0.00000000,0.01736111,0.00000000,0.00136799,0.00329489,0.00235664,0.00000000,0.00000000
0.01684717,0.00628931,0.00081070,0.00069037,0.00000000,0.00000000,0.02432104,0.02943581,0.02801120,0.26810913,0.00224972,0.00475342,0.01195815,0.00758725,0.00000000,0.01347305,0.02944641,0.00251731,0.00266667,0.08418472,0.06119163,1.00000000,0.00890869,0.00361664,0.02201761,0.01217488,0.00346320,0.00170794,0.00820046,0.01607348,0.00314218,0.00497512,0.00351288,0.04144087,0.01248357,0.00448029,0.00636537,0.00000000,0.07444886,0.00439367,0.04905660,0.07655502,0.11089494,0.00048638,0.00048403,0.00078370,0.00000000,0.00099010,0.00105904,0.00000000,0.00169635,0.00000000,0.01856148,0.00000000,0.00621118,0.00000000,0.00000000,0.00000000,0.00000000,0.00000000,0.00192061,0.00000000,0.00000000
0.00672834,0.00716204,0.00000000,0.00907591,0.00000000,0.00000000,0.01805416,0.00266667,0.00209424,0.00725953,0.00766284,0.00000000,0.00462428,0.00000000,0.00000000,0.00000000,0.01469388,0.03046595,0.00194742,0.03951368,0.02080624,0.00890869,1.00000000,0.02179262,0.01149679,0.00449775,0.01173021,0.02865330,0.04297329,0.07249803,0.02500000,0.09004093,0.01619433,0.00525526,0.00155581,0.00341103,0.00000000,0.00000000,0.00000000,0.00000000,0.00000000,0.00000000,0.00252685,0.00274801,0.00983875,0.02720795,0.00063898,0.00387847,0.00302663,0.00045966,0.01416431,0.00209864,0.02877698,0.00000000,0.00245399,0.00262123,0.00587372,0.00000000,0.00000000,0.00454890,0.01357978,0.00257069,0.00000000
0.02594937,0.00194301,0.00201765,0.00045506,0.00000000,0.00000000,0.00302648,0.00808526,0.00205058,0.00331126,0.02564103,0.00062873,0.00141044,0.00000000,0.00000000,0.00047962,0.00125156,0.01619695,0.00600400,0.02686946,0.00072993,0.00361664,0.02179262,1.00000000,0.03726517,0.11013616,0.01432341,0.00524541,0.02057947,0.02160494,0.00216528,0.02144970,0.02620087,0.01423948,0.07926024,0.06595174,0.00065168,0.00071023,0.00093787,0.00900901,0.00388601,0.00828648,0.02194710,0.01675579,0.00284192,0.10330203,0.00431288,0.06594656,0.01364929,0.00601076,0.00448263,0.01162791,0.02110490,0.00489339,0.00215363,0.00000000,0.00301659,0.00664728,0.00395704,0.06565350,0.15404587,0.00680465,0.00000000
0.02439024,0.00335711,0.00070884,0.00032933,0.00000000,0.00000000,0.00283537,0.00136395,0.00000000,0.00490381,0.00444086,0.00041161,0.00974745,0.00089008,0.00000000,0.00136799,0.02051703,0.01049318,0.00470488,0.02276365,0.03847895,0.02201761,0.01149679,0.03726517,1.00000000,0.02127233,0.00600323,0.00276052,0.00893688,0.01586011,0.00449539,0.01232314,0.03972154,0.05860922,0.12025723,0.09652367,0.00084264,0.00178015,0.02389366,0.00330154,0.00461603,0.00197746,0.07377676,0.02167947,0.00246305,0.19927536,0.00206520,0.00962279,0.07593844,0.09525000,0.04822044,0.06388527,0.07591837,0.01806565,0.01120072,0.00271985,0.01247113,0.00708564,0.00038344,0.04146538,0.05777778,0.00038425,0.00000000
0.00970285,0.00126823,0.00081500,0.00138696,0.00000000,0.00000000,0.01385493,0.00495868,0.00141343,0.00662565,0.00906516,0.00000000,0.06641509,0.00153257,0.00000000,0.00376081,0.03916914,0.01522843,0.06590451,0.01807724,0.00162734,0.01217488,0.00449775,0.11013616,0.02127233,1.00000000,0.01751313,0.00000000,0.00549954,0.00347021,0.00317460,0.00000000,0.00000000,0.00320102,0.00989772,0.01712483,0.00128370,0.00613027,0.08641975,0.05744587,0.01775523,0.09421842,0.15859031,0.00634301,0.00097111,0.00549990,0.00222841,0.14748381,0.00531350,0.00831428,0.01029160,0.00566171,0.04091175,0.01481481,0.00784314,0.00490597,0.00175285,0.00302755,0.00493340,0.03934795,0.03985857,0.00595238,0.00000000
0.00802407,0.00000000,0.00443951,0.00000000,0.00509554,0.00000000,0.00110988,0.00358423,0.00000000,0.00000000,0.00898473,0.00000000,0.00000000,0.00000000,0.00000000,0.00697559,0.00193611,0.05627706,0.00239521,0.01010101,0.00346620,0.00346320,0.01173021,0.01432341,0.00600323,0.01751313,1.00000000,0.01185771,0.01045752,0.00000000,0.00328947,0.02218115,0.00575264,0.00809061,0.01092896,0.00638162,0.00441501,0.00306279,0.00000000,0.00744879,0.00000000,0.00164474,0.00575126,0.00348129,0.00173060,0.01216490,0.00136147,0.00147601,0.00192802,0.00048088,0.00389105,0.00262812,0.00566572,0.00000000,0.00321027,0.00000000,0.00000000,0.00226330,0.01163636,0.02307010,0.01464010,0.03812317,0.00000000
0.00394867,0.00425080,0.00220022,0.00000000,0.00000000,0.00000000,0.00990099,0.00348432,0.00000000,0.00000000,0.00708592,0.00000000,0.00000000,0.00000000,0.00000000,0.00000000,0.00000000,0.00851064,0.00000000,0.04338154,0.00337268,0.00170794,0.02865330,0.00524541,0.00276052,0.00000000,0.01185771,1.00000000,0.02716688,0.08600183,0.00320513,0.03590664,0.00000000,0.01446945,0.00668058,0.00126342,0.00000000,0.00000000,0.00000000,0.00368777,0.00000000,0.00000000,0.00000000,0.00462027,0.00000000,0.01077441,0.00000000,0.00000000,0.00127877,0.00000000,0.00000000,0.00000000,0.00372093,0.00000000,0.00000000,0.00000000,0.00000000,0.00000000,0.00000000,0.00000000,0.00484848,0.00000000,0.00000000
0.01178203,0.00000000,0.00211119,0.00122249,0.00000000,0.00000000,0.01055595,0.00250313,0.00000000,0.00079968,0.01486298,0.00000000,0.00000000,0.00118133,0.00000000,0.00000000,0.00000000,0.03360489,0.00746667,0.07725018,0.00618429,0.00820046,0.04297329,0.02057947,0.00893688,0.00549954,0.01045752,0.02716688,1.00000000,0.08974965,0.00485437,0.01644529,0.01536246,0.05637813,0.03158818,0.01534331,0.00205550,0.00708801,0.00127307,0.00603546,0.00101781,0.00088652,0.00329083,0.00891464,0.00710007,0.09782807,0.00201106,0.00250522,0.01011561,0.00230814,0.00000000,0.00222099,0.00285850,0.00000000,0.00000000,0.00000000,0.00261609,0.01137903,0.00165631,0.00092293,0.02743641,0.00998336,0.00000000
0.01641414,0.00396825,0.00083717,0.00070947,0.00000000,0.00000000,0.00753453,0.00174672,0.00000000,0.00000000,0.00470588,0.00124611,0.00000000,0.00000000,0.00000000,0.00077101,0.00740741,0.05426870,0.02250352,0.03545800,0.01718213,0.01607348,0.07249803,0.02160494,0.01586011,0.00347021,0.00000000,0.08600183,0.08974965,1.00000000,0.07531381,0.10992908,0.01717791,0.06603465,0.02225219,0.00464253,0.00133958,0.00161290,0.00148754,0.00090992,0.00000000,0.00000000,0.00606673,0.01536936,0.00740010,0.02427378,0.00170213,0.00720906,0.00378481,0.00042141,0.00544959,0.00445104,0.00729040,0.00000000,0.00000000,0.00172712,0.00000000,0.00061767,0.00000000,0.00466744,0.02626395,0.01230138,0.00000000
0.01614350,0.00000000,0.00000000,0.00255319,0.00442968,0.00000000,0.00729167,0.00295858,0.00000000,0.00379987,0.00162470,0.00176056,0.01011378,0.00518807,0.00000000,0.00941176,0.24326672,0.00959693,0.03357817,0.00631579,0.01151079,0.00314218,0.02500000,0.00216528,0.00449539,0.00317460,0.00328947,0.00320513,0.00485437,0.07531381,1.00000000,0.04855842,0.00861326,0.05019305,0.02482980,0.00118694,0.00195313,0.00000000,0.01171171,0.00231348,0.00191755,0.00299850,0.01988072,0.01402525,0.00111576,0.00131666,0.00000000,0.00000000,0.00000000,0.00000000,0.00632911,0.00000000,0.00849618,0.00490196,0.00539811,0.00290276,0.00000000,0.00000000,0.00000000,0.00321285,0.00310438,0.00404858,0.00000000
0.01526718,0.00614754,0.00000000,0.00087604,0.00000000,0.00000000,0.00107933,0.00000000,0.00000000,0.00000000,0.00859107,0.00000000,0.00000000,0.00000000,0.00000000,0.00097182,0.00184502,0.04512821,0.01128668,0.01636661,0.01273885,0.00497512,0.09004093,0.02144970,0.01232314,0.00000000,0.02218115,0.03590664,0.01644529,0.10992908,0.04855842,1.00000000,0.07495430,0.04359889,0.01481481,0.00123609,0.00000000,0.00000000,0.00464468,0.00120337,0.00000000,0.00000000,0.00970874,0.00343053,0.00341103,0.01915367,0.00334560,0.00568990,0.00442618,0.00427553,0.01415929,0.01477833,0.00900901,0.00534045,0.00296736,0.00321543,0.00370370,0.00000000,0.00000000,0.01188455,0.02948207,0.00706714,0.00000000
0.00387097,0.00270636,0.00000000,0.00000000,0.00000000,0.00000000,0.00000000,0.00000000,0.00000000,0.00000000,0.00960384,0.00000000,0.00000000,0.00000000,0.00000000,0.00000000,0.00126103,0.03385240,0.00144092,0.02826552,0.01592920,0.00351288,0.01619433,0.02620087,0.03972154,0.00000000,0.00575264,0.00000000,0.01536246,0.01717791,0.00861326,0.07495430,1.00000000,0.03107438,0.07980900,0.01981132,0.00000000,0.00165837,0.00075330,0.00462107,0.00270636,0.00000000,0.00617284,0.00650000,0.00547264,0.09094551,0.00057290,0.00209644,0.05402456,0.01358234,0.04873477,0.02435312,0.00868486,0.07833733,0.00340136,0.01957295,0.00959693,0.00062422,0.00311203,0.05357143,0.02324037,0.00312989,0.00000000
0.01477006,0.00275198,0.01532770,0.00142383,0.01879292,0.00078186,0.00475687,0.01574803,0.00582878,0.00174267,0.01680129,0.01066667,0.02259887,0.01593928,0.00000000,0.00451241,0.03117745,0.05505850,0.09584665,0.04888417,0.02422821,0.04144087,0.00525526,0.01423948,0.05860922,0.00320102,0.00809061,0.01446945,0.05637813,0.06603465,0.05019305,0.04359889,0.03107438,1.00000000,0.24810823,0.07100592,0.00277008,0.02049336,0.00538688,0.04787086,0.00756794,0.00437774,0.03320486,0.03426045,0.00220224,0.00903286,0.00040650,0.00239736,0.00353357,0.00618792,0.00160256,0.00000000,0.04537981,0.01417910,0.00230326,0.00156678,0.00000000,0.01769912,0.00417039,0.00000000,0.03512722,0.00239091,0.00000000
0.01455301,0.00213220,0.00379301,0.00145596,0.00523560,0.00000000,0.00054186,0.00163465,0.00075415,0.00298507,0.03197868,0.00343997,0.00780640,0.00157356,0.00000000,0.00256674,0.01163587,0.01279772,0.03157122,0.01797875,0.01135442,0.01248357,0.00155581,0.07926024,0.12025723,0.00989772,0.01092896,0.00668058,0.03158818,0.02225219,0.02482980,0.01481481,0.07980900,0.24810823,1.00000000,0.04571759,0.00000000,0.00550747,0.00451015,0.03257143,0.01492537,0.00450886,0.04573171,0.02886057,0.00373413,0.05341340,0.00041434,0.00431566,0.01159768,0.00628307,0.00665834,0.00528302,0.05495251,0.01468883,0.00079618,0.00162602,0.00168209,0.00352423,0.00245098,0.00729443,0.05565777,0.00245927,0.00000000
0.01446480,0.00199800,0.00208406,0.00483530,0.00214823,0.00000000,0.00069469,0.00122324,0.00000000,0.00157604,0.02009132,0.00000000,0.00114286,0.00115607,0.00000000,0.00064851,0.00000000,0.09995002,0.03347280,0.00769500,0.01088271,0.00448029,0.00341103,0.06595174,0.09652367,0.01712483,0.00638162,0.00126342,0.01534331,0.00464253,0.00118694,0.00123609,0.01981132,0.07100592,0.04571759,1.00000000,0.00201715,0.03236994,0.03460208,0.04538690,0.00899101,0.01133886,0.06320908,0.02785146,0.00748239,0.10297317,0.00697385,0.03453947,0.08546192,0.02253629,0.01131364,0.02611534,0.01123596,0.01239437,0.00235294,0.00242718,0.00127714,0.20708155,0.03670473,0.01361162,0.24886878,0.00491602,0.00000000
0.01698514,0.03579418,0.00360685,0.11933535,0.01831807,0.00604839,0.01442741,0.00821355,0.00169635,0.03942461,0.02092871,0.00557880,0.00734619,0.00561272,0.00000000,0.07181180,0.01104210,0.01044776,0.00639488,0.00636943,0.00000000,0.00636537,0.00000000,0.00065168,0.00084264,0.00128370,0.00441501,0.00000000,0.00205550,0.00133958,0.00195313,0.00000000,0.00000000,0.00277008,0.00000000,0.00201715,1.00000000,0.11599626,0.03415409,0.00789344,0.00894855,0.03308824,0.00110681,0.00103546,0.00154520,0.00370752,0.01132976,0.01016375,0.00226757,0.00000000,0.00215054,0.00169924,0.00000000,0.00718133,0.01347449,0.00000000,0.00000000,0.00000000,0.00111669,0.00129618,0.00069565,0.01460674,0.00000000
0.00517241,0.00367647,0.00101781,0.05678497,0.00421941,0.00270636,0.01933842,0.00554785,0.00863931,0.00615764,0.01097179,0.00169348,0.00000000,0.00000000,0.00000000,0.00921659,0.00167224,0.02575897,0.01402806,0.00514139,0.01081081,0.00000000,0.00000000,0.00071023,0.00178015,0.00613027,0.00306279,0.00000000,0.00708801,0.00161290,0.00000000,0.00000000,0.00165837,0.02049336,0.00550747,0.03236994,0.11599626,1.00000000,0.02030905,0.01240135,0.00367647,0.02175489,0.00772201,0.00997230,0.00165289,0.00608431,0.01483392,0.00000000,0.00000000,0.00046275,0.00295421,0.00000000,0.00000000,0.00000000,0.00000000,0.00000000,0.00000000,0.04761905,0.00650195,0.00155039,0.00305111,0.00392927,0.00000000
0.02299732,0.00709499,0.00058582,0.00052029,0.00000000,0.00000000,0.00410076,0.00276498,0.00168421,0.03514481,0.01394495,0.00380228,0.03150985,0.00353201,0.00000000,0.00718431,0.06200378,0.00552050,0.00899060,0.01649971,0.01187757,0.07444886,0.00000000,0.00093787,0.02389366,0.08641975,0.00000000,0.00000000,0.00127307,0.00148754,0.01171171,0.00464468,0.00075330,0.00538688,0.00451015,0.03460208,0.03415409,0.02030905,1.00000000,0.00372324,0.05202996,0.09405941,0.20845821,0.00355802,0.00315023,0.00396629,0.00131868,0.03168183,0.00677392,0.00311904,0.01034807,0.00084282,0.11755897,0.00432900,0.20671141,0.00458085,0.00000000,0.00093831,0.00000000,0.00365097,0.00245640,0.00000000,0.00000000
0.00849858,0.00000000,0.04721177,0.00477185,0.05036726,0.01414260,0.00478960,0.00119119,0.00530786,0.00154919,0.00179051,0.00374007,0.00000000,0.04960541,0.00000000,0.00959079,0.03621170,0.05672372,0.08691207,0.00482260,0.00353357,0.00439367,0.00000000,0.00900901,0.00330154,0.05744587,0.00744879,0.00368777,0.00603546,0.00090992,0.00231348,0.00120337,0.00462107,0.04787086,0.03257143,0.04538690,0.00789344,0.01240135,0.00372324,1.00000000,0.08993157,0.06418485,0.02547771,0.01401051,0.00130776,0.00575540,0.00295639,0.00242326,0.00094496,0.00113636,0.00000000,0.00000000,0.00000000,0.00109951,0.00000000,0.00000000,0.00000000,0.01749735,0.02163462,0.00355872,0.01117318,0.00321932,0.00000000
0.01536313,0.00735294,0.00089405,0.00824897,0.00655738,0.00197824,0.00536433,0.00604230,0.03171953,0.04430380,0.00775194,0.02202340,0.02166065,0.15257353,0.00000000,0.03194103,0.02724796,0.00588668,0.00157480,0.00270636,0.00000000,0.04905660,0.00000000,0.00388601,0.00461603,0.01775523,0.00000000,0.00000000,0.00101781,0.00000000,0.00191755,0.00000000,0.00270636,0.00756794,0.01492537,0.00899101,0.00894855,0.00367647,0.05202996,0.08993157,1.00000000,0.31738340,0.09857612,0.00051520,0.00000000,0.00410341,0.00118589,0.00000000,0.00112771,0.00000000,0.00210748,0.00000000,0.02275770,0.00353045,0.00378072,0.00000000,0.00000000,0.00388853,0.00662983,0.00128041,0.00621977,0.00111173,0.00000000
0.01392919,0.00242277,0.00316456,0.01960784,0.00264725,0.00000000,0.02294304,0.00311526,0.01208865,0.06492913,0.00326264,0.01261468,0.02287348,0.04060914,0.00000000,0.06147091,0.05457646,0.00121212,0.00640615,0.01674641,0.00000000,0.07655502,0.00000000,0.00828648,0.00197746,0.09421842,0.00164474,0.00000000,0.00088652,0.00000000,0.00299850,0.00000000,0.00000000,0.00437774,0.00450886,0.01133886,0.03308824,0.02175489,0.09405941,0.06418485,0.31738340,1.00000000,0.16721776,0.00047927,0.00095397,0.00077444,0.00382096,0.00384431,0.00052110,0.00040942,0.00322581,0.00000000,0.01232493,0.00000000,0.00444774,0.00000000,0.00000000,0.00177672,0.00095193,0.00000000,0.01444270,0.00095694,0.00000000
0.04004215,0.00219058,0.00369959,0.00063837,0.00000000,0.00135410,0.00813910,0.00548321,0.00721154,0.04657070,0.00794439,0.00521105,0.04320203,0.01287001,0.00000000,0.00687758,0.07032058,0.02082192,0.02764977,0.01043608,0.00947226,0.11089494,0.00252685,0.02194710,0.07377676,0.15859031,0.00575126,0.00000000,0.00329083,0.00606673,0.01988072,0.00970874,0.00617284,0.03320486,0.04573171,0.06320908,0.00110681,0.00772201,0.20845821,0.02547771,0.09857612,0.16721776,1.00000000,0.01563937,0.00137363,0.00674157,0.00260485,0.02925532,0.00498380,0.00592885,0.01978799,0.00240674,0.07857143,0.00875547,0.03805774,0.00135870,0.00000000,0.01126126,0.00878735,0.00788955,0.02142857,0.00088300,0.00000000
0.01770359,0.01184956,0.01344820,0.02042783,0.00106895,0.00000000,0.00294179,0.00000000,0.00000000,0.00000000,0.01326781,0.00050314,0.00275482,0.00000000,0.00000000,0.00201450,0.00601504,0.00979129,0.05696203,0.00633045,0.01301641,0.00048638,0.00274801,0.01675579,0.02167947,0.00634301,0.00348129,0.00462027,0.00891464,0.01536936,0.01402525,0.00343053,0.00650000,0.03426045,0.02886057,0.02785146,0.00103546,0.00997230,0.00355802,0.01401051,0.00051520,0.00047927,0.01563937,1.00000000,0.16811955,0.02704164,0.02510602,0.01159555,0.00659087,0.00337268,0.00115241,0.00215169,0.03486056,0.04979480,0.00000000,0.00000000,0.00174115,0.11554922,0.01892890,0.04603330,0.10930576,0.03471419,0.00000000
0.01862104,0.01178883,0.00753296,0.01650989,0.00159490,0.00112581,0.00125549,0.00056577,0.00000000,0.00000000,0.01809291,0.00000000,0.00164384,0.00055096,0.00000000,0.00040128,0.00000000,0.00358882,0.00157398,0.00210128,0.00000000,0.00048403,0.00983875,0.00284192,0.00246305,0.00097111,0.00173060,0.00000000,0.00710007,0.00740010,0.00111576,0.00341103,0.00547264,0.00220224,0.00373413,0.00748239,0.00154520,0.00165289,0.00315023,0.00130776,0.00000000,0.00095397,0.00137363,0.16811955,1.00000000,0.07551241,0.02603550,0.00600185,0.00262769,0.00000000,0.00114580,0.00267523,0.00099108,0.00054422,0.00000000,0.00112740,0.00692441,0.04797441,0.04319853,0.03313840,0.10816777,0.03317208,0.00000000
0.02466640,0.00164136,0.00173883,0.00970717,0.00084495,0.00000000,0.01182403,0.00399379,0.00084890,0.00073937,0.07427894,0.00000000,0.00000000,0.00000000,0.00000000,0.00302216,0.00281012,0.01928997,0.00209030,0.03175711,0.01369863,0.00078370,0.02720795,0.10330203,0.19927536,0.00549990,0.01216490,0.01077441,0.09782807,0.02427378,0.00131666,0.01915367,0.09094551,0.00903286,0.05341340,0.10297317,0.00370752,0.00608431,0.00396629,0.00575540,0.00410341,0.00077444,0.00674157,0.02704164,0.07551241,1.00000000,0.04414114,0.01357466,0.09375443,0.07893439,0.02957652,0.04161359,0.01837061,0.01549387,0.00043745,0.00663717,0.01712483,0.20818182,0.01164538,0.03230890,0.07365793,0.01091662,0.00000000
0.04760522,0.00415061,0.10541176,0.09615385,0.00989793,0.01256614,0.03482353,0.00998004,0.00685145,0.00255820,0.01067116,0.00461627,0.00128164,0.01031925,0.00000000,0.03187430,0.00057455,0.00355872,0.00060920,0.00378251,0.00000000,0.00000000,0.00063898,0.00431288,0.00206520,0.00222841,0.00136147,0.00000000,0.00201106,0.00170213,0.00000000,0.00334560,0.00057290,0.00040650,0.00041434,0.00697385,0.01132976,0.01483392,0.00131868,0.00295639,0.00118589,0.00382096,0.00260485,0.02510602,0.02603550,0.04414114,1.00000000,0.00894031,0.00143885,0.00211896,0.00135044,0.00186974,0.00057029,0.00317864,0.00065125,0.00000000,0.00204290,0.08942930,0.02197227,0.02629371,0.05583860,0.08761805,0.00000000
0.02792696,0.02122905,0.00149981,0.00129157,0.00000000,0.00000000,0.00074991,0.00281096,0.00000000,0.00085985,0.01112235,0.00106213,0.00910273,0.00131752,0.00000000,0.00208914,0.01159115,0.00335383,0.00117647,0.00302229,0.00416089,0.00099010,0.00387847,0.06594656,0.00962279,0.14748381,0.00147601,0.00000000,0.00250522,0.00720906,0.00000000,0.00568990,0.00209644,0.00239736,0.00431566,0.03453947,0.01016375,0.00000000,0.03168183,0.00242326,0.00000000,0.00384431,0.02925532,0.01159555,0.00600185,0.01357466,0.00894031,1.00000000,0.04023133,0.02746815,0.02900653,0.01230012,0.04781705,0.02431222,0.06182796,0.11281337,0.00295421,0.00625711,0.00535714,0.00502008,0.08724428,0.00717811,0.00000000
0.01713180,0.00225543,0.00000000,0.00123609,0.00000000,0.00000000,0.00000000,0.00000000,0.00000000,0.00000000,0.00481928,0.00000000,0.00060698,0.00000000,0.00000000,0.00129618,0.00164159,0.00338409,0.00057854,0.00681199,0.00875274,0.00105904,0.00302663,0.01364929,0.07593844,0.00531350,0.00192802,0.00127877,0.01011561,0.00378481,0.00000000,0.00442618,0.05402456,0.00353357,0.01159768,0.08546192,0.00226757,0.00000000,0.00677392,0.00094496,0.00112771,0.00052110,0.00498380,0.00659087,0.00262769,0.09375443,0.00143885,0.04023133,1.00000000,0.04601091,0.02933673,0.04020101,0.00162999,0.01626506,0.00308166,0.00062637,0.01735776,0.00682723,0.00050038,0.01013604,0.01731943,0.00050176,0.00000000
0.01714531,0.00391815,0.00000000,0.00000000,0.00000000,0.00000000,0.00000000,0.00000000,0.00000000,0.00000000,0.00041824,0.00000000,0.00046062,0.00000000,0.00000000,0.00000000,0.00297746,0.00043545,0.00000000,0.00513667,0.00282619,0.00000000,0.00045966,0.00601076,0.09525000,0.00831428,0.00048088,0.00000000,0.00230814,0.00042141,0.00000000,0.00427553,0.01358234,0.00618792,0.00628307,0.02253629,0.00000000,0.00046275,0.00311904,0.00113636,0.00000000,0.00040942,0.00592885,0.00337268,0.00000000,0.07893439,0.00211896,0.02746815,0.04601091,1.00000000,0.01673440,0.12460497,0.00465313,0.07098695,0.01724138,0.09811321,0.08658009,0.00284810,0.00000000,0.00959133,0.00685379,0.00119213,0.00000000
0.00391773,0.01053741,0.00000000,0.00000000,0.00000000,0.00000000,0.00000000,0.00000000,0.00000000,0.00134680,0.00351803,0.00000000,0.00000000,0.00000000,0.00000000,0.00098474,0.00378430,0.00210970,0.00000000,0.00332226,0.01663894,0.00169635,0.01416431,0.00448263,0.04822044,0.01029160,0.00389105,0.00000000,0.00000000,0.00544959,0.00632911,0.01415929,0.04873477,0.00160256,0.00665834,0.01131364,0.00215054,0.00295421,0.01034807,0.00000000,0.00210748,0.00322581,0.01978799,0.00115241,0.00114580,0.02957652,0.00135044,0.02900653,0.02933673,0.01673440,1.00000000,0.00764331,0.01662050,0.00554017,0.01545595,0.01344538,0.00389864,0.00149533,0.00000000,0.00347524,0.00805477,0.00864553,0.00000000
0.00946372,0.00167224,0.00000000,0.00079904,0.00000000,0.00000000,0.00000000,0.00000000,0.00000000,0.00000000,0.00144509,0.00000000,0.00211864,0.00000000,0.00000000,0.00000000,0.00000000,0.00000000,0.00000000,0.00389674,0.00235849,0.00000000,0.00209864,0.01162791,0.06388527,0.00566171,0.00262812,0.00000000,0.00222099,0.00445104,0.00000000,0.01477833,0.02435312,0.00000000,0.00528302,0.02611534,0.00169924,0.00000000,0.00084282,0.00000000,0.00000000,0.00000000,0.00240674,0.00215169,0.00267523,0.04161359,0.00186974,0.01230012,0.04020101,0.12460497,0.00764331,1.00000000,0.00150376,0.03095975,0.00671141,0.01662708,0.02894737,0.00479124,0.00000000,0.05436338,0.02930403,0.00122324,0.00000000
0.01277139,0.00535475,0.02024462,0.00214209,0.01624815,0.00000000,0.00168705,0.00177462,0.00300300,0.01182266,0.01070155,0.00126024,0.05797101,0.00000000,0.00000000,0.02173913,0.14856429,0.00133958,0.01424501,0.00340281,0.00523560,0.01856148,0.02877698,0.02110490,0.07591837,0.04091175,0.00566572,0.00372093,0.00285850,0.00729040,0.00849618,0.00900901,0.00868486,0.04537981,0.05495251,0.01123596,0.00000000,0.00000000,0.11755897,0.00000000,0.02275770,0.01232493,0.07857143,0.03486056,0.00099108,0.01837061,0.00057029,0.04781705,0.00162999,0.00465313,0.01662050,0.00150376,1.00000000,0.05524862,0.07885906,0.00175439,0.00000000,0.00062112,0.00102881,0.00117925,0.00330251,0.00310398,0.00000000
0.00663900,0.00176523,0.00000000,0.00327869,0.00000000,0.00000000,0.00000000,0.00000000,0.00000000,0.00000000,0.00605602,0.00000000,0.00454030,0.00000000,0.00000000,0.01625282,0.00161160,0.00000000,0.00958773,0.00100503,0.00254777,0.00000000,0.00000000,0.00489339,0.01806565,0.01481481,0.00000000,0.00000000,0.00000000,0.00000000,0.00490196,0.00534045,0.07833733,0.01417910,0.01468883,0.01239437,0.00718133,0.00000000,0.00432900,0.00109951,0.00353045,0.00000000,0.00875547,0.04979480,0.00054422,0.01549387,0.00317864,0.02431222,0.01626506,0.07098695,0.00554017,0.03095975,0.05524862,1.00000000,0.01684717,0.03337612,0.00286944,0.00139909,0.00126342,0.00898876,0.01124859,0.00381679,0.00000000
0.01592920,0.00945180,0.00310078,0.00000000,0.00000000,0.00282087,0.00103359,0.00000000,0.00000000,0.00125471,0.00642055,0.00000000,0.00248139,0.00000000,0.00000000,0.00093458,0.02229846,0.00000000,0.00000000,0.00000000,0.00000000,0.00621118,0.00245399,0.00215363,0.01120072,0.00784314,0.00321027,0.00000000,0.00000000,0.00000000,0.00539811,0.00296736,0.00340136,0.00230326,0.00079618,0.00235294,0.01347449,0.00000000,0.20671141,0.00000000,0.00378072,0.00444774,0.03805774,0.00000000,0.00000000,0.00043745,0.00065125,0.06182796,0.00308166,0.01724138,0.01545595,0.00671141,0.07885906,0.01684717,1.00000000,0.02556818,0.00000000,0.00000000,0.00000000,0.00000000,0.00077160,0.00000000,0.00000000
0.00000000,0.03379722,0.00000000,0.00086468,0.00000000,0.00000000,0.00000000,0.00000000,0.00000000,0.00000000,0.00000000,0.00000000,0.00000000,0.00000000,0.00000000,0.00095785,0.00000000,0.00000000,0.00000000,0.00000000,0.00000000,0.00000000,0.00262123,0.00000000,0.00271985,0.00490597,0.00000000,0.00000000,0.00000000,0.00172712,0.00290276,0.00321543,0.01957295,0.00156678,0.00162602,0.00242718,0.00000000,0.00000000,0.00458085,0.00000000,0.00000000,0.00000000,0.00135870,0.00000000,0.00112740,0.00663717,0.00000000,0.11281337,0.00062637,0.09811321,0.01344538,0.01662708,0.00175439,0.03337612,0.02556818,1.00000000,0.02807018,0.00073206,0.00000000,0.00165563,0.00472441,0.00000000,0.00000000
0.00000000,0.00649351,0.00000000,0.00000000,0.00000000,0.00000000,0.00000000,0.00000000,0.00000000,0.00000000,0.00179856,0.00000000,0.00000000,0.00000000,0.00000000,0.00000000,0.00000000,0.00000000,0.00000000,0.00112296,0.01736111,0.00000000,0.00587372,0.00301659,0.01247113,0.00175285,0.00000000,0.00000000,0.00261609,0.00000000,0.00000000,0.00370370,0.00959693,0.00000000,0.00168209,0.00127714,0.00000000,0.00000000,0.00000000,0.00000000,0.00000000,0.00000000,0.00000000,0.00174115,0.00692441,0.01712483,0.00204290,0.00295421,0.01735776,0.08658009,0.00389864,0.02894737,0.00000000,0.00286944,0.00000000,0.02807018,1.00000000,0.00226415,0.00000000,0.00000000,0.00569569,0.00293470,0.00000000
