1002,1860,2759,3041,1566,1255,2864,1317,1513,2325,2108,1917,1641,1436,1010,2924,1696,1716,1575,2452,1334,1775,1545,4064,5775,2283,1314,1245,2336,1775,1296,1311,1749,3220,3137,2345,1685,1517,3276,2219,1628,1941,2239,4613,4660,5558,4275,2065,3768,4133,1316,1479,1979,1603,1563,1198,1160,3571,2068,1886,3605,2056,1003
1860,858,2615,2897,1422,1111,2720,1173,1369,2181,1964,1773,1497,1292,866,2780,1552,1572,1431,2308,1190,1631,1401,3920,5631,2139,1170,1101,2192,1631,1152,1167,1605,3076,2993,2201,1541,1373,3132,2075,1484,1797,2095,4469,4516,5414,4131,1921,3624,3989,1172,1335,1835,1459,1419,1054,1016,3427,1924,1742,3461,1912,859
2759,2615,1757,3796,2321,2010,3619,2072,2268,3080,2863,2672,2396,2191,1765,3679,2451,2471,2330,3207,2089,2530,2300,4819,6530,3038,2069,2000,3091,2530,2051,2066,2504,3975,3892,3100,2440,2272,4031,2974,2383,2696,2994,5368,5415,6313,5030,2820,4523,4888,2071,2234,2734,2358,2318,1953,1915,4326,2823,2641,4360,2811,1758
3041,2897,3796,2039,2603,2292,3901,2354,2550,3362,3145,2954,2678,2473,2047,3961,2733,2753,2612,3489,2371,2812,2582,5101,6812,3320,2351,2282,3373,2812,2333,2348,2786,4257,4174,3382,2722,2554,4313,3256,2665,2978,3276,5650,5697,6595,5312,3102,4805,5170,2353,2516,3016,2640,2600,2235,2197,4608,3105,2923,4642,3093,2040
1566,1422,2321,2603,564,817,2426,879,1075,1887,1670,1479,1203,998,572,2486,1258,1278,1137,2014,896,1337,1107,3626,5337,1845,876,807,1898,1337,858,873,1311,2782,2699,1907,1247,1079,2838,1781,1190,1503,1801,4175,4222,5120,3837,1627,3330,3695,878,1041,1541,1165,1125,760,722,3133,1630,1448,3167,1618,565
1255,1111,2010,2292,817,253,2115,568,764,1576,1359,1168,892,687,261,2175,947,967,826,1703,585,1026,796,3315,5026,1534,565,496,1587,1026,547,562,1000,2471,2388,1596,936,768,2527,1470,879,1192,1490,3864,3911,4809,3526,1316,3019,3384,567,730,1230,854,814,449,411,2822,1319,1137,2856,1307,254
2864,2720,3619,3901,2426,2115,1862,2177,2373,3185,2968,2777,2501,2296,1870,3784,2556,2576,2435,3312,2194,2635,2405,4924,6635,3143,2174,2105,3196,2635,2156,2171,2609,4080,3997,3205,2545,2377,4136,3079,2488,2801,3099,5473,5520,6418,5135,2925,4628,4993,2176,2339,2839,2463,2423,2058,2020,4431,2928,2746,4465,2916,1863
1317,1173,2072,2354,879,568,2177,315,826,1638,1421,1230,954,749,323,2237,1009,1029,888,1765,647,1088,858,3377,5088,1596,627,558,1649,1088,609,624,1062,2533,2450,1658,998,830,2589,1532,941,1254,1552,3926,3973,4871,3588,1378,3081,3446,629,792,1292,916,876,511,473,2884,1381,1199,2918,1369,316
1513,1369,2268,2550,1075,764,2373,826,511,1834,1617,1426,1150,945,519,2433,1205,1225,1084,1961,843,1284,1054,3573,5284,1792,823,754,1845,1284,805,820,1258,2729,2646,1854,1194,1026,2785,1728,1137,1450,1748,4122,4169,5067,3784,1574,3277,3642,825,988,1488,1112,1072,707,669,3080,1577,1395,3114,1565,512
2325,2181,3080,3362,1887,1576,3185,1638,1834,1323,2429,2238,1962,1757,1331,3245,2017,2037,1896,2773,1655,2096,1866,4385,6096,2604,1635,1566,2657,2096,1617,1632,2070,3541,3458,2666,2006,1838,3597,2540,1949,2262,2560,4934,4981,5879,4596,2386,4089,4454,1637,1800,2300,1924,1884,1519,1481,3892,2389,2207,3926,2377,1324
2108,1964,2863,3145,1670,1359,2968,1421,1617,2429,1106,2021,1745,1540,1114,3028,1800,1820,1679,2556,1438,1879,1649,4168,5879,2387,1418,1349,2440,1879,1400,1415,1853,3324,3241,2449,1789,1621,3380,2323,1732,2045,2343,4717,4764,5662,4379,2169,3872,4237,1420,1583,2083,1707,1667,1302,1264,3675,2172,1990,3709,2160,1107
1917,1773,2672,2954,1479,1168,2777,1230,1426,2238,2021,915,1554,1349,923,2837,1609,1629,1488,2365,1247,1688,1458,3977,5688,2196,1227,1158,2249,1688,1209,1224,1662,3133,3050,2258,1598,1430,3189,2132,1541,1854,2152,4526,4573,5471,4188,1978,3681,4046,1229,1392,1892,1516,1476,1111,1073,3484,1981,1799,3518,1969,916
1641,1497,2396,2678,1203,892,2501,954,1150,1962,1745,1554,639,1073,647,2561,1333,1353,1212,2089,971,1412,1182,3701,5412,1920,951,882,1973,1412,933,948,1386,2857,2774,1982,1322,1154,2913,1856,1265,1578,1876,4250,4297,5195,3912,1702,3405,3770,953,1116,1616,1240,1200,835,797,3208,1705,1523,3242,1693,640
1436,1292,2191,2473,998,687,2296,749,945,1757,1540,1349,1073,434,442,2356,1128,1148,1007,1884,766,1207,977,3496,5207,1715,746,677,1768,1207,728,743,1181,2652,2569,1777,1117,949,2708,1651,1060,1373,1671,4045,4092,4990,3707,1497,3200,3565,748,911,1411,1035,995,630,592,3003,1500,1318,3037,1488,435
1010,866,1765,2047,572,261,1870,323,519,1331,1114,923,647,442,8,1930,702,722,581,1458,340,781,551,3070,4781,1289,320,251,1342,781,302,317,755,2226,2143,1351,691,523,2282,1225,634,947,1245,3619,3666,4564,3281,1071,2774,3139,322,485,985,609,569,204,166,2577,1074,892,2611,1062,9
2924,2780,3679,3961,2486,2175,3784,2237,2433,3245,3028,2837,2561,2356,1930,1922,2616,2636,2495,3372,2254,2695,2465,4984,6695,3203,2234,2165,3256,2695,2216,2231,2669,4140,4057,3265,2605,2437,4196,3139,2548,2861,3159,5533,5580,6478,5195,2985,4688,5053,2236,2399,2899,2523,2483,2118,2080,4491,2988,2806,4525,2976,1923
1696,1552,2451,2733,1258,947,2556,1009,1205,2017,1800,1609,1333,1128,702,2616,694,1408,1267,2144,1026,1467,1237,3756,5467,1975,1006,937,2028,1467,988,1003,1441,2912,2829,2037,1377,1209,2968,1911,1320,1633,1931,4305,4352,5250,3967,1757,3460,3825,1008,1171,1671,1295,1255,890,852,3263,1760,1578,3297,1748,695
1716,1572,2471,2753,1278,967,2576,1029,1225,2037,1820,1629,1353,1148,722,2636,1408,714,1287,2164,1046,1487,1257,3776,5487,1995,1026,957,2048,1487,1008,1023,1461,2932,2849,2057,1397,1229,2988,1931,1340,1653,1951,4325,4372,5270,3987,1777,3480,3845,1028,1191,1691,1315,1275,910,872,3283,1780,1598,3317,1768,715
1575,1431,2330,2612,1137,826,2435,888,1084,1896,1679,1488,1212,1007,581,2495,1267,1287,573,2023,905,1346,1116,3635,5346,1854,885,816,1907,1346,867,882,1320,2791,2708,1916,1256,1088,2847,1790,1199,1512,1810,4184,4231,5129,3846,1636,3339,3704,887,1050,1550,1174,1134,769,731,3142,1639,1457,3176,1627,574
2452,2308,3207,3489,2014,1703,3312,1765,1961,2773,2556,2365,2089,1884,1458,3372,2144,2164,2023,1450,1782,2223,1993,4512,6223,2731,1762,1693,2784,2223,1744,1759,2197,3668,3585,2793,2133,1965,3724,2667,2076,2389,2687,5061,5108,6006,4723,2513,4216,4581,1764,1927,2427,2051,2011,1646,1608,4019,2516,2334,4053,2504,1451
1334,1190,2089,2371,896,585,2194,647,843,1655,1438,1247,971,766,340,2254,1026,1046,905,1782,332,1105,875,3394,5105,1613,644,575,1666,1105,626,641,1079,2550,2467,1675,1015,847,2606,1549,958,1271,1569,3943,3990,4888,3605,1395,3098,3463,646,809,1309,933,893,528,490,2901,1398,1216,2935,1386,333
1775,1631,2530,2812,1337,1026,2635,1088,1284,2096,1879,1688,1412,1207,781,2695,1467,1487,1346,2223,1105,773,1316,3835,5546,2054,1085,1016,2107,1546,1067,1082,1520,2991,2908,2116,1456,1288,3047,1990,1399,1712,2010,4384,4431,5329,4046,1836,3539,3904,1087,1250,1750,1374,1334,969,931,3342,1839,1657,3376,1827,774
1545,1401,2300,2582,1107,796,2405,858,1054,1866,1649,1458,1182,977,551,2465,1237,1257,1116,1993,875,1316,543,3605,5316,1824,855,786,1877,1316,837,852,1290,2761,2678,1886,1226,1058,2817,1760,1169,1482,1780,4154,4201,5099,3816,1606,3309,3674,857,1020,1520,1144,1104,739,701,3112,1609,1427,3146,1597,544
4064,3920,4819,5101,3626,3315,4924,3377,3573,4385,4168,3977,3701,3496,3070,4984,3756,3776,3635,4512,3394,3835,3605,3062,7835,4343,3374,3305,4396,3835,3356,3371,3809,5280,5197,4405,3745,3577,5336,4279,3688,4001,4299,6673,6720,7618,6335,4125,5828,6193,3376,3539,4039,3663,3623,3258,3220,5631,4128,3946,5665,4116,3063
5775,5631,6530,6812,5337,5026,6635,5088,5284,6096,5879,5688,5412,5207,4781,6695,5467,5487,5346,6223,5105,5546,5316,7835,4773,6054,5085,5016,6107,5546,5067,5082,5520,6991,6908,6116,5456,5288,7047,5990,5399,5712,6010,8384,8431,9329,8046,5836,7539,7904,5087,5250,5750,5374,5334,4969,4931,7342,5839,5657,7376,5827,4774
2283,2139,3038,3320,1845,1534,3143,1596,1792,2604,2387,2196,1920,1715,1289,3203,1975,1995,1854,2731,1613,2054,1824,4343,6054,1281,1593,1524,2615,2054,1575,1590,2028,3499,3416,2624,1964,1796,3555,2498,1907,2220,2518,4892,4939,5837,4554,2344,4047,4412,1595,1758,2258,1882,1842,1477,1439,3850,2347,2165,3884,2335,1282
1314,1170,2069,2351,876,565,2174,627,823,1635,1418,1227,951,746,320,2234,1006,1026,885,1762,644,1085,855,3374,5085,1593,312,555,1646,1085,606,621,1059,2530,2447,1655,995,827,2586,1529,938,1251,1549,3923,3970,4868,3585,1375,3078,3443,626,789,1289,913,873,508,470,2881,1378,1196,2915,1366,313
1245,1101,2000,2282,807,496,2105,558,754,1566,1349,1158,882,677,251,2165,937,957,816,1693,575,1016,786,3305,5016,1524,555,243,1577,1016,537,552,990,2461,2378,1586,926,758,2517,1460,869,1182,1480,3854,3901,4799,3516,1306,3009,3374,557,720,1220,844,804,439,401,2812,1309,1127,2846,1297,244
2336,2192,3091,3373,1898,1587,3196,1649,1845,2657,2440,2249,1973,1768,1342,3256,2028,2048,1907,2784,1666,2107,1877,4396,6107,2615,1646,1577,1334,2107,1628,1643,2081,3552,3469,2677,2017,1849,3608,2551,1960,2273,2571,4945,4992,5890,4607,2397,4100,4465,1648,1811,2311,1935,1895,1530,1492,3903,2400,2218,3937,2388,1335
1775,1631,2530,2812,1337,1026,2635,1088,1284,2096,1879,1688,1412,1207,781,2695,1467,1487,1346,2223,1105,1546,1316,3835,5546,2054,1085,1016,2107,773,1067,1082,1520,2991,2908,2116,1456,1288,3047,1990,1399,1712,2010,4384,4431,5329,4046,1836,3539,3904,1087,1250,1750,1374,1334,969,931,3342,1839,1657,3376,1827,774
1296,1152,2051,2333,858,547,2156,609,805,1617,1400,1209,933,728,302,2216,988,1008,867,1744,626,1067,837,3356,5067,1575,606,537,1628,1067,294,603,1041,2512,2429,1637,977,809,2568,1511,920,1233,1531,3905,3952,4850,3567,1357,3060,3425,608,771,1271,895,855,490,452,2863,1360,1178,2897,1348,295
1311,1167,2066,2348,873,562,2171,624,820,1632,1415,1224,948,743,317,2231,1003,1023,882,1759,641,1082,852,3371,5082,1590,621,552,1643,1082,603,309,1056,2527,2444,1652,992,824,2583,1526,935,1248,1546,3920,3967,4865,3582,1372,3075,3440,623,786,1286,910,870,505,467,2878,1375,1193,2912,1363,310
1749,1605,2504,2786,1311,1000,2609,1062,1258,2070,1853,1662,1386,1181,755,2669,1441,1461,1320,2197,1079,1520,1290,3809,5520,2028,1059,990,2081,1520,1041,1056,747,2965,2882,2090,1430,1262,3021,1964,1373,1686,1984,4358,4405,5303,4020,1810,3513,3878,1061,1224,1724,1348,1308,943,905,3316,1813,1631,3350,1801,748
3220,3076,3975,4257,2782,2471,4080,2533,2729,3541,3324,3133,2857,2652,2226,4140,2912,2932,2791,3668,2550,2991,2761,5280,6991,3499,2530,2461,3552,2991,2512,2527,2965,2218,4353,3561,2901,2733,4492,3435,2844,3157,3455,5829,5876,6774,5491,3281,4984,5349,2532,2695,3195,2819,2779,2414,2376,4787,3284,3102,4821,3272,2219
3137,2993,3892,4174,2699,2388,3997,2450,2646,3458,3241,3050,2774,2569,2143,4057,2829,2849,2708,3585,2467,2908,2678,5197,6908,3416,2447,2378,3469,2908,2429,2444,2882,4353,2135,3478,2818,2650,4409,3352,2761,3074,3372,5746,5793,6691,5408,3198,4901,5266,2449,2612,3112,2736,2696,2331,2293,4704,3201,3019,4738,3189,2136
2345,2201,3100,3382,1907,1596,3205,1658,1854,2666,2449,2258,1982,1777,1351,3265,2037,2057,1916,2793,1675,2116,1886,4405,6116,2624,1655,1586,2677,2116,1637,1652,2090,3561,3478,1343,2026,1858,3617,2560,1969,2282,2580,4954,5001,5899,4616,2406,4109,4474,1657,1820,2320,1944,1904,1539,1501,3912,2409,2227,3946,2397,1344
1685,1541,2440,2722,1247,936,2545,998,1194,2006,1789,1598,1322,1117,691,2605,1377,1397,1256,2133,1015,1456,1226,3745,5456,1964,995,926,2017,1456,977,992,1430,2901,2818,2026,683,1198,2957,1900,1309,1622,1920,4294,4341,5239,3956,1746,3449,3814,997,1160,1660,1284,1244,879,841,3252,1749,1567,3286,1737,684
1517,1373,2272,2554,1079,768,2377,830,1026,1838,1621,1430,1154,949,523,2437,1209,1229,1088,1965,847,1288,1058,3577,5288,1796,827,758,1849,1288,809,824,1262,2733,2650,1858,1198,515,2789,1732,1141,1454,1752,4126,4173,5071,3788,1578,3281,3646,829,992,1492,1116,1076,711,673,3084,1581,1399,3118,1569,516
3276,3132,4031,4313,2838,2527,4136,2589,2785,3597,3380,3189,2913,2708,2282,4196,2968,2988,2847,3724,2606,3047,2817,5336,7047,3555,2586,2517,3608,3047,2568,2583,3021,4492,4409,3617,2957,2789,2274,3491,2900,3213,3511,5885,5932,6830,5547,3337,5040,5405,2588,2751,3251,2875,2835,2470,2432,4843,3340,3158,4877,3328,2275
2219,2075,2974,3256,1781,1470,3079,1532,1728,2540,2323,2132,1856,1651,1225,3139,1911,1931,1790,2667,1549,1990,1760,4279,5990,2498,1529,1460,2551,1990,1511,1526,1964,3435,3352,2560,1900,1732,3491,1217,1843,2156,2454,4828,4875,5773,4490,2280,3983,4348,1531,1694,2194,1818,1778,1413,1375,3786,2283,2101,3820,2271,1218
1628,1484,2383,2665,1190,879,2488,941,1137,1949,1732,1541,1265,1060,634,2548,1320,1340,1199,2076,958,1399,1169,3688,5399,1907,938,869,1960,1399,920,935,1373,2844,2761,1969,1309,1141,2900,1843,626,1565,1863,4237,4284,5182,3899,1689,3392,3757,940,1103,1603,1227,1187,822,784,3195,1692,1510,3229,1680,627
1941,1797,2696,2978,1503,1192,2801,1254,1450,2262,2045,1854,1578,1373,947,2861,1633,1653,1512,2389,1271,1712,1482,4001,5712,2220,1251,1182,2273,1712,1233,1248,1686,3157,3074,2282,1622,1454,3213,2156,1565,939,2176,4550,4597,5495,4212,2002,3705,4070,1253,1416,1916,1540,1500,1135,1097,3508,2005,1823,3542,1993,940
2239,2095,2994,3276,1801,1490,3099,1552,1748,2560,2343,2152,1876,1671,1245,3159,1931,1951,1810,2687,1569,2010,1780,4299,6010,2518,1549,1480,2571,2010,1531,1546,1984,3455,3372,2580,1920,1752,3511,2454,1863,2176,1237,4848,4895,5793,4510,2300,4003,4368,1551,1714,2214,1838,1798,1433,1395,3806,2303,2121,3840,2291,1238
4613,4469,5368,5650,4175,3864,5473,3926,4122,4934,4717,4526,4250,4045,3619,5533,4305,4325,4184,5061,3943,4384,4154,6673,8384,4892,3923,3854,4945,4384,3905,3920,4358,5829,5746,4954,4294,4126,5885,4828,4237,4550,4848,3611,7269,8167,6884,4674,6377,6742,3925,4088,4588,4212,4172,3807,3769,6180,4677,4495,6214,4665,3612
4660,4516,5415,5697,4222,3911,5520,3973,4169,4981,4764,4573,4297,4092,3666,5580,4352,4372,4231,5108,3990,4431,4201,6720,8431,4939,3970,3901,4992,4431,3952,3967,4405,5876,5793,5001,4341,4173,5932,4875,4284,4597,4895,7269,3658,8214,6931,4721,6424,6789,3972,4135,4635,4259,4219,3854,3816,6227,4724,4542,6261,4712,3659
5558,5414,6313,6595,5120,4809,6418,4871,5067,5879,5662,5471,5195,4990,4564,6478,5250,5270,5129,6006,4888,5329,5099,7618,9329,5837,4868,4799,5890,5329,4850,4865,5303,6774,6691,5899,5239,5071,6830,5773,5182,5495,5793,8167,8214,4556,7829,5619,7322,7687,4870,5033,5533,5157,5117,4752,4714,7125,5622,5440,7159,5610,4557
4275,4131,5030,5312,3837,3526,5135,3588,3784,4596,4379,4188,3912,3707,3281,5195,3967,3987,3846,4723,3605,4046,3816,6335,8046,4554,3585,3516,4607,4046,3567,3582,4020,5491,5408,4616,3956,3788,5547,4490,3899,4212,4510,6884,6931,7829,3273,4336,6039,6404,3587,3750,4250,3874,3834,3469,3431,5842,4339,4157,5876,4327,3274
2065,1921,2820,3102,1627,1316,2925,1378,1574,2386,2169,1978,1702,1497,1071,2985,1757,1777,1636,2513,1395,1836,1606,4125,5836,2344,1375,1306,2397,1836,1357,1372,1810,3281,3198,2406,1746,1578,3337,2280,1689,2002,2300,4674,4721,5619,4336,1063,3829,4194,1377,1540,2040,1664,1624,1259,1221,3632,2129,1947,3666,2117,1064
3768,3624,4523,4805,3330,3019,4628,3081,3277,4089,3872,3681,3405,3200,2774,4688,3460,3480,3339,4216,3098,3539,3309,5828,7539,4047,3078,3009,4100,3539,3060,3075,3513,4984,4901,4109,3449,3281,5040,3983,3392,3705,4003,6377,6424,7322,6039,3829,2766,5897,3080,3243,3743,3367,3327,2962,2924,5335,3832,3650,5369,3820,2767
4133,3989,4888,5170,3695,3384,4993,3446,3642,4454,4237,4046,3770,3565,3139,5053,3825,3845,3704,4581,3463,3904,3674,6193,7904,4412,3443,3374,4465,3904,3425,3440,3878,5349,5266,4474,3814,3646,5405,4348,3757,4070,4368,6742,6789,7687,6404,4194,5897,3131,3445,3608,4108,3732,3692,3327,3289,5700,4197,4015,5734,4185,3132
1316,1172,2071,2353,878,567,2176,629,825,1637,1420,1229,953,748,322,2236,1008,1028,887,1764,646,1087,857,3376,5087,1595,626,557,1648,1087,608,623,1061,2532,2449,1657,997,829,2588,1531,940,1253,1551,3925,3972,4870,3587,1377,3080,3445,314,791,1291,915,875,510,472,2883,1380,1198,2917,1368,315
1479,1335,2234,2516,1041,730,2339,792,988,1800,1583,1392,1116,911,485,2399,1171,1191,1050,1927,809,1250,1020,3539,5250,1758,789,720,1811,1250,771,786,1224,2695,2612,1820,1160,992,2751,1694,1103,1416,1714,4088,4135,5033,3750,1540,3243,3608,791,477,1454,1078,1038,673,635,3046,1543,1361,3080,1531,478
1979,1835,2734,3016,1541,1230,2839,1292,1488,2300,2083,1892,1616,1411,985,2899,1671,1691,1550,2427,1309,1750,1520,4039,5750,2258,1289,1220,2311,1750,1271,1286,1724,3195,3112,2320,1660,1492,3251,2194,1603,1916,2214,4588,4635,5533,4250,2040,3743,4108,1291,1454,977,1578,1538,1173,1135,3546,2043,1861,3580,2031,978
1603,1459,2358,2640,1165,854,2463,916,1112,1924,1707,1516,1240,1035,609,2523,1295,1315,1174,2051,933,1374,1144,3663,5374,1882,913,844,1935,1374,895,910,1348,2819,2736,1944,1284,1116,2875,1818,1227,1540,1838,4212,4259,5157,3874,1664,3367,3732,915,1078,1578,601,1162,797,759,3170,1667,1485,3204,1655,602
1563,1419,2318,2600,1125,814,2423,876,1072,1884,1667,1476,1200,995,569,2483,1255,1275,1134,2011,893,1334,1104,3623,5334,1842,873,804,1895,1334,855,870,1308,2779,2696,1904,1244,1076,2835,1778,1187,1500,1798,4172,4219,5117,3834,1624,3327,3692,875,1038,1538,1162,561,757,719,3130,1627,1445,3164,1615,562
1198,1054,1953,2235,760,449,2058,511,707,1519,1302,1111,835,630,204,2118,890,910,769,1646,528,969,739,3258,4969,1477,508,439,1530,969,490,505,943,2414,2331,1539,879,711,2470,1413,822,1135,1433,3807,3854,4752,3469,1259,2962,3327,510,673,1173,797,757,196,354,2765,1262,1080,2799,1250,197
1160,1016,1915,2197,722,411,2020,473,669,1481,1264,1073,797,592,166,2080,852,872,731,1608,490,931,701,3220,4931,1439,470,401,1492,931,452,467,905,2376,2293,1501,841,673,2432,1375,784,1097,1395,3769,3816,4714,3431,1221,2924,3289,472,635,1135,759,719,354,158,2727,1224,1042,2761,1212,159
3571,3427,4326,4608,3133,2822,4431,2884,3080,3892,3675,3484,3208,3003,2577,4491,3263,3283,3142,4019,2901,3342,3112,5631,7342,3850,2881,2812,3903,3342,2863,2878,3316,4787,4704,3912,3252,3084,4843,3786,3195,3508,3806,6180,6227,7125,5842,3632,5335,5700,2883,3046,3546,3170,3130,2765,2727,2569,3635,3453,5172,3623,2570
2068,1924,2823,3105,1630,1319,2928,1381,1577,2389,2172,1981,1705,1500,1074,2988,1760,1780,1639,2516,1398,1839,1609,4128,5839,2347,1378,1309,2400,1839,1360,1375,1813,3284,3201,2409,1749,1581,3340,2283,1692,2005,2303,4677,4724,5622,4339,2129,3832,4197,1380,1543,2043,1667,1627,1262,1224,3635,1066,1950,3669,2120,1067
1886,1742,2641,2923,1448,1137,2746,1199,1395,2207,1990,1799,1523,1318,892,2806,1578,1598,1457,2334,1216,1657,1427,3946,5657,2165,1196,1127,2218,1657,1178,1193,1631,3102,3019,2227,1567,1399,3158,2101,1510,1823,2121,4495,4542,5440,4157,1947,3650,4015,1198,1361,1861,1485,1445,1080,1042,3453,1950,884,3487,1938,885
3605,3461,4360,4642,3167,2856,4465,2918,3114,3926,3709,3518,3242,3037,2611,4525,3297,3317,3176,4053,2935,3376,3146,5665,7376,3884,2915,2846,3937,3376,2897,2912,3350,4821,4738,3946,3286,3118,4877,3820,3229,3542,3840,6214,6261,7159,5876,3666,5369,5734,2917,3080,3580,3204,3164,2799,2761,5172,3669,3487,2603,3657,2604
2056,1912,2811,3093,1618,1307,2916,1369,1565,2377,2160,1969,1693,1488,1062,2976,1748,1768,1627,2504,1386,1827,1597,4116,5827,2335,1366,1297,2388,1827,1348,1363,1801,3272,3189,2397,1737,1569,3328,2271,1680,1993,2291,4665,4712,5610,4327,2117,3820,4185,1368,1531,2031,1655,1615,1250,1212,3623,2120,1938,3657,1054,1055
1003,859,1758,2040,565,254,1863,316,512,1324,1107,916,640,435,9,1923,695,715,574,1451,333,774,544,3063,4774,1282,313,244,1335,774,295,310,748,2219,2136,1344,684,516,2275,1218,627,940,1238,3612,3659,4557,3274,1064,2767,3132,315,478,978,602,562,197,159,2570,1067,885,2604,1055,1
