1716,3100,3728,4674,2349,2015,4122,2119,2296,3238,2838,3010,2858,2183,1875,3892,2412,2594,2439,3235,2095,2748,2373,5015,8338,4135,2210,1929,2813,2685,2040,1956,2447,4065,4123,3228,2287,2307,4338,3145,2271,2744,3452,5782,6612,7199,8067,3021,5757,6683,2339,2847,5116,3372,3075,1895,2359,5830,4242,3486,5209,3243,1734
3100,1384,3396,4342,2017,1683,3790,1787,1964,2906,2506,2678,2526,1851,1543,3560,2080,2262,2107,2903,1763,2416,2041,4683,8006,3803,1878,1597,2481,2353,1708,1624,2115,3733,3791,2896,1955,1975,4006,2813,1939,2412,3120,5450,6280,6867,7735,2689,5425,6351,2007,2515,4784,3040,2743,1563,2027,5498,3910,3154,4877,2911,1402
3728,3396,2012,4970,2645,2311,4418,2415,2592,3534,3134,3306,3154,2479,2171,4188,2708,2890,2735,3531,2391,3044,2669,5311,8634,4431,2506,2225,3109,2981,2336,2252,2743,4361,4419,3524,2583,2603,4634,3441,2567,3040,3748,6078,6908,7495,8363,3317,6053,6979,2635,3143,5412,3668,3371,2191,2655,6126,4538,3782,5505,3539,2030
4674,4342,4970,2958,3591,3257,5364,3361,3538,4480,4080,4252,4100,3425,3117,5134,3654,3836,3681,4477,3337,3990,3615,6257,9580,5377,3452,3171,4055,3927,3282,3198,3689,5307,5365,4470,3529,3549,5580,4387,3513,3986,4694,7024,7854,8441,9309,4263,6999,7925,3581,4089,6358,4614,4317,3137,3601,7072,5484,4728,6451,4485,2976
2349,2017,2645,3591,633,932,3039,1036,1213,2155,1755,1927,1775,1100,792,2809,1329,1511,1356,2152,1012,1665,1290,3932,7255,3052,1127,846,1730,1602,957,873,1364,2982,3040,2145,1204,1224,3255,2062,1188,1661,2369,4699,5529,6116,6984,1938,4674,5600,1256,1764,4033,2289,1992,812,1276,4747,3159,2403,4126,2160,651
2015,1683,2311,3257,932,299,2705,702,879,1821,1421,1593,1441,766,458,2475,995,1177,1022,1818,678,1331,956,3598,6921,2718,793,512,1396,1268,623,539,1030,2648,2706,1811,870,890,2921,1728,854,1327,2035,4365,5195,5782,6650,1604,4340,5266,922,1430,3699,1955,1658,478,942,4413,2825,2069,3792,1826,317
4122,3790,4418,5364,3039,2705,2406,2809,2986,3928,3528,3700,3548,2873,2565,4582,3102,3284,3129,3925,2785,3438,3063,5705,9028,4825,2900,2619,3503,3375,2730,2646,3137,4755,4813,3918,2977,2997,5028,3835,2961,3434,4142,6472,7302,7889,8757,3711,6447,7373,3029,3537,5806,4062,3765,2585,3049,6520,4932,4176,5899,3933,2424
2119,1787,2415,3361,1036,702,2809,403,983,1925,1525,1697,1545,870,562,2579,1099,1281,1126,1922,782,1435,1060,3702,7025,2822,897,616,1500,1372,727,643,1134,2752,2810,1915,974,994,3025,1832,958,1431,2139,4469,5299,5886,6754,1708,4444,5370,1026,1534,3803,2059,1762,582,1046,4517,2929,2173,3896,1930,421
2296,1964,2592,3538,1213,879,2986,983,580,2102,1702,1874,1722,1047,739,2756,1276,1458,1303,2099,959,1612,1237,3879,7202,2999,1074,793,1677,1549,904,820,1311,2929,2987,2092,1151,1171,3202,2009,1135,1608,2316,4646,5476,6063,6931,1885,4621,5547,1203,1711,3980,2236,1939,759,1223,4694,3106,2350,4073,2107,598
3238,2906,3534,4480,2155,1821,3928,1925,2102,1522,2644,2816,2664,1989,1681,3698,2218,2400,2245,3041,1901,2554,2179,4821,8144,3941,2016,1735,2619,2491,1846,1762,2253,3871,3929,3034,2093,2113,4144,2951,2077,2550,3258,5588,6418,7005,7873,2827,5563,6489,2145,2653,4922,3178,2881,1701,2165,5636,4048,3292,5015,3049,1540
2838,2506,3134,4080,1755,1421,3528,1525,1702,2644,1122,2416,2264,1589,1281,3298,1818,2000,1845,2641,1501,2154,1779,4421,7744,3541,1616,1335,2219,2091,1446,1362,1853,3471,3529,2634,1693,1713,3744,2551,1677,2150,2858,5188,6018,6605,7473,2427,5163,6089,1745,2253,4522,2778,2481,1301,1765,5236,3648,2892,4615,2649,1140
3010,2678,3306,4252,1927,1593,3700,1697,1874,2816,2416,1294,2436,1761,1453,3470,1990,2172,2017,2813,1673,2326,1951,4593,7916,3713,1788,1507,2391,2263,1618,1534,2025,3643,3701,2806,1865,1885,3916,2723,1849,2322,3030,5360,6190,6777,7645,2599,5335,6261,1917,2425,4694,2950,2653,1473,1937,5408,3820,3064,4787,2821,1312
2858,2526,3154,4100,1775,1441,3548,1545,1722,2664,2264,2436,1142,1609,1301,3318,1838,2020,1865,2661,1521,2174,1799,4441,7764,3561,1636,1355,2239,2111,1466,1382,1873,3491,3549,2654,1713,1733,3764,2571,1697,2170,2878,5208,6038,6625,7493,2447,5183,6109,1765,2273,4542,2798,2501,1321,1785,5256,3668,2912,4635,2669,1160
2183,1851,2479,3425,1100,766,2873,870,1047,1989,1589,1761,1609,467,626,2643,1163,1345,1190,1986,846,1499,1124,3766,7089,2886,961,680,1564,1436,791,707,1198,2816,2874,1979,1038,1058,3089,1896,1022,1495,2203,4533,5363,5950,6818,1772,4508,5434,1090,1598,3867,2123,1826,646,1110,4581,2993,2237,3960,1994,485
1875,1543,2171,3117,792,458,2565,562,739,1681,1281,1453,1301,626,159,2335,855,1037,882,1678,538,1191,816,3458,6781,2578,653,372,1256,1128,483,399,890,2508,2566,1671,730,750,2781,1588,714,1187,1895,4225,5055,5642,6510,1464,4200,5126,782,1290,3559,1815,1518,338,802,4273,2685,1929,3652,1686,177
3892,3560,4188,5134,2809,2475,4582,2579,2756,3698,3298,3470,3318,2643,2335,2176,2872,3054,2899,3695,2555,3208,2833,5475,8798,4595,2670,2389,3273,3145,2500,2416,2907,4525,4583,3688,2747,2767,4798,3605,2731,3204,3912,6242,7072,7659,8527,3481,6217,7143,2799,3307,5576,3832,3535,2355,2819,6290,4702,3946,5669,3703,2194
2412,2080,2708,3654,1329,995,3102,1099,1276,2218,1818,1990,1838,1163,855,2872,696,1574,1419,2215,1075,1728,1353,3995,7318,3115,1190,909,1793,1665,1020,936,1427,3045,3103,2208,1267,1287,3318,2125,1251,1724,2432,4762,5592,6179,7047,2001,4737,5663,1319,1827,4096,2352,2055,875,1339,4810,3222,2466,4189,2223,714
2594,2262,2890,3836,1511,1177,3284,1281,1458,2400,2000,2172,2020,1345,1037,3054,1574,878,1601,2397,1257,1910,1535,4177,7500,3297,1372,1091,1975,1847,1202,1118,1609,3227,3285,2390,1449,1469,3500,2307,1433,1906,2614,4944,5774,6361,7229,2183,4919,5845,1501,2009,4278,2534,2237,1057,1521,4992,3404,2648,4371,2405,896
2439,2107,2735,3681,1356,1022,3129,1126,1303,2245,1845,2017,1865,1190,882,2899,1419,1601,723,2242,1102,1755,1380,4022,7345,3142,1217,936,1820,1692,1047,963,1454,3072,3130,2235,1294,1314,3345,2152,1278,1751,2459,4789,5619,6206,7074,2028,4764,5690,1346,1854,4123,2379,2082,902,1366,4837,3249,2493,4216,2250,741
3235,2903,3531,4477,2152,1818,3925,1922,2099,3041,2641,2813,2661,1986,1678,3695,2215,2397,2242,1519,1898,2551,2176,4818,8141,3938,2013,1732,2616,2488,1843,1759,2250,3868,3926,3031,2090,2110,4141,2948,2074,2547,3255,5585,6415,7002,7870,2824,5560,6486,2142,2650,4919,3175,2878,1698,2162,5633,4045,3289,5012,3046,1537
2095,1763,2391,3337,1012,678,2785,782,959,1901,1501,1673,1521,846,538,2555,1075,1257,1102,1898,379,1411,1036,3678,7001,2798,873,592,1476,1348,703,619,1110,2728,2786,1891,950,970,3001,1808,934,1407,2115,4445,5275,5862,6730,1684,4420,5346,1002,1510,3779,2035,1738,558,1022,4493,2905,2149,3872,1906,397
2748,2416,3044,3990,1665,1331,3438,1435,1612,2554,2154,2326,2174,1499,1191,3208,1728,1910,1755,2551,1411,1032,1689,4331,7654,3451,1526,1245,2129,2001,1356,1272,1763,3381,3439,2544,1603,1623,3654,2461,1587,2060,2768,5098,5928,6515,7383,2337,5073,5999,1655,2163,4432,2688,2391,1211,1675,5146,3558,2802,4525,2559,1050
2373,2041,2669,3615,1290,956,3063,1060,1237,2179,1779,1951,1799,1124,816,2833,1353,1535,1380,2176,1036,1689,657,3956,7279,3076,1151,870,1754,1626,981,897,1388,3006,3064,2169,1228,1248,3279,2086,1212,1685,2393,4723,5553,6140,7008,1962,4698,5624,1280,1788,4057,2313,2016,836,1300,4771,3183,2427,4150,2184,675
5015,4683,5311,6257,3932,3598,5705,3702,3879,4821,4421,4593,4441,3766,3458,5475,3995,4177,4022,4818,3678,4331,3956,3299,9921,5718,3793,3512,4396,4268,3623,3539,4030,5648,5706,4811,3870,3890,5921,4728,3854,4327,5035,7365,8195,8782,9650,4604,7340,8266,3922,4430,6699,4955,4658,3478,3942,7413,5825,5069,6792,4826,3317
8338,8006,8634,9580,7255,6921,9028,7025,7202,8144,7744,7916,7764,7089,6781,8798,7318,7500,7345,8141,7001,7654,7279,9921,6622,9041,7116,6835,7719,7591,6946,6862,7353,8971,9029,8134,7193,7213,9244,8051,7177,7650,8358,10688,11518,12105,12973,7927,10663,11589,7245,7753,10022,8278,7981,6801,7265,10736,9148,8392,10115,8149,6640
4135,3803,4431,5377,3052,2718,4825,2822,2999,3941,3541,3713,3561,2886,2578,4595,3115,3297,3142,3938,2798,3451,3076,5718,9041,2419,2913,2632,3516,3388,2743,2659,3150,4768,4826,3931,2990,3010,5041,3848,2974,3447,4155,6485,7315,7902,8770,3724,6460,7386,3042,3550,5819,4075,3778,2598,3062,6533,4945,4189,5912,3946,2437
2210,1878,2506,3452,1127,793,2900,897,1074,2016,1616,1788,1636,961,653,2670,1190,1372,1217,2013,873,1526,1151,3793,7116,2913,494,707,1591,1463,818,734,1225,2843,2901,2006,1065,1085,3116,1923,1049,1522,2230,4560,5390,5977,6845,1799,4535,5461,1117,1625,3894,2150,1853,673,1137,4608,3020,2264,3987,2021,512
1929,1597,2225,3171,846,512,2619,616,793,1735,1335,1507,1355,680,372,2389,909,1091,936,1732,592,1245,870,3512,6835,2632,707,213,1310,1182,537,453,944,2562,2620,1725,784,804,2835,1642,768,1241,1949,4279,5109,5696,6564,1518,4254,5180,836,1344,3613,1869,1572,392,856,4327,2739,1983,3706,1740,231
2813,2481,3109,4055,1730,1396,3503,1500,1677,2619,2219,2391,2239,1564,1256,3273,1793,1975,1820,2616,1476,2129,1754,4396,7719,3516,1591,1310,1097,2066,1421,1337,1828,3446,3504,2609,1668,1688,3719,2526,1652,2125,2833,5163,5993,6580,7448,2402,5138,6064,1720,2228,4497,2753,2456,1276,1740,5211,3623,2867,4590,2624,1115
2685,2353,2981,3927,1602,1268,3375,1372,1549,2491,2091,2263,2111,1436,1128,3145,1665,1847,1692,2488,1348,2001,1626,4268,7591,3388,1463,1182,2066,969,1293,1209,1700,3318,3376,2481,1540,1560,3591,2398,1524,1997,2705,5035,5865,6452,7320,2274,5010,5936,1592,2100,4369,2625,2328,1148,1612,5083,3495,2739,4462,2496,987
2040,1708,2336,3282,957,623,2730,727,904,1846,1446,1618,1466,791,483,2500,1020,1202,1047,1843,703,1356,981,3623,6946,2743,818,537,1421,1293,324,564,1055,2673,2731,1836,895,915,2946,1753,879,1352,2060,4390,5220,5807,6675,1629,4365,5291,947,1455,3724,1980,1683,503,967,4438,2850,2094,3817,1851,342
1956,1624,2252,3198,873,539,2646,643,820,1762,1362,1534,1382,707,399,2416,936,1118,963,1759,619,1272,897,3539,6862,2659,734,453,1337,1209,564,240,971,2589,2647,1752,811,831,2862,1669,795,1268,1976,4306,5136,5723,6591,1545,4281,5207,863,1371,3640,1896,1599,419,883,4354,2766,2010,3733,1767,258
2447,2115,2743,3689,1364,1030,3137,1134,1311,2253,1853,2025,1873,1198,890,2907,1427,1609,1454,2250,1110,1763,1388,4030,7353,3150,1225,944,1828,1700,1055,971,731,3080,3138,2243,1302,1322,3353,2160,1286,1759,2467,4797,5627,6214,7082,2036,4772,5698,1354,1862,4131,2387,2090,910,1374,4845,3257,2501,4224,2258,749
4065,3733,4361,5307,2982,2648,4755,2752,2929,3871,3471,3643,3491,2816,2508,4525,3045,3227,3072,3868,2728,3381,3006,5648,8971,4768,2843,2562,3446,3318,2673,2589,3080,2349,4756,3861,2920,2940,4971,3778,2904,3377,4085,6415,7245,7832,8700,3654,6390,7316,2972,3480,5749,4005,3708,2528,2992,6463,4875,4119,5842,3876,2367
4123,3791,4419,5365,3040,2706,4813,2810,2987,3929,3529,3701,3549,2874,2566,4583,3103,3285,3130,3926,2786,3439,3064,5706,9029,4826,2901,2620,3504,3376,2731,2647,3138,4756,2407,3919,2978,2998,5029,3836,2962,3435,4143,6473,7303,7890,8758,3712,6448,7374,3030,3538,5807,4063,3766,2586,3050,6521,4933,4177,5900,3934,2425
3228,2896,3524,4470,2145,1811,3918,1915,2092,3034,2634,2806,2654,1979,1671,3688,2208,2390,2235,3031,1891,2544,2169,4811,8134,3931,2006,1725,2609,2481,1836,1752,2243,3861,3919,1512,2083,2103,4134,2941,2067,2540,3248,5578,6408,6995,7863,2817,5553,6479,2135,2643,4912,3168,2871,1691,2155,5626,4038,3282,5005,3039,1530
2287,1955,2583,3529,1204,870,2977,974,1151,2093,1693,1865,1713,1038,730,2747,1267,1449,1294,2090,950,1603,1228,3870,7193,2990,1065,784,1668,1540,895,811,1302,2920,2978,2083,571,1162,3193,2000,1126,1599,2307,4637,5467,6054,6922,1876,4612,5538,1194,1702,3971,2227,1930,750,1214,4685,3097,2341,4064,2098,589
2307,1975,2603,3549,1224,890,2997,994,1171,2113,1713,1885,1733,1058,750,2767,1287,1469,1314,2110,970,1623,1248,3890,7213,3010,1085,804,1688,1560,915,831,1322,2940,2998,2103,1162,591,3213,2020,1146,1619,2327,4657,5487,6074,6942,1896,4632,5558,1214,1722,3991,2247,1950,770,1234,4705,3117,2361,4084,2118,609
4338,4006,4634,5580,3255,2921,5028,3025,3202,4144,3744,3916,3764,3089,2781,4798,3318,3500,3345,4141,3001,3654,3279,5921,9244,5041,3116,2835,3719,3591,2946,2862,3353,4971,5029,4134,3193,3213,2622,4051,3177,3650,4358,6688,7518,8105,8973,3927,6663,7589,3245,3753,6022,4278,3981,2801,3265,6736,5148,4392,6115,4149,2640
3145,2813,3441,4387,2062,1728,3835,1832,2009,2951,2551,2723,2571,1896,1588,3605,2125,2307,2152,2948,1808,2461,2086,4728,8051,3848,1923,1642,2526,2398,1753,1669,2160,3778,3836,2941,2000,2020,4051,1429,1984,2457,3165,5495,6325,6912,7780,2734,5470,6396,2052,2560,4829,3085,2788,1608,2072,5543,3955,3199,4922,2956,1447
2271,1939,2567,3513,1188,854,2961,958,1135,2077,1677,1849,1697,1022,714,2731,1251,1433,1278,2074,934,1587,1212,3854,7177,2974,1049,768,1652,1524,879,795,1286,2904,2962,2067,1126,1146,3177,1984,555,1583,2291,4621,5451,6038,6906,1860,4596,5522,1178,1686,3955,2211,1914,734,1198,4669,3081,2325,4048,2082,573
2744,2412,3040,3986,1661,1327,3434,1431,1608,2550,2150,2322,2170,1495,1187,3204,1724,1906,1751,2547,1407,2060,1685,4327,7650,3447,1522,1241,2125,1997,1352,1268,1759,3377,3435,2540,1599,1619,3650,2457,1583,1028,2764,5094,5924,6511,7379,2333,5069,5995,1651,2159,4428,2684,2387,1207,1671,5142,3554,2798,4521,2555,1046
3452,3120,3748,4694,2369,2035,4142,2139,2316,3258,2858,3030,2878,2203,1895,3912,2432,2614,2459,3255,2115,2768,2393,5035,8358,4155,2230,1949,2833,2705,2060,1976,2467,4085,4143,3248,2307,2327,4358,3165,2291,2764,1736,5802,6632,7219,8087,3041,5777,6703,2359,2867,5136,3392,3095,1915,2379,5850,4262,3506,5229,3263,1754
5782,5450,6078,7024,4699,4365,6472,4469,4646,5588,5188,5360,5208,4533,4225,6242,4762,4944,4789,5585,4445,5098,4723,7365,10688,6485,4560,4279,5163,5035,4390,4306,4797,6415,6473,5578,4637,4657,6688,5495,4621,5094,5802,4066,8962,9549,10417,5371,8107,9033,4689,5197,7466,5722,5425,4245,4709,8180,6592,5836,7559,5593,4084
6612,6280,6908,7854,5529,5195,7302,5299,5476,6418,6018,6190,6038,5363,5055,7072,5592,5774,5619,6415,5275,5928,5553,8195,11518,7315,5390,5109,5993,5865,5220,5136,5627,7245,7303,6408,5467,5487,7518,6325,5451,5924,6632,8962,4896,10379,11247,6201,8937,9863,5519,6027,8296,6552,6255,5075,5539,9010,7422,6666,8389,6423,4914
7199,6867,7495,8441,6116,5782,7889,5886,6063,7005,6605,6777,6625,5950,5642,7659,6179,6361,6206,7002,5862,6515,6140,8782,12105,7902,5977,5696,6580,6452,5807,5723,6214,7832,7890,6995,6054,6074,8105,6912,6038,6511,7219,9549,10379,5483,11834,6788,9524,10450,6106,6614,8883,7139,6842,5662,6126,9597,8009,7253,8976,7010,5501
8067,7735,8363,9309,6984,6650,8757,6754,6931,7873,7473,7645,7493,6818,6510,8527,7047,7229,7074,7870,6730,7383,7008,9650,12973,8770,6845,6564,7448,7320,6675,6591,7082,8700,8758,7863,6922,6942,8973,7780,6906,7379,8087,10417,11247,11834,6351,7656,10392,11318,6974,7482,9751,8007,7710,6530,6994,10465,8877,8121,9844,7878,6369
3021,2689,3317,4263,1938,1604,3711,1708,1885,2827,2427,2599,2447,1772,1464,3481,2001,2183,2028,2824,1684,2337,1962,4604,7927,3724,1799,1518,2402,2274,1629,1545,2036,3654,3712,2817,1876,1896,3927,2734,1860,2333,3041,5371,6201,6788,7656,1305,5346,6272,1928,2436,4705,2961,2664,1484,1948,5419,3831,3075,4798,2832,1323
5757,5425,6053,6999,4674,4340,6447,4444,4621,5563,5163,5335,5183,4508,4200,6217,4737,4919,4764,5560,4420,5073,4698,7340,10663,6460,4535,4254,5138,5010,4365,4281,4772,6390,6448,5553,4612,4632,6663,5470,4596,5069,5777,8107,8937,9524,10392,5346,4041,9008,4664,5172,7441,5697,5400,4220,4684,8155,6567,5811,7534,5568,4059
6683,6351,6979,7925,5600,5266,7373,5370,5547,6489,6089,6261,6109,5434,5126,7143,5663,5845,5690,6486,5346,5999,5624,8266,11589,7386,5461,5180,6064,5936,5291,5207,5698,7316,7374,6479,5538,5558,7589,6396,5522,5995,6703,9033,9863,10450,11318,6272,9008,4967,5590,6098,8367,6623,6326,5146,5610,9081,7493,6737,8460,6494,4985
2339,2007,2635,3581,1256,922,3029,1026,1203,2145,1745,1917,1765,1090,782,2799,1319,1501,1346,2142,1002,1655,1280,3922,7245,3042,1117,836,1720,1592,947,863,1354,2972,3030,2135,1194,1214,3245,2052,1178,1651,2359,4689,5519,6106,6974,1928,4664,5590,623,1754,4023,2279,1982,802,1266,4737,3149,2393,4116,2150,641
2847,2515,3143,4089,1764,1430,3537,1534,1711,2653,2253,2425,2273,1598,1290,3307,1827,2009,1854,2650,1510,2163,1788,4430,7753,3550,1625,1344,2228,2100,1455,1371,1862,3480,3538,2643,1702,1722,3753,2560,1686,2159,2867,5197,6027,6614,7482,2436,5172,6098,1754,1131,4531,2787,2490,1310,1774,5245,3657,2901,4624,2658,1149
5116,4784,5412,6358,4033,3699,5806,3803,3980,4922,4522,4694,4542,3867,3559,5576,4096,4278,4123,4919,3779,4432,4057,6699,10022,5819,3894,3613,4497,4369,3724,3640,4131,5749,5807,4912,3971,3991,6022,4829,3955,4428,5136,7466,8296,8883,9751,4705,7441,8367,4023,4531,3400,5056,4759,3579,4043,7514,5926,5170,6893,4927,3418
3372,3040,3668,4614,2289,1955,4062,2059,2236,3178,2778,2950,2798,2123,1815,3832,2352,2534,2379,3175,2035,2688,2313,4955,8278,4075,2150,1869,2753,2625,1980,1896,2387,4005,4063,3168,2227,2247,4278,3085,2211,2684,3392,5722,6552,7139,8007,2961,5697,6623,2279,2787,5056,1656,3015,1835,2299,5770,4182,3426,5149,3183,1674
3075,2743,3371,4317,1992,1658,3765,1762,1939,2881,2481,2653,2501,1826,1518,3535,2055,2237,2082,2878,1738,2391,2016,4658,7981,3778,1853,1572,2456,2328,1683,1599,2090,3708,3766,2871,1930,1950,3981,2788,1914,2387,3095,5425,6255,6842,7710,2664,5400,6326,1982,2490,4759,3015,1359,1538,2002,5473,3885,3129,4852,2886,1377
1895,1563,2191,3137,812,478,2585,582,759,1701,1301,1473,1321,646,338,2355,875,1057,902,1698,558,1211,836,3478,6801,2598,673,392,1276,1148,503,419,910,2528,2586,1691,750,770,2801,1608,734,1207,1915,4245,5075,5662,6530,1484,4220,5146,802,1310,3579,1835,1538,179,822,4293,2705,1949,3672,1706,197
2359,2027,2655,3601,1276,942,3049,1046,1223,2165,1765,1937,1785,1110,802,2819,1339,1521,1366,2162,1022,1675,1300,3942,7265,3062,1137,856,1740,1612,967,883,1374,2992,3050,2155,1214,1234,3265,2072,1198,1671,2379,4709,5539,6126,6994,1948,4684,5610,1266,1774,4043,2299,2002,822,643,4757,3169,2413,4136,2170,661
5830,5498,6126,7072,4747,4413,6520,4517,4694,5636,5236,5408,5256,4581,4273,6290,4810,4992,4837,5633,4493,5146,4771,7413,10736,6533,4608,4327,5211,5083,4438,4354,4845,6463,6521,5626,4685,4705,6736,5543,4669,5142,5850,8180,9010,9597,10465,5419,8155,9081,4737,5245,7514,5770,5473,4293,4757,4114,6640,5884,7607,5641,4132
4242,3910,4538,5484,3159,2825,4932,2929,3106,4048,3648,3820,3668,2993,2685,4702,3222,3404,3249,4045,2905,3558,3183,5825,9148,4945,3020,2739,3623,3495,2850,2766,3257,4875,4933,4038,3097,3117,5148,3955,3081,3554,4262,6592,7422,8009,8877,3831,6567,7493,3149,3657,5926,4182,3885,2705,3169,6640,2526,4296,6019,4053,2544
3486,3154,3782,4728,2403,2069,4176,2173,2350,3292,2892,3064,2912,2237,1929,3946,2466,2648,2493,3289,2149,2802,2427,5069,8392,4189,2264,1983,2867,2739,2094,2010,2501,4119,4177,3282,2341,2361,4392,3199,2325,2798,3506,5836,6666,7253,8121,3075,5811,6737,2393,2901,5170,3426,3129,1949,2413,5884,4296,1770,5263,3297,1788
5209,4877,5505,6451,4126,3792,5899,3896,4073,5015,4615,4787,4635,3960,3652,5669,4189,4371,4216,5012,3872,4525,4150,6792,10115,5912,3987,3706,4590,4462,3817,3733,4224,5842,5900,5005,4064,4084,6115,4922,4048,4521,5229,7559,8389,8976,9844,4798,7534,8460,4116,4624,6893,5149,4852,3672,4136,7607,6019,5263,3493,5020,3511
3243,2911,3539,4485,2160,1826,3933,1930,2107,3049,2649,2821,2669,1994,1686,3703,2223,2405,2250,3046,1906,2559,2184,4826,8149,3946,2021,1740,2624,2496,1851,1767,2258,3876,3934,3039,2098,2118,4149,2956,2082,2555,3263,5593,6423,7010,7878,2832,5568,6494,2150,2658,4927,3183,2886,1706,2170,5641,4053,3297,5020,1527,1545
1734,1402,2030,2976,651,317,2424,421,598,1540,1140,1312,1160,485,177,2194,714,896,741,1537,397,1050,675,3317,6640,2437,512,231,1115,987,342,258,749,2367,2425,1530,589,609,2640,1447,573,1046,1754,4084,4914,5501,6369,1323,4059,4985,641,1149,3418,1674,1377,197,661,4132,2544,1788,3511,1545,18
