55008,94463,139713,174751,82583,67015,153696,69685,81909,113631,99527,101609,87420,75753,60126,141859,85463,92618,83973,116633,69794,91004,82499,190426,289811,137823,76465,65398,99863,96436,69192,67234,85584,154630,163824,118554,81060,78679,145045,114415,80068,98091,106238,207600,221128,274444,324762,105165,195484,231992,81122,86624,159027,110116,99421,65406,71105,213022,156039,126844,179757,130554,58535
94463,39455,124160,159198,67030,51462,138143,54132,66356,98078,83974,86056,71867,60200,44573,126306,69910,77065,68420,101080,54241,75451,66946,174873,274258,122270,60912,49845,84310,80883,53639,51681,70031,139077,148271,103001,65507,63126,129492,98862,64515,82538,90685,192047,205575,258891,309209,89612,179931,216439,65569,71071,143474,94563,83868,49853,55552,197469,140486,111291,164204,115001,42982
139713,124160,84705,204448,112280,96712,183393,99382,111606,143328,129224,131306,117117,105450,89823,171556,115160,122315,113670,146330,99491,120701,112196,220123,319508,167520,106162,95095,129560,126133,98889,96931,115281,184327,193521,148251,110757,108376,174742,144112,109765,127788,135935,237297,250825,304141,354459,134862,225181,261689,110819,116321,188724,139813,129118,95103,100802,242719,185736,156541,209454,160251,88232
174751,159198,204448,119743,147318,131750,218431,134420,146644,178366,164262,166344,152155,140488,124861,206594,150198,157353,148708,181368,134529,155739,147234,255161,354546,202558,141200,130133,164598,161171,133927,131969,150319,219365,228559,183289,145795,143414,209780,179150,144803,162826,170973,272335,285863,339179,389497,169900,260219,296727,145857,151359,223762,174851,164156,130141,135840,277757,220774,191579,244492,195289,123270
82583,67030,112280,147318,27575,39582,126263,42252,54476,86198,72094,74176,59987,48320,32693,114426,58030,65185,56540,89200,42361,63571,55066,162993,262378,110390,49032,37965,72430,69003,41759,39801,58151,127197,136391,91121,53627,51246,117612,86982,52635,70658,78805,180167,193695,247011,297329,77732,168051,204559,53689,59191,131594,82683,71988,37973,43672,185589,128606,99411,152324,103121,31102
67015,51462,96712,131750,39582,12007,110695,26684,38908,70630,56526,58608,44419,32752,17125,98858,42462,49617,40972,73632,26793,48003,39498,147425,246810,94822,33464,22397,56862,53435,26191,24233,42583,111629,120823,75553,38059,35678,102044,71414,37067,55090,63237,164599,178127,231443,281761,62164,152483,188991,38121,43623,116026,67115,56420,22405,28104,170021,113038,83843,136756,87553,15534
153696,138143,183393,218431,126263,110695,98688,113365,125589,157311,143207,145289,131100,119433,103806,185539,129143,136298,127653,160313,113474,134684,126179,234106,333491,181503,120145,109078,143543,140116,112872,110914,129264,198310,207504,162234,124740,122359,188725,158095,123748,141771,149918,251280,264808,318124,368442,148845,239164,275672,124802,130304,202707,153796,143101,109086,114785,256702,199719,170524,223437,174234,102215
69685,54132,99382,134420,42252,26684,113365,14677,41578,73300,59196,61278,47089,35422,19795,101528,45132,52287,43642,76302,29463,50673,42168,150095,249480,97492,36134,25067,59532,56105,28861,26903,45253,114299,123493,78223,40729,38348,104714,74084,39737,57760,65907,167269,180797,234113,284431,64834,155153,191661,40791,46293,118696,69785,59090,25075,30774,172691,115708,86513,139426,90223,18204
81909,66356,111606,146644,54476,38908,125589,41578,26901,85524,71420,73502,59313,47646,32019,113752,57356,64511,55866,88526,41687,62897,54392,162319,261704,109716,48358,37291,71756,68329,41085,39127,57477,126523,135717,90447,52953,50572,116938,86308,51961,69984,78131,179493,193021,246337,296655,77058,167377,203885,53015,58517,130920,82009,71314,37299,42998,184915,127932,98737,151650,102447,30428
113631,98078,143328,178366,86198,70630,157311,73300,85524,58623,103142,105224,91035,79368,63741,145474,89078,96233,87588,120248,73409,94619,86114,194041,293426,141438,80080,69013,103478,100051,72807,70849,89199,158245,167439,122169,84675,82294,148660,118030,83683,101706,109853,211215,224743,278059,328377,108780,199099,235607,84737,90239,162642,113731,103036,69021,74720,216637,159654,130459,183372,134169,62150
99527,83974,129224,164262,72094,56526,143207,59196,71420,103142,44519,91120,76931,65264,49637,131370,74974,82129,73484,106144,59305,80515,72010,179937,279322,127334,65976,54909,89374,85947,58703,56745,75095,144141,153335,108065,70571,68190,134556,103926,69579,87602,95749,197111,210639,263955,314273,94676,184995,221503,70633,76135,148538,99627,88932,54917,60616,202533,145550,116355,169268,120065,48046
101609,86056,131306,166344,74176,58608,145289,61278,73502,105224,91120,46601,79013,67346,51719,133452,77056,84211,75566,108226,61387,82597,74092,182019,281404,129416,68058,56991,91456,88029,60785,58827,77177,146223,155417,110147,72653,70272,136638,106008,71661,89684,97831,199193,212721,266037,316355,96758,187077,223585,72715,78217,150620,101709,91014,56999,62698,204615,147632,118437,171350,122147,50128
87420,71867,117117,152155,59987,44419,131100,47089,59313,91035,76931,79013,32412,53157,37530,119263,62867,70022,61377,94037,47198,68408,59903,167830,267215,115227,53869,42802,77267,73840,46596,44638,62988,132034,141228,95958,58464,56083,122449,91819,57472,75495,83642,185004,198532,251848,302166,82569,172888,209396,58526,64028,136431,87520,76825,42810,48509,190426,133443,104248,157161,107958,35939
75753,60200,105450,140488,48320,32752,119433,35422,47646,79368,65264,67346,53157,20745,25863,107596,51200,58355,49710,82370,35531,56741,48236,156163,255548,103560,42202,31135,65600,62173,34929,32971,51321,120367,129561,84291,46797,44416,110782,80152,45805,63828,71975,173337,186865,240181,290499,70902,161221,197729,46859,52361,124764,75853,65158,31143,36842,178759,121776,92581,145494,96291,24272
60126,44573,89823,124861,32693,17125,103806,19795,32019,63741,49637,51719,37530,25863,5118,91969,35573,42728,34083,66743,19904,41114,32609,140536,239921,87933,26575,15508,49973,46546,19302,17344,35694,104740,113934,68664,31170,28789,95155,64525,30178,48201,56348,157710,171238,224554,274872,55275,145594,182102,31232,36734,109137,60226,49531,15516,21215,163132,106149,76954,129867,80664,8645
141859,126306,171556,206594,114426,98858,185539,101528,113752,145474,131370,133452,119263,107596,91969,86851,117306,124461,115816,148476,101637,122847,114342,222269,321654,169666,108308,97241,131706,128279,101035,99077,117427,186473,195667,150397,112903,110522,176888,146258,111911,129934,138081,239443,252971,306287,356605,137008,227327,263835,112965,118467,190870,141959,131264,97249,102948,244865,187882,158687,211600,162397,90378
85463,69910,115160,150198,58030,42462,129143,45132,57356,89078,74974,77056,62867,51200,35573,117306,30455,68065,59420,92080,45241,66451,57946,165873,265258,113270,51912,40845,75310,71883,44639,42681,61031,130077,139271,94001,56507,54126,120492,89862,55515,73538,81685,183047,196575,249891,300209,80612,170931,207439,56569,62071,134474,85563,74868,40853,46552,188469,131486,102291,155204,106001,33982
92618,77065,122315,157353,65185,49617,136298,52287,64511,96233,82129,84211,70022,58355,42728,124461,68065,37610,66575,99235,52396,73606,65101,173028,272413,120425,59067,48000,82465,79038,51794,49836,68186,137232,146426,101156,63662,61281,127647,97017,62670,80693,88840,190202,203730,257046,307364,87767,178086,214594,63724,69226,141629,92718,82023,48008,53707,195624,138641,109446,162359,113156,41137
83973,68420,113670,148708,56540,40972,127653,43642,55866,87588,73484,75566,61377,49710,34083,115816,59420,66575,28965,90590,43751,64961,56456,164383,263768,111780,50422,39355,73820,70393,43149,41191,59541,128587,137781,92511,55017,52636,119002,88372,54025,72048,80195,181557,195085,248401,298719,79122,169441,205949,55079,60581,132984,84073,73378,39363,45062,186979,129996,100801,153714,104511,32492
116633,101080,146330,181368,89200,73632,160313,76302,88526,120248,106144,108226,94037,82370,66743,148476,92080,99235,90590,61625,76411,97621,89116,197043,296428,144440,83082,72015,106480,103053,75809,73851,92201,161247,170441,125171,87677,85296,151662,121032,86685,104708,112855,214217,227745,281061,331379,111782,202101,238609,87739,93241,165644,116733,106038,72023,77722,219639,162656,133461,186374,137171,65152
69794,54241,99491,134529,42361,26793,113474,29463,41687,73409,59305,61387,47198,35531,19904,101637,45241,52396,43751,76411,14786,50782,42277,150204,249589,97601,36243,25176,59641,56214,28970,27012,45362,114408,123602,78332,40838,38457,104823,74193,39846,57869,66016,167378,180906,234222,284540,64943,155262,191770,40900,46402,118805,69894,59199,25184,30883,172800,115817,86622,139535,90332,18313
91004,75451,120701,155739,63571,48003,134684,50673,62897,94619,80515,82597,68408,56741,41114,122847,66451,73606,64961,97621,50782,35996,63487,171414,270799,118811,57453,46386,80851,77424,50180,48222,66572,135618,144812,99542,62048,59667,126033,95403,61056,79079,87226,188588,202116,255432,305750,86153,176472,212980,62110,67612,140015,91104,80409,46394,52093,194010,137027,107832,160745,111542,39523
82499,66946,112196,147234,55066,39498,126179,42168,54392,86114,72010,74092,59903,48236,32609,114342,57946,65101,56456,89116,42277,63487,27491,162909,262294,110306,48948,37881,72346,68919,41675,39717,58067,127113,136307,91037,53543,51162,117528,86898,52551,70574,78721,180083,193611,246927,297245,77648,167967,204475,53605,59107,131510,82599,71904,37889,43588,185505,128522,99327,152240,103037,31018
190426,174873,220123,255161,162993,147425,234106,150095,162319,194041,179937,182019,167830,156163,140536,222269,165873,173028,164383,197043,150204,171414,162909,135418,370221,218233,156875,145808,180273,176846,149602,147644,165994,235040,244234,198964,161470,159089,225455,194825,160478,178501,186648,288010,301538,354854,405172,185575,275894,312402,161532,167034,239437,190526,179831,145816,151515,293432,236449,207254,260167,210964,138945
289811,274258,319508,354546,262378,246810,333491,249480,261704,293426,279322,281404,267215,255548,239921,321654,265258,272413,263768,296428,249589,270799,262294,370221,234803,317618,256260,245193,279658,276231,248987,247029,265379,334425,343619,298349,260855,258474,324840,294210,259863,277886,286033,387395,400923,454239,504557,284960,375279,411787,260917,266419,338822,289911,279216,245201,250900,392817,335834,306639,359552,310349,238330
137823,122270,167520,202558,110390,94822,181503,97492,109716,141438,127334,129416,115227,103560,87933,169666,113270,120425,111780,144440,97601,118811,110306,218233,317618,82815,104272,93205,127670,124243,96999,95041,113391,182437,191631,146361,108867,106486,172852,142222,107875,125898,134045,235407,248935,302251,352569,132972,223291,259799,108929,114431,186834,137923,127228,93213,98912,240829,183846,154651,207564,158361,86342
76465,60912,106162,141200,49032,33464,120145,36134,48358,80080,65976,68058,53869,42202,26575,108308,51912,59067,50422,83082,36243,57453,48948,156875,256260,104272,21457,31847,66312,62885,35641,33683,52033,121079,130273,85003,47509,45128,111494,80864,46517,64540,72687,174049,187577,240893,291211,71614,161933,198441,47571,53073,125476,76565,65870,31855,37554,179471,122488,93293,146206,97003,24984
65398,49845,95095,130133,37965,22397,109078,25067,37291,69013,54909,56991,42802,31135,15508,97241,40845,48000,39355,72015,25176,46386,37881,145808,245193,93205,31847,10390,55245,51818,24574,22616,40966,110012,119206,73936,36442,34061,100427,69797,35450,53473,61620,162982,176510,229826,280144,60547,150866,187374,36504,42006,114409,65498,54803,20788,26487,168404,111421,82226,135139,85936,13917
99863,84310,129560,164598,72430,56862,143543,59532,71756,103478,89374,91456,77267,65600,49973,131706,75310,82465,73820,106480,59641,80851,72346,180273,279658,127670,66312,55245,44855,86283,59039,57081,75431,144477,153671,108401,70907,68526,134892,104262,69915,87938,96085,197447,210975,264291,314609,95012,185331,221839,70969,76471,148874,99963,89268,55253,60952,202869,145886,116691,169604,120401,48382
96436,80883,126133,161171,69003,53435,140116,56105,68329,100051,85947,88029,73840,62173,46546,128279,71883,79038,70393,103053,56214,77424,68919,176846,276231,124243,62885,51818,86283,41428,55612,53654,72004,141050,150244,104974,67480,65099,131465,100835,66488,84511,92658,194020,207548,260864,311182,91585,181904,218412,67542,73044,145447,96536,85841,51826,57525,199442,142459,113264,166177,116974,44955
69192,53639,98889,133927,41759,26191,112872,28861,41085,72807,58703,60785,46596,34929,19302,101035,44639,51794,43149,75809,28970,50180,41675,149602,248987,96999,35641,24574,59039,55612,14184,26410,44760,113806,123000,77730,40236,37855,104221,73591,39244,57267,65414,166776,180304,233620,283938,64341,154660,191168,40298,45800,118203,69292,58597,24582,30281,172198,115215,86020,138933,89730,17711
67234,51681,96931,131969,39801,24233,110914,26903,39127,70849,56745,58827,44638,32971,17344,99077,42681,49836,41191,73851,27012,48222,39717,147644,247029,95041,33683,22616,57081,53654,26410,12226,42802,111848,121042,75772,38278,35897,102263,71633,37286,55309,63456,164818,178346,231662,281980,62383,152702,189210,38340,43842,116245,67334,56639,22624,28323,170240,113257,84062,136975,87772,15753
85584,70031,115281,150319,58151,42583,129264,45253,57477,89199,75095,77177,62988,51321,35694,117427,61031,68186,59541,92201,45362,66572,58067,165994,265379,113391,52033,40966,75431,72004,44760,42802,30576,130198,139392,94122,56628,54247,120613,89983,55636,73659,81806,183168,196696,250012,300330,80733,171052,207560,56690,62192,134595,85684,74989,40974,46673,188590,131607,102412,155325,106122,34103
154630,139077,184327,219365,127197,111629,198310,114299,126523,158245,144141,146223,132034,120367,104740,186473,130077,137232,128587,161247,114408,135618,127113,235040,334425,182437,121079,110012,144477,141050,113806,111848,130198,99622,208438,163168,125674,123293,189659,159029,124682,142705,150852,252214,265742,319058,369376,149779,240098,276606,125736,131238,203641,154730,144035,110020,115719,257636,200653,171458,224371,175168,103149
163824,148271,193521,228559,136391,120823,207504,123493,135717,167439,153335,155417,141228,129561,113934,195667,139271,146426,137781,170441,123602,144812,136307,244234,343619,191631,130273,119206,153671,150244,123000,121042,139392,208438,108816,172362,134868,132487,198853,168223,133876,151899,160046,261408,274936,328252,378570,158973,249292,285800,134930,140432,212835,163924,153229,119214,124913,266830,209847,180652,233565,184362,112343
118554,103001,148251,183289,91121,75553,162234,78223,90447,122169,108065,110147,95958,84291,68664,150397,94001,101156,92511,125171,78332,99542,91037,198964,298349,146361,85003,73936,108401,104974,77730,75772,94122,163168,172362,63546,89598,87217,153583,122953,88606,106629,114776,216138,229666,282982,333300,113703,204022,240530,89660,95162,167565,118654,107959,73944,79643,221560,164577,135382,188295,139092,67073
81060,65507,110757,145795,53627,38059,124740,40729,52953,84675,70571,72653,58464,46797,31170,112903,56507,63662,55017,87677,40838,62048,53543,161470,260855,108867,47509,36442,70907,67480,40236,38278,56628,125674,134868,89598,26052,49723,116089,85459,51112,69135,77282,178644,192172,245488,295806,76209,166528,203036,52166,57668,130071,81160,70465,36450,42149,184066,127083,97888,150801,101598,29579
78679,63126,108376,143414,51246,35678,122359,38348,50572,82294,68190,70272,56083,44416,28789,110522,54126,61281,52636,85296,38457,59667,51162,159089,258474,106486,45128,34061,68526,65099,37855,35897,54247,123293,132487,87217,49723,23671,113708,83078,48731,66754,74901,176263,189791,243107,293425,73828,164147,200655,49785,55287,127690,78779,68084,34069,39768,181685,124702,95507,148420,99217,27198
145045,129492,174742,209780,117612,102044,188725,104714,116938,148660,134556,136638,122449,110782,95155,176888,120492,127647,119002,151662,104823,126033,117528,225455,324840,172852,111494,100427,134892,131465,104221,102263,120613,189659,198853,153583,116089,113708,90037,149444,115097,133120,141267,242629,256157,309473,359791,140194,230513,267021,116151,121653,194056,145145,134450,100435,106134,248051,191068,161873,214786,165583,93564
114415,98862,144112,179150,86982,71414,158095,74084,86308,118030,103926,106008,91819,80152,64525,146258,89862,97017,88372,121032,74193,95403,86898,194825,294210,142222,80864,69797,104262,100835,73591,71633,89983,159029,168223,122953,85459,83078,149444,59407,84467,102490,110637,211999,225527,278843,329161,109564,199883,236391,85521,91023,163426,114515,103820,69805,75504,217421,160438,131243,184156,134953,62934
80068,64515,109765,144803,52635,37067,123748,39737,51961,83683,69579,71661,57472,45805,30178,111911,55515,62670,54025,86685,39846,61056,52551,160478,259863,107875,46517,35450,69915,66488,39244,37286,55636,124682,133876,88606,51112,48731,115097,84467,25060,68143,76290,177652,191180,244496,294814,75217,165536,202044,51174,56676,129079,80168,69473,35458,41157,183074,126091,96896,149809,100606,28587
98091,82538,127788,162826,70658,55090,141771,57760,69984,101706,87602,89684,75495,63828,48201,129934,73538,80693,72048,104708,57869,79079,70574,178501,277886,125898,64540,53473,87938,84511,57267,55309,73659,142705,151899,106629,69135,66754,133120,102490,68143,43083,94313,195675,209203,262519,312837,93240,183559,220067,69197,74699,147102,98191,87496,53481,59180,201097,144114,114919,167832,118629,46610
106238,90685,135935,170973,78805,63237,149918,65907,78131,109853,95749,97831,83642,71975,56348,138081,81685,88840,80195,112855,66016,87226,78721,186648,286033,134045,72687,61620,96085,92658,65414,63456,81806,150852,160046,114776,77282,74901,141267,110637,76290,94313,51230,203822,217350,270666,320984,101387,191706,228214,77344,82846,155249,106338,95643,61628,67327,209244,152261,123066,175979,126776,54757
207600,192047,237297,272335,180167,164599,251280,167269,179493,211215,197111,199193,185004,173337,157710,239443,183047,190202,181557,214217,167378,188588,180083,288010,387395,235407,174049,162982,197447,194020,166776,164818,183168,252214,261408,216138,178644,176263,242629,211999,177652,195675,203822,152592,318712,372028,422346,202749,293068,329576,178706,184208,256611,207700,197005,162990,168689,310606,253623,224428,277341,228138,156119
221128,205575,250825,285863,193695,178127,264808,180797,193021,224743,210639,212721,198532,186865,171238,252971,196575,203730,195085,227745,180906,202116,193611,301538,400923,248935,187577,176510,210975,207548,180304,178346,196696,265742,274936,229666,192172,189791,256157,225527,191180,209203,217350,318712,166120,385556,435874,216277,306596,343104,192234,197736,270139,221228,210533,176518,182217,324134,267151,237956,290869,241666,169647
274444,258891,304141,339179,247011,231443,318124,234113,246337,278059,263955,266037,251848,240181,224554,306287,249891,257046,248401,281061,234222,255432,246927,354854,454239,302251,240893,229826,264291,260864,233620,231662,250012,319058,328252,282982,245488,243107,309473,278843,244496,262519,270666,372028,385556,219436,489190,269593,359912,396420,245550,251052,323455,274544,263849,229834,235533,377450,320467,291272,344185,294982,222963
324762,309209,354459,389497,297329,281761,368442,284431,296655,328377,314273,316355,302166,290499,274872,356605,300209,307364,298719,331379,284540,305750,297245,405172,504557,352569,291211,280144,314609,311182,283938,281980,300330,369376,378570,333300,295806,293425,359791,329161,294814,312837,320984,422346,435874,489190,269754,319911,410230,446738,295868,301370,373773,324862,314167,280152,285851,427768,370785,341590,394503,345300,273281
105165,89612,134862,169900,77732,62164,148845,64834,77058,108780,94676,96758,82569,70902,55275,137008,80612,87767,79122,111782,64943,86153,77648,185575,284960,132972,71614,60547,95012,91585,64341,62383,80733,149779,158973,113703,76209,73828,140194,109564,75217,93240,101387,202749,216277,269593,319911,50157,190633,227141,76271,81773,154176,105265,94570,60555,66254,208171,151188,121993,174906,125703,53684
195484,179931,225181,260219,168051,152483,239164,155153,167377,199099,184995,187077,172888,161221,145594,227327,170931,178086,169441,202101,155262,176472,167967,275894,375279,223291,161933,150866,185331,181904,154660,152702,171052,240098,249292,204022,166528,164147,230513,199883,165536,183559,191706,293068,306596,359912,410230,190633,140476,317460,166590,172092,244495,195584,184889,150874,156573,298490,241507,212312,265225,216022,144003
231992,216439,261689,296727,204559,188991,275672,191661,203885,235607,221503,223585,209396,197729,182102,263835,207439,214594,205949,238609,191770,212980,204475,312402,411787,259799,198441,187374,221839,218412,191168,189210,207560,276606,285800,240530,203036,200655,267021,236391,202044,220067,228214,329576,343104,396420,446738,227141,317460,176984,203098,208600,281003,232092,221397,187382,193081,334998,278015,248820,301733,252530,180511
81122,65569,110819,145857,53689,38121,124802,40791,53015,84737,70633,72715,58526,46859,31232,112965,56569,63724,55079,87739,40900,62110,53605,161532,260917,108929,47571,36504,70969,67542,40298,38340,56690,125736,134930,89660,52166,49785,116151,85521,51174,69197,77344,178706,192234,245550,295868,76271,166590,203098,26114,57730,130133,81222,70527,36512,42211,184128,127145,97950,150863,101660,29641
86624,71071,116321,151359,59191,43623,130304,46293,58517,90239,76135,78217,64028,52361,36734,118467,62071,69226,60581,93241,46402,67612,59107,167034,266419,114431,53073,42006,76471,73044,45800,43842,62192,131238,140432,95162,57668,55287,121653,91023,56676,74699,82846,184208,197736,251052,301370,81773,172092,208600,57730,31616,135635,86724,76029,42014,47713,189630,132647,103452,156365,107162,35143
159027,143474,188724,223762,131594,116026,202707,118696,130920,162642,148538,150620,136431,124764,109137,190870,134474,141629,132984,165644,118805,140015,131510,239437,338822,186834,125476,114409,148874,145447,118203,116245,134595,203641,212835,167565,130071,127690,194056,163426,129079,147102,155249,256611,270139,323455,373773,154176,244495,281003,130133,135635,104019,159127,148432,114417,120116,262033,205050,175855,228768,179565,107546
110116,94563,139813,174851,82683,67115,153796,69785,82009,113731,99627,101709,87520,75853,60226,141959,85563,92718,84073,116733,69894,91104,82599,190526,289911,137923,76565,65498,99963,96536,69292,67334,85684,154730,163924,118654,81160,78779,145145,114515,80168,98191,106338,207700,221228,274544,324862,105265,195584,232092,81222,86724,159127,55108,99521,65506,71205,213122,156139,126944,179857,130654,58635
99421,83868,129118,164156,71988,56420,143101,59090,71314,103036,88932,91014,76825,65158,49531,131264,74868,82023,73378,106038,59199,80409,71904,179831,279216,127228,65870,54803,89268,85841,58597,56639,74989,144035,153229,107959,70465,68084,134450,103820,69473,87496,95643,197005,210533,263849,314167,94570,184889,221397,70527,76029,148432,99521,44413,54811,60510,202427,145444,116249,169162,119959,47940
65406,49853,95103,130141,37973,22405,109086,25075,37299,69021,54917,56999,42810,31143,15516,97249,40853,48008,39363,72023,25184,46394,37889,145816,245201,93213,31855,20788,55253,51826,24582,22624,40974,110020,119214,73944,36450,34069,100435,69805,35458,53481,61628,162990,176518,229834,280152,60555,150874,187382,36512,42014,114417,65506,54811,10398,26495,168412,111429,82234,135147,85944,13925
71105,55552,100802,135840,43672,28104,114785,30774,42998,74720,60616,62698,48509,36842,21215,102948,46552,53707,45062,77722,30883,52093,43588,151515,250900,98912,37554,26487,60952,57525,30281,28323,46673,115719,124913,79643,42149,39768,106134,75504,41157,59180,67327,168689,182217,235533,285851,66254,156573,193081,42211,47713,120116,71205,60510,26495,16097,174111,117128,87933,140846,91643,19624
213022,197469,242719,277757,185589,170021,256702,172691,184915,216637,202533,204615,190426,178759,163132,244865,188469,195624,186979,219639,172800,194010,185505,293432,392817,240829,179471,168404,202869,199442,172198,170240,188590,257636,266830,221560,184066,181685,248051,217421,183074,201097,209244,310606,324134,377450,427768,208171,298490,334998,184128,189630,262033,213122,202427,168412,174111,158014,259045,229850,282763,233560,161541
156039,140486,185736,220774,128606,113038,199719,115708,127932,159654,145550,147632,133443,121776,106149,187882,131486,138641,129996,162656,115817,137027,128522,236449,335834,183846,122488,111421,145886,142459,115215,113257,131607,200653,209847,164577,127083,124702,191068,160438,126091,144114,152261,253623,267151,320467,370785,151188,241507,278015,127145,132647,205050,156139,145444,111429,117128,259045,101031,172867,225780,176577,104558
126844,111291,156541,191579,99411,83843,170524,86513,98737,130459,116355,118437,104248,92581,76954,158687,102291,109446,100801,133461,86622,107832,99327,207254,306639,154651,93293,82226,116691,113264,86020,84062,102412,171458,180652,135382,97888,95507,161873,131243,96896,114919,123066,224428,237956,291272,341590,121993,212312,248820,97950,103452,175855,126944,116249,82234,87933,229850,172867,71836,196585,147382,75363
179757,164204,209454,244492,152324,136756,223437,139426,151650,183372,169268,171350,157161,145494,129867,211600,155204,162359,153714,186374,139535,160745,152240,260167,359552,207564,146206,135139,169604,166177,138933,136975,155325,224371,233565,188295,150801,148420,214786,184156,149809,167832,175979,277341,290869,344185,394503,174906,265225,301733,150863,156365,228768,179857,169162,135147,140846,282763,225780,196585,124749,200295,128276
130554,115001,160251,195289,103121,87553,174234,90223,102447,134169,120065,122147,107958,96291,80664,162397,106001,113156,104511,137171,90332,111542,103037,210964,310349,158361,97003,85936,120401,116974,89730,87772,106122,175168,184362,139092,101598,99217,165583,134953,100606,118629,126776,228138,241666,294982,345300,125703,216022,252530,101660,107162,179565,130654,119959,85944,91643,233560,176577,147382,200295,75546,79073
58535,42982,88232,123270,31102,15534,102215,18204,30428,62150,48046,50128,35939,24272,8645,90378,33982,41137,32492,65152,18313,39523,31018,138945,238330,86342,24984,13917,48382,44955,17711,15753,34103,103149,112343,67073,29579,27198,93564,62934,28587,46610,54757,156119,169647,222963,273281,53684,144003,180511,29641,35143,107546,58635,47940,13925,19624,161541,104558,75363,128276,79073,3527
