7552,1958,472,830,354,726
1958,6145,1302,2012,510,890
472,1302,2645,682,276,190
830,2012,682,4954,608,1048
354,510,276,608,3805,242
726,890,190,1048,242,7536
