7552,13697,10197,12506,11357,15088
13697,6145,8790,11099,9950,13681
10197,8790,2645,7599,6450,10181
12506,11099,7599,4954,8759,12490
11357,9950,6450,8759,3805,11341
15088,13681,10181,12490,11341,7536
