39375,5104,5438,2276,362,246,2334,968,938,1566,1308,978,718,446,68,2168,684,1860,526,1376,220,820,354,2706,4462,1454,312,200,768,898,328,326,354,1764,1352,1402,1072,510,2236,986,496,948,2154,2926,3506,5644,13034,1452,3210,4090,594,494,3034,1390,1152,330,434,3956,1718,1984,3214,2098,958
5104,30035,4486,600,102,52,1988,512,220,666,328,210,128,112,32,604,260,1004,308,522,86,180,196,454,504,256,86,208,206,230,102,72,104,410,204,256,1576,196,696,456,320,320,254,1296,1342,652,948,1664,382,562,346,166,1022,298,792,1274,134,412,368,302,252,358,220
5438,4486,63615,2928,7906,4122,1550,1882,974,606,634,1088,182,3148,10,4404,300,1786,2450,148,32,118,10,176,78,178,150,78,76,122,106,10,38,1568,330,108,758,202,72,4906,108,158,110,1992,738,380,28366,148,60,32,14,16,1824,70,154,6,20,1882,3074,340,938,3504,44
2276,600,2928,79366,4348,708,8628,364,634,948,4316,1046,1132,496,48,9852,418,312,318,314,120,140,1830,184,162,320,296,142,266,170,232,94,24,318,284,162,6762,4654,222,908,494,2080,214,4192,3824,1732,18310,158,156,30,26,36,592,1028,24,4,16,8060,1626,2178,570,6308,30
362,102,7906,4348,21117,4390,364,444,890,148,692,1906,278,1908,32,4740,434,182,870,32,42,8,14,30,22,66,86,36,32,4,42,8,2,1738,432,88,520,560,24,3934,284,164,28,388,232,152,2544,22,4,2,2,4,832,24,30,0,4,448,740,150,162,1670,4
246,52,4122,708,4390,9796,80,128,186,58,224,1192,510,1644,4,5382,218,10,16,2,0,0,2,0,4,4,24,2,6,2,2,0,2,56,12,0,124,52,6,428,64,14,2,26,12,28,1490,10,2,0,0,2,40,0,4,0,0,28,50,24,96,136,0
2334,1988,1550,8628,364,80,71680,6956,2774,13548,2442,2052,982,610,1206,6582,3564,900,1456,2910,76,1306,2962,534,622,1770,494,920,782,928,836,160,42,546,356,24,960,1860,400,342,344,840,908,1540,272,2544,4356,82,18,22,34,14,1248,638,100,4,0,400,132,124,160,5024,50
968,512,1882,364,444,128,6956,11793,3464,3190,956,2082,270,338,184,2050,168,1462,58,1642,10,422,190,828,152,138,188,40,158,64,72,38,6,730,154,18,634,100,74,236,176,116,146,60,24,1864,1646,30,14,2,2,10,56,16,14,2,0,52,16,8,364,282,12
938,220,974,634,890,186,2774,3464,19541,9480,1414,5500,480,1998,286,2928,152,134,28,202,2,1078,54,194,154,124,120,12,78,36,10,22,0,410,104,14,170,226,62,396,750,266,206,22,50,368,1748,24,10,4,2,4,42,8,4,0,4,66,2,26,362,332,8
1566,666,606,948,148,58,13548,3190,9480,41177,960,2844,1942,1932,1240,5162,1508,196,48,1960,28,12564,592,430,834,1270,100,6,106,42,184,64,8,262,166,30,1732,644,2860,236,1886,3738,2462,60,16,340,1186,154,6,10,24,6,2616,114,478,0,2,32,28,12,202,1210,6
1308,328,634,4316,692,224,2442,956,1414,960,31412,2818,988,432,50,3148,428,920,108,894,50,204,482,1958,662,474,476,138,616,476,78,168,224,1172,2856,552,1198,572,1020,112,130,214,358,2210,2228,11006,1578,510,714,116,146,24,1226,572,360,8,40,1786,450,500,6454,874,28
978,210,1088,1046,1906,1192,2052,2082,5500,2844,2818,34412,7908,5114,840,12692,790,22,22,88,6,296,114,54,138,170,60,32,28,14,124,14,10,1632,376,16,330,74,346,402,912,794,650,58,8,62,722,30,2,0,0,0,2018,138,24,0,0,28,4,14,182,170,4
718,128,182,1132,278,510,982,270,480,1942,988,7908,24451,1030,206,4598,5212,16,20,178,8,800,944,386,1416,2078,210,8,22,26,316,24,12,2508,450,48,426,98,2584,56,594,1272,2490,210,58,62,282,276,24,40,34,10,11432,1318,426,6,0,28,8,262,320,76,2
446,112,3148,496,1908,1644,610,338,1998,1932,432,5114,1030,15616,1004,3290,578,46,112,18,10,320,8,22,82,82,12,10,26,4,62,4,2,1348,134,20,164,104,258,3156,4392,1618,648,66,24,34,2424,22,10,0,0,2,488,24,18,0,0,40,100,68,230,126,0
68,32,10,48,32,4,1206,184,286,1240,50,840,206,1004,3136,896,208,4,10,16,0,48,44,12,32,64,6,0,0,0,6,0,2,1132,102,4,12,26,92,42,1100,606,616,10,2,0,6,2,0,0,0,0,182,8,20,0,0,0,2,2,4,2,2
2168,604,4404,9852,4740,5382,6582,2050,2928,5162,3148,12692,4598,3290,896,67091,5718,106,282,2042,62,770,376,140,160,554,442,54,38,120,892,42,18,726,364,20,4612,1072,1280,1232,2626,5916,482,590,122,274,4548,140,174,30,38,10,1638,1082,126,8,0,128,118,174,122,1364,12
684,260,300,418,434,218,3564,168,152,1508,428,790,5212,578,208,5718,24156,120,1268,398,206,1676,1010,392,1642,1616,184,100,102,564,7944,176,50,3624,1230,92,486,122,4274,3296,828,2602,3006,834,32,242,154,610,158,190,114,14,5178,264,460,14,4,12,32,62,298,100,2
1860,1004,1786,312,182,10,900,1462,134,196,920,22,16,46,4,106,120,25679,4068,3040,494,408,2164,2364,1662,1076,2282,940,2516,3018,276,1114,1278,4906,1932,3102,326,946,430,3092,72,128,1014,1340,424,3110,590,140,284,120,54,38,138,88,18,2,16,2194,322,88,676,350,44
526,308,2450,318,870,16,1456,58,28,48,108,22,20,112,10,282,1268,4068,22608,804,676,138,68,478,712,5166,322,216,390,1348,1202,190,186,8142,2996,1272,204,622,506,4718,78,292,918,7074,434,382,546,130,280,218,38,32,982,528,44,6,56,302,460,188,292,624,10
1376,522,148,314,32,2,2910,1642,202,1960,894,88,178,18,16,2042,398,3040,804,47446,3844,6104,2192,2468,3914,2396,1044,1594,4844,2830,324,910,1886,5838,3778,316,348,234,1408,412,168,1478,938,810,118,4214,344,100,650,836,200,44,562,104,68,6,44,114,12,38,1386,240,10
220,86,32,120,42,0,76,10,2,28,50,6,8,10,0,62,206,494,676,3844,11996,1680,254,150,6990,86,98,44,624,890,354,210,776,1566,1088,330,40,120,704,114,12,46,752,2186,12,1648,18,102,950,506,370,50,124,78,24,16,234,38,8,48,42,58,0
820,180,118,140,8,0,1306,422,1078,12564,204,296,800,320,48,770,1676,408,138,6104,1680,27698,510,544,2966,1368,144,144,464,618,436,250,154,4318,1534,146,174,250,5544,194,1092,3072,4892,204,14,212,62,46,36,14,50,4,2016,62,454,0,4,26,4,8,110,26,0
354,196,10,1830,14,2,2962,190,54,592,482,114,944,8,44,376,1010,2164,68,2192,254,510,19637,2454,1384,396,1152,684,2596,3988,746,2726,750,618,606,88,76,88,164,14,20,50,200,886,922,3466,372,186,268,206,270,96,2090,508,74,68,54,64,26,104,538,270,4
2706,454,176,184,30,0,534,828,194,430,1958,54,386,22,12,140,392,2364,478,2468,150,544,2454,96514,13724,17748,2928,368,1616,1380,180,1370,3578,1730,14494,5430,74,64,786,1030,298,406,2740,4016,344,26014,1294,7826,2588,2054,894,964,3294,1126,252,162,256,730,876,10386,15162,920,16
4462,504,78,162,22,4,622,152,154,834,662,138,1416,82,32,160,1642,1662,712,3914,6990,2966,1384,13724,165207,15470,1388,172,1266,2778,754,1668,6364,7968,22244,12588,56,224,5936,290,396,302,15804,6048,340,62072,1210,2024,17794,38464,11694,8538,13350,7442,2422,662,2756,836,702,8328,6292,368,6
1454,256,178,320,66,4,1770,138,124,1270,474,170,2078,82,64,554,1616,1076,5166,2396,86,1368,396,17748,15470,52587,2254,52,182,282,178,52,182,714,1890,906,116,306,6866,4910,764,3434,7984,2632,608,3838,1748,11982,1118,4084,1060,476,6632,3940,984,194,494,402,1002,4728,4194,1506,12
312,86,150,296,86,24,494,188,120,100,476,60,210,12,6,442,184,2282,322,1044,98,144,1152,2928,1388,2254,13637,238,336,362,144,278,366,758,1568,208,146,86,144,336,8,38,196,642,246,1844,222,148,136,166,64,22,674,298,34,14,6,138,408,1218,1196,754,4
200,208,78,142,36,2,920,40,12,6,138,32,8,10,0,54,100,940,216,1594,44,144,684,368,172,52,238,8331,1096,3044,120,394,62,1728,686,38,20,30,20,202,2,0,14,394,52,932,72,34,42,14,12,4,94,16,4,0,6,18,8,18,80,54,6
768,206,76,266,32,6,782,158,78,106,616,28,22,26,0,38,102,2516,390,4844,624,464,2596,1616,1266,182,336,1096,36624,7646,320,746,550,5588,2630,924,124,298,218,440,46,58,156,1088,970,16906,1050,146,776,450,134,54,158,68,16,20,58,1148,108,164,1414,666,6
898,230,122,170,4,2,928,64,36,42,476,14,26,4,0,120,564,3018,1348,2830,890,618,3988,1380,2778,282,362,3044,7646,29975,3228,2984,948,6634,4076,288,44,218,150,88,8,10,252,1728,954,4996,812,138,444,360,242,52,402,180,14,48,146,74,42,358,1342,2690,6
328,102,106,232,42,2,836,72,10,184,78,124,316,62,6,892,7944,276,1202,324,354,436,746,180,754,178,144,120,320,3228,11278,654,96,3768,1594,36,50,64,788,308,42,138,718,1584,58,242,50,28,6,6,42,6,380,60,22,4,12,6,6,34,80,230,2
326,72,10,94,8,0,160,38,22,64,168,14,24,4,0,42,176,1114,190,910,210,250,2726,1370,1668,52,278,394,746,2984,654,9846,1624,2946,1582,146,34,70,446,26,10,6,234,594,220,2866,142,60,816,514,226,178,208,88,12,54,138,52,44,942,818,340,2
354,104,38,24,2,2,42,6,0,8,224,10,12,2,2,18,50,1278,186,1886,776,154,750,3578,6364,182,366,62,550,948,96,1624,24382,1448,7640,768,0,16,126,98,46,10,224,1004,332,14204,128,208,4394,2244,1540,624,500,2462,26,818,270,108,172,1974,926,156,0
1764,410,1568,318,1738,56,546,730,410,262,1172,1632,2508,1348,1132,726,3624,4906,8142,5838,1566,4318,618,1730,7968,714,758,1728,5588,6634,3768,2946,1448,78036,35742,3998,284,2362,998,5160,872,796,4448,5362,572,1658,118,252,682,512,136,52,7940,1566,316,16,30,1590,412,148,1470,446,0
1352,204,330,284,432,12,356,154,104,166,2856,376,450,134,102,364,1230,1932,2996,3778,1088,1534,606,14494,22244,1890,1568,686,2630,4076,1594,1582,7640,35742,76659,6086,44,608,476,5810,1148,206,4734,4966,330,10770,206,374,1598,982,432,186,6908,1780,108,116,76,1552,592,906,3202,394,0
1402,256,108,162,88,0,24,18,14,30,552,16,48,20,4,20,92,3102,1272,316,330,146,88,5430,12588,906,208,38,924,288,36,146,768,3998,6086,46836,84,1182,3034,1558,192,260,3802,2270,678,12660,790,2382,8312,2760,466,762,484,632,188,60,212,20556,4396,1496,21182,444,2
1072,1576,758,6762,520,124,960,634,170,1732,1198,330,426,164,12,4612,486,326,204,348,40,174,76,74,56,116,146,20,124,44,50,34,0,284,44,84,21001,3670,2402,482,174,938,200,152,160,822,1234,282,90,16,64,10,140,270,310,40,34,178,50,140,36,896,108
510,196,202,4654,560,52,1860,100,226,644,572,74,98,104,26,1072,122,946,622,234,120,250,88,64,224,306,86,30,298,218,64,70,16,2362,608,1182,3670,17090,2094,934,386,1086,256,1526,186,866,2596,96,80,18,28,6,92,744,38,6,12,3206,318,164,218,266,12
2236,696,72,222,24,6,400,74,62,2860,1020,346,2584,258,92,1280,4274,430,506,1408,704,5544,164,786,5936,6866,144,20,218,150,788,446,126,998,476,3034,2402,2094,68177,608,2470,8946,18954,784,406,944,532,3012,874,630,538,132,10470,464,17048,212,74,98,88,302,324,104,12
986,456,4906,908,3934,428,342,236,396,236,112,402,56,3156,42,1232,3296,3092,4718,412,114,194,14,1030,290,4910,336,202,440,88,308,26,98,5160,5810,1558,482,934,608,45869,4904,4084,1022,934,118,436,722,122,48,22,14,8,110,46,106,2,2,918,1006,128,390,164,2
496,320,108,494,284,64,344,176,750,1886,130,912,594,4392,1100,2626,828,72,78,168,12,1092,20,298,396,764,8,2,46,8,42,10,46,872,1148,192,174,386,2470,4904,20210,13366,3200,52,4,284,198,118,58,22,22,4,678,62,146,0,0,96,96,28,112,24,2
948,320,158,2080,164,14,840,116,266,3738,214,794,1272,1618,606,5916,2602,128,292,1478,46,3072,50,406,302,3434,38,0,58,10,138,6,10,796,206,260,938,1086,8946,4084,13366,33279,8244,166,30,118,350,316,96,110,64,26,2076,394,476,14,6,64,52,244,404,44,12
2154,254,110,214,28,2,908,146,206,2462,358,650,2490,648,616,482,3006,1014,918,938,752,4892,200,2740,15804,7984,196,14,156,252,718,234,224,4448,4734,3802,200,256,18954,1022,3200,8244,39704,2920,132,880,232,1806,772,998,550,208,10358,1164,2550,82,78,658,328,384,912,72,2
2926,1296,1992,4192,388,26,1540,60,22,60,2210,58,210,66,10,590,834,1340,7074,810,2186,204,886,4016,6048,2632,642,394,1088,1728,1584,594,1004,5362,4966,2270,152,1526,784,934,52,166,2920,116112,33614,7506,5170,1030,994,1572,264,330,5064,10438,120,82,410,20078,6358,6470,12816,4100,14
3506,1342,738,3824,232,12,272,24,50,16,2228,8,58,24,2,122,32,424,434,118,12,14,922,344,340,608,246,52,970,954,58,220,332,572,330,678,160,186,406,118,4,30,132,33614,120425,19302,5640,236,706,166,124,102,278,346,22,240,1332,7860,11940,6860,9198,4622,68
5644,652,380,1732,152,28,2544,1864,368,340,11006,62,62,34,0,274,242,3110,382,4214,1648,212,3466,26014,62072,3838,1844,932,16906,4996,242,2866,14204,1658,10770,12660,822,866,944,436,284,118,880,7506,19302,154198,16624,2922,16138,25414,7002,4530,2924,3770,234,952,3110,31564,2554,6530,8906,4474,54
13034,948,28366,18310,2544,1490,4356,1646,1748,1186,1578,722,282,2424,6,4548,154,590,546,344,18,62,372,1294,1210,1748,222,72,1050,812,50,142,128,118,206,790,1234,2596,532,722,198,350,232,5170,5640,16624,183915,1132,1040,816,322,176,1610,1202,110,92,386,18760,5348,10366,7750,21702,430
1452,1664,148,158,22,10,82,30,24,154,510,30,276,22,2,140,610,140,130,100,102,46,186,7826,2024,11982,148,34,146,138,28,60,208,252,374,2382,282,96,3012,122,118,316,1806,1030,236,2922,1132,38480,7466,3038,1252,266,3270,1046,1818,1742,218,388,146,618,7650,220,10
3210,382,60,156,4,2,18,14,10,6,714,2,24,10,0,174,158,284,280,650,950,36,268,2588,17794,1118,136,42,776,444,6,816,4394,682,1598,8312,90,80,874,48,58,96,772,994,706,16138,1040,7466,109344,15098,2208,6822,334,3108,288,98,2828,1518,102,1954,3882,110,4
4090,562,32,30,2,0,22,2,4,10,116,0,40,0,0,30,190,120,218,836,506,14,206,2054,38464,4084,166,14,450,360,6,514,2244,512,982,2760,16,18,630,22,22,110,998,1572,166,25414,816,3038,15098,130341,2712,23964,944,11364,1994,4356,12340,384,104,3308,1218,152,6
594,346,14,26,2,0,34,2,2,24,146,0,34,0,0,38,114,54,38,200,370,50,270,894,11694,1060,64,12,134,242,42,226,1540,136,432,466,64,28,538,14,22,64,550,264,124,7002,322,1252,2208,2712,15522,1048,1540,1592,532,336,478,148,28,852,490,706,4
494,166,16,36,4,2,14,10,4,6,24,0,10,2,0,10,14,38,32,44,50,4,96,964,8538,476,22,4,54,52,6,178,624,52,186,762,10,6,132,8,4,26,208,330,102,4530,176,266,6822,23964,1048,21726,300,2034,746,228,686,152,72,1866,718,100,0
3034,1022,1824,592,832,40,1248,56,42,2616,1226,2018,11432,488,182,1638,5178,138,982,562,124,2016,2090,3294,13350,6632,674,94,158,402,380,208,500,7940,6908,484,140,92,10470,110,678,2076,10358,5064,278,2924,1610,3270,334,944,1540,300,65701,9578,13828,262,30,114,248,560,300,1460,0
1390,298,70,1028,24,0,638,16,8,114,572,138,1318,24,8,1082,264,88,528,104,78,62,508,1126,7442,3940,298,16,68,180,60,88,2462,1566,1780,632,270,744,464,46,62,394,1164,10438,346,3770,1202,1046,3108,11364,1592,2034,9578,33805,640,652,184,470,344,1660,406,598,6
1152,792,154,24,30,4,100,14,4,478,360,24,426,18,20,126,460,18,44,68,24,454,74,252,2422,984,34,4,16,14,22,12,26,316,108,188,310,38,17048,106,146,476,2550,120,22,234,110,1818,288,1994,532,746,13828,640,27023,1638,44,2,12,22,56,80,2
330,1274,6,4,0,0,4,2,0,0,8,0,6,0,0,8,14,2,6,6,16,0,68,162,662,194,14,0,20,48,4,54,818,16,116,60,40,6,212,2,0,14,82,82,240,952,92,1742,98,4356,336,228,262,652,1638,5756,292,16,4,38,60,40,2
434,134,20,16,4,0,0,0,4,2,40,0,0,0,0,0,4,16,56,44,234,4,54,256,2756,494,6,6,58,146,12,138,270,30,76,212,34,12,74,2,0,6,78,410,1332,3110,386,218,2828,12340,478,686,30,184,44,292,11126,190,60,430,332,144,2
3956,412,1882,8060,448,28,400,52,66,32,1786,28,28,40,0,128,12,2194,302,114,38,26,64,730,836,402,138,18,1148,74,6,52,108,1590,1552,20556,178,3206,98,918,96,64,658,20078,7860,31564,18760,388,1518,384,148,152,114,470,2,16,190,105378,19190,2368,11210,3446,32
1718,368,3074,1626,740,50,132,16,2,28,450,4,8,100,2,118,32,322,460,12,8,4,26,876,702,1002,408,8,108,42,6,44,172,412,592,4396,50,318,88,1006,96,52,328,6358,11940,2554,5348,146,102,104,28,72,248,344,12,4,60,19190,62917,3590,6424,1310,58
1984,302,340,2178,150,24,124,8,26,12,500,14,262,68,2,174,62,88,188,38,48,8,104,10386,8328,4728,1218,18,164,358,34,942,1974,148,906,1496,140,164,302,128,28,244,384,6470,6860,6530,10366,618,1954,3308,852,1866,560,1660,22,38,430,2368,3590,42007,6314,1904,18
3214,252,938,570,162,96,160,364,362,202,6454,182,320,230,4,122,298,676,292,1386,42,110,538,15162,6292,4194,1196,80,1414,1342,80,818,926,1470,3202,21182,36,218,324,390,112,404,912,12816,9198,8906,7750,7650,3882,1218,490,718,300,406,56,60,332,11210,6424,6314,92719,7780,24
2098,358,3504,6308,1670,136,5024,282,332,1210,874,170,76,126,2,1364,100,350,624,240,58,26,270,920,368,1506,754,54,666,2690,230,340,156,446,394,444,896,266,104,164,24,44,72,4100,4622,4474,21702,220,110,152,706,100,1460,598,80,40,144,3446,1310,1904,7780,49141,20
958,220,44,30,4,0,50,12,8,6,28,4,2,0,2,12,2,44,10,10,0,0,4,16,6,12,4,6,6,6,2,2,0,0,0,2,108,12,12,2,2,12,2,14,68,54,430,10,4,6,4,0,0,6,2,2,2,32,58,18,24,20,983
