787,1512,2394,2648,1348,1140,2391,1120,1348,1764,1630,1704,1235,1321,794,2539,1494,1395,1490,2116,1111,1550,1262,3050,4688,1521,1044,1026,1885,1431,1090,1105,1646,3027,2876,2220,1375,1206,2590,2044,1462,1733,1910,4092,4079,5243,3651,1927,3708,4474,1062,1240,1474,1217,1155,1105,1055,3214,2051,1556,3166,1818,787
1512,725,2332,2586,1286,1078,2329,1058,1286,1702,1568,1642,1173,1259,732,2477,1432,1333,1428,2054,1049,1488,1200,2988,4626,1459,982,964,1823,1369,1028,1043,1584,2965,2814,2158,1313,1144,2528,1982,1400,1671,1848,4030,4017,5181,3589,1865,3646,4412,1000,1178,1412,1155,1093,1043,993,3152,1989,1494,3104,1756,725
2394,2332,1607,3468,2168,1960,3211,1940,2168,2584,2450,2524,2055,2141,1614,3359,2314,2215,2310,2936,1931,2370,2082,3870,5508,2341,1864,1846,2705,2251,1910,1925,2466,3847,3696,3040,2195,2026,3410,2864,2282,2553,2730,4912,4899,6063,4471,2747,4528,5294,1882,2060,2294,2037,1975,1925,1875,4034,2871,2376,3986,2638,1607
2648,2586,3468,1861,2422,2214,3465,2194,2422,2838,2704,2778,2309,2395,1868,3613,2568,2469,2564,3190,2185,2624,2336,4124,5762,2595,2118,2100,2959,2505,2164,2179,2720,4101,3950,3294,2449,2280,3664,3118,2536,2807,2984,5166,5153,6317,4725,3001,4782,5548,2136,2314,2548,2291,2229,2179,2129,4288,3125,2630,4240,2892,1861
1348,1286,2168,2422,561,914,2165,894,1122,1538,1404,1478,1009,1095,568,2313,1268,1169,1264,1890,885,1324,1036,2824,4462,1295,818,800,1659,1205,864,879,1420,2801,2650,1994,1149,980,2364,1818,1236,1507,1684,3866,3853,5017,3425,1701,3482,4248,836,1014,1248,991,929,879,829,2988,1825,1330,2940,1592,561
1140,1078,1960,2214,914,353,1957,686,914,1330,1196,1270,801,887,360,2105,1060,961,1056,1682,677,1116,828,2616,4254,1087,610,592,1451,997,656,671,1212,2593,2442,1786,941,772,2156,1610,1028,1299,1476,3658,3645,4809,3217,1493,3274,4040,628,806,1040,783,721,671,621,2780,1617,1122,2732,1384,353
2391,2329,3211,3465,2165,1957,1604,1937,2165,2581,2447,2521,2052,2138,1611,3356,2311,2212,2307,2933,1928,2367,2079,3867,5505,2338,1861,1843,2702,2248,1907,1922,2463,3844,3693,3037,2192,2023,3407,2861,2279,2550,2727,4909,4896,6060,4468,2744,4525,5291,1879,2057,2291,2034,1972,1922,1872,4031,2868,2373,3983,2635,1604
1120,1058,1940,2194,894,686,1937,333,894,1310,1176,1250,781,867,340,2085,1040,941,1036,1662,657,1096,808,2596,4234,1067,590,572,1431,977,636,651,1192,2573,2422,1766,921,752,2136,1590,1008,1279,1456,3638,3625,4789,3197,1473,3254,4020,608,786,1020,763,701,651,601,2760,1597,1102,2712,1364,333
1348,1286,2168,2422,1122,914,2165,894,561,1538,1404,1478,1009,1095,568,2313,1268,1169,1264,1890,885,1324,1036,2824,4462,1295,818,800,1659,1205,864,879,1420,2801,2650,1994,1149,980,2364,1818,1236,1507,1684,3866,3853,5017,3425,1701,3482,4248,836,1014,1248,991,929,879,829,2988,1825,1330,2940,1592,561
1764,1702,2584,2838,1538,1330,2581,1310,1538,977,1820,1894,1425,1511,984,2729,1684,1585,1680,2306,1301,1740,1452,3240,4878,1711,1234,1216,2075,1621,1280,1295,1836,3217,3066,2410,1565,1396,2780,2234,1652,1923,2100,4282,4269,5433,3841,2117,3898,4664,1252,1430,1664,1407,1345,1295,1245,3404,2241,1746,3356,2008,977
1630,1568,2450,2704,1404,1196,2447,1176,1404,1820,843,1760,1291,1377,850,2595,1550,1451,1546,2172,1167,1606,1318,3106,4744,1577,1100,1082,1941,1487,1146,1161,1702,3083,2932,2276,1431,1262,2646,2100,1518,1789,1966,4148,4135,5299,3707,1983,3764,4530,1118,1296,1530,1273,1211,1161,1111,3270,2107,1612,3222,1874,843
1704,1642,2524,2778,1478,1270,2521,1250,1478,1894,1760,917,1365,1451,924,2669,1624,1525,1620,2246,1241,1680,1392,3180,4818,1651,1174,1156,2015,1561,1220,1235,1776,3157,3006,2350,1505,1336,2720,2174,1592,1863,2040,4222,4209,5373,3781,2057,3838,4604,1192,1370,1604,1347,1285,1235,1185,3344,2181,1686,3296,1948,917
1235,1173,2055,2309,1009,801,2052,781,1009,1425,1291,1365,448,982,455,2200,1155,1056,1151,1777,772,1211,923,2711,4349,1182,705,687,1546,1092,751,766,1307,2688,2537,1881,1036,867,2251,1705,1123,1394,1571,3753,3740,4904,3312,1588,3369,4135,723,901,1135,878,816,766,716,2875,1712,1217,2827,1479,448
1321,1259,2141,2395,1095,887,2138,867,1095,1511,1377,1451,982,534,541,2286,1241,1142,1237,1863,858,1297,1009,2797,4435,1268,791,773,1632,1178,837,852,1393,2774,2623,1967,1122,953,2337,1791,1209,1480,1657,3839,3826,4990,3398,1674,3455,4221,809,987,1221,964,902,852,802,2961,1798,1303,2913,1565,534
794,732,1614,1868,568,360,1611,340,568,984,850,924,455,541,7,1759,714,615,710,1336,331,770,482,2270,3908,741,264,246,1105,651,310,325,866,2247,2096,1440,595,426,1810,1264,682,953,1130,3312,3299,4463,2871,1147,2928,3694,282,460,694,437,375,325,275,2434,1271,776,2386,1038,7
2539,2477,3359,3613,2313,2105,3356,2085,2313,2729,2595,2669,2200,2286,1759,1752,2459,2360,2455,3081,2076,2515,2227,4015,5653,2486,2009,1991,2850,2396,2055,2070,2611,3992,3841,3185,2340,2171,3555,3009,2427,2698,2875,5057,5044,6208,4616,2892,4673,5439,2027,2205,2439,2182,2120,2070,2020,4179,3016,2521,4131,2783,1752
1494,1432,2314,2568,1268,1060,2311,1040,1268,1684,1550,1624,1155,1241,714,2459,707,1315,1410,2036,1031,1470,1182,2970,4608,1441,964,946,1805,1351,1010,1025,1566,2947,2796,2140,1295,1126,2510,1964,1382,1653,1830,4012,3999,5163,3571,1847,3628,4394,982,1160,1394,1137,1075,1025,975,3134,1971,1476,3086,1738,707
1395,1333,2215,2469,1169,961,2212,941,1169,1585,1451,1525,1056,1142,615,2360,1315,608,1311,1937,932,1371,1083,2871,4509,1342,865,847,1706,1252,911,926,1467,2848,2697,2041,1196,1027,2411,1865,1283,1554,1731,3913,3900,5064,3472,1748,3529,4295,883,1061,1295,1038,976,926,876,3035,1872,1377,2987,1639,608
1490,1428,2310,2564,1264,1056,2307,1036,1264,1680,1546,1620,1151,1237,710,2455,1410,1311,703,2032,1027,1466,1178,2966,4604,1437,960,942,1801,1347,1006,1021,1562,2943,2792,2136,1291,1122,2506,1960,1378,1649,1826,4008,3995,5159,3567,1843,3624,4390,978,1156,1390,1133,1071,1021,971,3130,1967,1472,3082,1734,703
2116,2054,2936,3190,1890,1682,2933,1662,1890,2306,2172,2246,1777,1863,1336,3081,2036,1937,2032,1329,1653,2092,1804,3592,5230,2063,1586,1568,2427,1973,1632,1647,2188,3569,3418,2762,1917,1748,3132,2586,2004,2275,2452,4634,4621,5785,4193,2469,4250,5016,1604,1782,2016,1759,1697,1647,1597,3756,2593,2098,3708,2360,1329
1111,1049,1931,2185,885,677,1928,657,885,1301,1167,1241,772,858,331,2076,1031,932,1027,1653,324,1087,799,2587,4225,1058,581,563,1422,968,627,642,1183,2564,2413,1757,912,743,2127,1581,999,1270,1447,3629,3616,4780,3188,1464,3245,4011,599,777,1011,754,692,642,592,2751,1588,1093,2703,1355,324
1550,1488,2370,2624,1324,1116,2367,1096,1324,1740,1606,1680,1211,1297,770,2515,1470,1371,1466,2092,1087,763,1238,3026,4664,1497,1020,1002,1861,1407,1066,1081,1622,3003,2852,2196,1351,1182,2566,2020,1438,1709,1886,4068,4055,5219,3627,1903,3684,4450,1038,1216,1450,1193,1131,1081,1031,3190,2027,1532,3142,1794,763
1262,1200,2082,2336,1036,828,2079,808,1036,1452,1318,1392,923,1009,482,2227,1182,1083,1178,1804,799,1238,475,2738,4376,1209,732,714,1573,1119,778,793,1334,2715,2564,1908,1063,894,2278,1732,1150,1421,1598,3780,3767,4931,3339,1615,3396,4162,750,928,1162,905,843,793,743,2902,1739,1244,2854,1506,475
3050,2988,3870,4124,2824,2616,3867,2596,2824,3240,3106,3180,2711,2797,2270,4015,2970,2871,2966,3592,2587,3026,2738,2263,6164,2997,2520,2502,3361,2907,2566,2581,3122,4503,4352,3696,2851,2682,4066,3520,2938,3209,3386,5568,5555,6719,5127,3403,5184,5950,2538,2716,2950,2693,2631,2581,2531,4690,3527,3032,4642,3294,2263
4688,4626,5508,5762,4462,4254,5505,4234,4462,4878,4744,4818,4349,4435,3908,5653,4608,4509,4604,5230,4225,4664,4376,6164,3901,4635,4158,4140,4999,4545,4204,4219,4760,6141,5990,5334,4489,4320,5704,5158,4576,4847,5024,7206,7193,8357,6765,5041,6822,7588,4176,4354,4588,4331,4269,4219,4169,6328,5165,4670,6280,4932,3901
1521,1459,2341,2595,1295,1087,2338,1067,1295,1711,1577,1651,1182,1268,741,2486,1441,1342,1437,2063,1058,1497,1209,2997,4635,734,991,973,1832,1378,1037,1052,1593,2974,2823,2167,1322,1153,2537,1991,1409,1680,1857,4039,4026,5190,3598,1874,3655,4421,1009,1187,1421,1164,1102,1052,1002,3161,1998,1503,3113,1765,734
1044,982,1864,2118,818,610,1861,590,818,1234,1100,1174,705,791,264,2009,964,865,960,1586,581,1020,732,2520,4158,991,257,496,1355,901,560,575,1116,2497,2346,1690,845,676,2060,1514,932,1203,1380,3562,3549,4713,3121,1397,3178,3944,532,710,944,687,625,575,525,2684,1521,1026,2636,1288,257
1026,964,1846,2100,800,592,1843,572,800,1216,1082,1156,687,773,246,1991,946,847,942,1568,563,1002,714,2502,4140,973,496,239,1337,883,542,557,1098,2479,2328,1672,827,658,2042,1496,914,1185,1362,3544,3531,4695,3103,1379,3160,3926,514,692,926,669,607,557,507,2666,1503,1008,2618,1270,239
1885,1823,2705,2959,1659,1451,2702,1431,1659,2075,1941,2015,1546,1632,1105,2850,1805,1706,1801,2427,1422,1861,1573,3361,4999,1832,1355,1337,1098,1742,1401,1416,1957,3338,3187,2531,1686,1517,2901,2355,1773,2044,2221,4403,4390,5554,3962,2238,4019,4785,1373,1551,1785,1528,1466,1416,1366,3525,2362,1867,3477,2129,1098
1431,1369,2251,2505,1205,997,2248,977,1205,1621,1487,1561,1092,1178,651,2396,1351,1252,1347,1973,968,1407,1119,2907,4545,1378,901,883,1742,644,947,962,1503,2884,2733,2077,1232,1063,2447,1901,1319,1590,1767,3949,3936,5100,3508,1784,3565,4331,919,1097,1331,1074,1012,962,912,3071,1908,1413,3023,1675,644
1090,1028,1910,2164,864,656,1907,636,864,1280,1146,1220,751,837,310,2055,1010,911,1006,1632,627,1066,778,2566,4204,1037,560,542,1401,947,303,621,1162,2543,2392,1736,891,722,2106,1560,978,1249,1426,3608,3595,4759,3167,1443,3224,3990,578,756,990,733,671,621,571,2730,1567,1072,2682,1334,303
1105,1043,1925,2179,879,671,1922,651,879,1295,1161,1235,766,852,325,2070,1025,926,1021,1647,642,1081,793,2581,4219,1052,575,557,1416,962,621,318,1177,2558,2407,1751,906,737,2121,1575,993,1264,1441,3623,3610,4774,3182,1458,3239,4005,593,771,1005,748,686,636,586,2745,1582,1087,2697,1349,318
1646,1584,2466,2720,1420,1212,2463,1192,1420,1836,1702,1776,1307,1393,866,2611,1566,1467,1562,2188,1183,1622,1334,3122,4760,1593,1116,1098,1957,1503,1162,1177,859,3099,2948,2292,1447,1278,2662,2116,1534,1805,1982,4164,4151,5315,3723,1999,3780,4546,1134,1312,1546,1289,1227,1177,1127,3286,2123,1628,3238,1890,859
3027,2965,3847,4101,2801,2593,3844,2573,2801,3217,3083,3157,2688,2774,2247,3992,2947,2848,2943,3569,2564,3003,2715,4503,6141,2974,2497,2479,3338,2884,2543,2558,3099,2240,4329,3673,2828,2659,4043,3497,2915,3186,3363,5545,5532,6696,5104,3380,5161,5927,2515,2693,2927,2670,2608,2558,2508,4667,3504,3009,4619,3271,2240
2876,2814,3696,3950,2650,2442,3693,2422,2650,3066,2932,3006,2537,2623,2096,3841,2796,2697,2792,3418,2413,2852,2564,4352,5990,2823,2346,2328,3187,2733,2392,2407,2948,4329,2089,3522,2677,2508,3892,3346,2764,3035,3212,5394,5381,6545,4953,3229,5010,5776,2364,2542,2776,2519,2457,2407,2357,4516,3353,2858,4468,3120,2089
2220,2158,3040,3294,1994,1786,3037,1766,1994,2410,2276,2350,1881,1967,1440,3185,2140,2041,2136,2762,1757,2196,1908,3696,5334,2167,1690,1672,2531,2077,1736,1751,2292,3673,3522,1433,2021,1852,3236,2690,2108,2379,2556,4738,4725,5889,4297,2573,4354,5120,1708,1886,2120,1863,1801,1751,1701,3860,2697,2202,3812,2464,1433
1375,1313,2195,2449,1149,941,2192,921,1149,1565,1431,1505,1036,1122,595,2340,1295,1196,1291,1917,912,1351,1063,2851,4489,1322,845,827,1686,1232,891,906,1447,2828,2677,2021,588,1007,2391,1845,1263,1534,1711,3893,3880,5044,3452,1728,3509,4275,863,1041,1275,1018,956,906,856,3015,1852,1357,2967,1619,588
1206,1144,2026,2280,980,772,2023,752,980,1396,1262,1336,867,953,426,2171,1126,1027,1122,1748,743,1182,894,2682,4320,1153,676,658,1517,1063,722,737,1278,2659,2508,1852,1007,419,2222,1676,1094,1365,1542,3724,3711,4875,3283,1559,3340,4106,694,872,1106,849,787,737,687,2846,1683,1188,2798,1450,419
2590,2528,3410,3664,2364,2156,3407,2136,2364,2780,2646,2720,2251,2337,1810,3555,2510,2411,2506,3132,2127,2566,2278,4066,5704,2537,2060,2042,2901,2447,2106,2121,2662,4043,3892,3236,2391,2222,1803,3060,2478,2749,2926,5108,5095,6259,4667,2943,4724,5490,2078,2256,2490,2233,2171,2121,2071,4230,3067,2572,4182,2834,1803
2044,1982,2864,3118,1818,1610,2861,1590,1818,2234,2100,2174,1705,1791,1264,3009,1964,1865,1960,2586,1581,2020,1732,3520,5158,1991,1514,1496,2355,1901,1560,1575,2116,3497,3346,2690,1845,1676,3060,1257,1932,2203,2380,4562,4549,5713,4121,2397,4178,4944,1532,1710,1944,1687,1625,1575,1525,3684,2521,2026,3636,2288,1257
1462,1400,2282,2536,1236,1028,2279,1008,1236,1652,1518,1592,1123,1209,682,2427,1382,1283,1378,2004,999,1438,1150,2938,4576,1409,932,914,1773,1319,978,993,1534,2915,2764,2108,1263,1094,2478,1932,675,1621,1798,3980,3967,5131,3539,1815,3596,4362,950,1128,1362,1105,1043,993,943,3102,1939,1444,3054,1706,675
1733,1671,2553,2807,1507,1299,2550,1279,1507,1923,1789,1863,1394,1480,953,2698,1653,1554,1649,2275,1270,1709,1421,3209,4847,1680,1203,1185,2044,1590,1249,1264,1805,3186,3035,2379,1534,1365,2749,2203,1621,946,2069,4251,4238,5402,3810,2086,3867,4633,1221,1399,1633,1376,1314,1264,1214,3373,2210,1715,3325,1977,946
1910,1848,2730,2984,1684,1476,2727,1456,1684,2100,1966,2040,1571,1657,1130,2875,1830,1731,1826,2452,1447,1886,1598,3386,5024,1857,1380,1362,2221,1767,1426,1441,1982,3363,3212,2556,1711,1542,2926,2380,1798,2069,1123,4428,4415,5579,3987,2263,4044,4810,1398,1576,1810,1553,1491,1441,1391,3550,2387,1892,3502,2154,1123
4092,4030,4912,5166,3866,3658,4909,3638,3866,4282,4148,4222,3753,3839,3312,5057,4012,3913,4008,4634,3629,4068,3780,5568,7206,4039,3562,3544,4403,3949,3608,3623,4164,5545,5394,4738,3893,3724,5108,4562,3980,4251,4428,3305,6597,7761,6169,4445,6226,6992,3580,3758,3992,3735,3673,3623,3573,5732,4569,4074,5684,4336,3305
4079,4017,4899,5153,3853,3645,4896,3625,3853,4269,4135,4209,3740,3826,3299,5044,3999,3900,3995,4621,3616,4055,3767,5555,7193,4026,3549,3531,4390,3936,3595,3610,4151,5532,5381,4725,3880,3711,5095,4549,3967,4238,4415,6597,3292,7748,6156,4432,6213,6979,3567,3745,3979,3722,3660,3610,3560,5719,4556,4061,5671,4323,3292
5243,5181,6063,6317,5017,4809,6060,4789,5017,5433,5299,5373,4904,4990,4463,6208,5163,5064,5159,5785,4780,5219,4931,6719,8357,5190,4713,4695,5554,5100,4759,4774,5315,6696,6545,5889,5044,4875,6259,5713,5131,5402,5579,7761,7748,4456,7320,5596,7377,8143,4731,4909,5143,4886,4824,4774,4724,6883,5720,5225,6835,5487,4456
3651,3589,4471,4725,3425,3217,4468,3197,3425,3841,3707,3781,3312,3398,2871,4616,3571,3472,3567,4193,3188,3627,3339,5127,6765,3598,3121,3103,3962,3508,3167,3182,3723,5104,4953,4297,3452,3283,4667,4121,3539,3810,3987,6169,6156,7320,2864,4004,5785,6551,3139,3317,3551,3294,3232,3182,3132,5291,4128,3633,5243,3895,2864
1927,1865,2747,3001,1701,1493,2744,1473,1701,2117,1983,2057,1588,1674,1147,2892,1847,1748,1843,2469,1464,1903,1615,3403,5041,1874,1397,1379,2238,1784,1443,1458,1999,3380,3229,2573,1728,1559,2943,2397,1815,2086,2263,4445,4432,5596,4004,1140,4061,4827,1415,1593,1827,1570,1508,1458,1408,3567,2404,1909,3519,2171,1140
3708,3646,4528,4782,3482,3274,4525,3254,3482,3898,3764,3838,3369,3455,2928,4673,3628,3529,3624,4250,3245,3684,3396,5184,6822,3655,3178,3160,4019,3565,3224,3239,3780,5161,5010,4354,3509,3340,4724,4178,3596,3867,4044,6226,6213,7377,5785,4061,2921,6608,3196,3374,3608,3351,3289,3239,3189,5348,4185,3690,5300,3952,2921
4474,4412,5294,5548,4248,4040,5291,4020,4248,4664,4530,4604,4135,4221,3694,5439,4394,4295,4390,5016,4011,4450,4162,5950,7588,4421,3944,3926,4785,4331,3990,4005,4546,5927,5776,5120,4275,4106,5490,4944,4362,4633,4810,6992,6979,8143,6551,4827,6608,3687,3962,4140,4374,4117,4055,4005,3955,6114,4951,4456,6066,4718,3687
1062,1000,1882,2136,836,628,1879,608,836,1252,1118,1192,723,809,282,2027,982,883,978,1604,599,1038,750,2538,4176,1009,532,514,1373,919,578,593,1134,2515,2364,1708,863,694,2078,1532,950,1221,1398,3580,3567,4731,3139,1415,3196,3962,275,728,962,705,643,593,543,2702,1539,1044,2654,1306,275
1240,1178,2060,2314,1014,806,2057,786,1014,1430,1296,1370,901,987,460,2205,1160,1061,1156,1782,777,1216,928,2716,4354,1187,710,692,1551,1097,756,771,1312,2693,2542,1886,1041,872,2256,1710,1128,1399,1576,3758,3745,4909,3317,1593,3374,4140,728,453,1140,883,821,771,721,2880,1717,1222,2832,1484,453
1474,1412,2294,2548,1248,1040,2291,1020,1248,1664,1530,1604,1135,1221,694,2439,1394,1295,1390,2016,1011,1450,1162,2950,4588,1421,944,926,1785,1331,990,1005,1546,2927,2776,2120,1275,1106,2490,1944,1362,1633,1810,3992,3979,5143,3551,1827,3608,4374,962,1140,687,1117,1055,1005,955,3114,1951,1456,3066,1718,687
1217,1155,2037,2291,991,783,2034,763,991,1407,1273,1347,878,964,437,2182,1137,1038,1133,1759,754,1193,905,2693,4331,1164,687,669,1528,1074,733,748,1289,2670,2519,1863,1018,849,2233,1687,1105,1376,1553,3735,3722,4886,3294,1570,3351,4117,705,883,1117,430,798,748,698,2857,1694,1199,2809,1461,430
1155,1093,1975,2229,929,721,1972,701,929,1345,1211,1285,816,902,375,2120,1075,976,1071,1697,692,1131,843,2631,4269,1102,625,607,1466,1012,671,686,1227,2608,2457,1801,956,787,2171,1625,1043,1314,1491,3673,3660,4824,3232,1508,3289,4055,643,821,1055,798,368,686,636,2795,1632,1137,2747,1399,368
1105,1043,1925,2179,879,671,1922,651,879,1295,1161,1235,766,852,325,2070,1025,926,1021,1647,642,1081,793,2581,4219,1052,575,557,1416,962,621,636,1177,2558,2407,1751,906,737,2121,1575,993,1264,1441,3623,3610,4774,3182,1458,3239,4005,593,771,1005,748,686,318,586,2745,1582,1087,2697,1349,318
1055,993,1875,2129,829,621,1872,601,829,1245,1111,1185,716,802,275,2020,975,876,971,1597,592,1031,743,2531,4169,1002,525,507,1366,912,571,586,1127,2508,2357,1701,856,687,2071,1525,943,1214,1391,3573,3560,4724,3132,1408,3189,3955,543,721,955,698,636,586,268,2695,1532,1037,2647,1299,268
3214,3152,4034,4288,2988,2780,4031,2760,2988,3404,3270,3344,2875,2961,2434,4179,3134,3035,3130,3756,2751,3190,2902,4690,6328,3161,2684,2666,3525,3071,2730,2745,3286,4667,4516,3860,3015,2846,4230,3684,3102,3373,3550,5732,5719,6883,5291,3567,5348,6114,2702,2880,3114,2857,2795,2745,2695,2427,3691,3196,4806,3458,2427
2051,1989,2871,3125,1825,1617,2868,1597,1825,2241,2107,2181,1712,1798,1271,3016,1971,1872,1967,2593,1588,2027,1739,3527,5165,1998,1521,1503,2362,1908,1567,1582,2123,3504,3353,2697,1852,1683,3067,2521,1939,2210,2387,4569,4556,5720,4128,2404,4185,4951,1539,1717,1951,1694,1632,1582,1532,3691,1264,2033,3643,2295,1264
1556,1494,2376,2630,1330,1122,2373,1102,1330,1746,1612,1686,1217,1303,776,2521,1476,1377,1472,2098,1093,1532,1244,3032,4670,1503,1026,1008,1867,1413,1072,1087,1628,3009,2858,2202,1357,1188,2572,2026,1444,1715,1892,4074,4061,5225,3633,1909,3690,4456,1044,1222,1456,1199,1137,1087,1037,3196,2033,769,3148,1800,769
3166,3104,3986,4240,2940,2732,3983,2712,2940,3356,3222,3296,2827,2913,2386,4131,3086,2987,3082,3708,2703,3142,2854,4642,6280,3113,2636,2618,3477,3023,2682,2697,3238,4619,4468,3812,2967,2798,4182,3636,3054,3325,3502,5684,5671,6835,5243,3519,5300,6066,2654,2832,3066,2809,2747,2697,2647,4806,3643,3148,2379,3410,2379
1818,1756,2638,2892,1592,1384,2635,1364,1592,2008,1874,1948,1479,1565,1038,2783,1738,1639,1734,2360,1355,1794,1506,3294,4932,1765,1288,1270,2129,1675,1334,1349,1890,3271,3120,2464,1619,1450,2834,2288,1706,1977,2154,4336,4323,5487,3895,2171,3952,4718,1306,1484,1718,1461,1399,1349,1299,3458,2295,1800,3410,1031,1031
787,725,1607,1861,561,353,1604,333,561,977,843,917,448,534,7,1752,707,608,703,1329,324,763,475,2263,3901,734,257,239,1098,644,303,318,859,2240,2089,1433,588,419,1803,1257,675,946,1123,3305,3292,4456,2864,1140,2921,3687,275,453,687,430,368,318,268,2427,1264,769,2379,1031,0
