4342,822,976,300,506,186,112,124
822,6053,2366,974,1510,896,896,570
976,2366,8248,2532,2446,1484,890,1312
300,974,2532,3320,1008,678,800,298
506,1510,2446,1008,5973,1038,586,312
186,896,1484,678,1038,2453,642,234
112,896,890,800,586,642,1492,222
124,570,1312,298,312,234,222,2170
