4577,2264,1096,1608,720,410,630
2264,4837,824,1402,338,700,398
1096,824,2102,1102,192,176,284
1608,1402,1102,4429,358,428,962
720,338,192,358,3261,556,1098
410,700,176,428,556,3316,564
630,398,284,962,1098,564,4484
