1.00000000,0.24049288,0.16409642,0.17854763,0.09186017,0.05194476,0.06952875
0.24049288,1.00000000,0.11874910,0.15130585,0.04173870,0.08585797,0.04269928
0.16409642,0.11874910,1.00000000,0.16873373,0.03580086,0.03248431,0.04312177
0.17854763,0.15130585,0.16873373,1.00000000,0.04655397,0.05526146,0.10793223
0.09186017,0.04173870,0.03580086,0.04655397,1.00000000,0.08453702,0.14176888
0.05194476,0.08585797,0.03248431,0.05526146,0.08453702,1.00000000,0.07230769
0.06952875,0.04269928,0.04312177,0.10793223,0.14176888,0.07230769,1.00000000
