4577,9414,6679,9006,7838,7893,9061
9414,4837,6939,9266,8098,8153,9321
6679,6939,2102,6531,5363,5418,6586
9006,9266,6531,4429,7690,7745,8913
7838,8098,5363,7690,3261,6577,7745
7893,8153,5418,7745,6577,3316,7800
9061,9321,6586,8913,7745,7800,4484
